#         t         u1         u2         u3        s11        s12        s13        s22        s23        s33
 0.0000e+00  0.000e+00  0.000e+00  0.000e+00  0.000e+00  0.000e+00  0.000e+00  0.000e+00  0.000e+00  0.000e+00
 2.5350e-01  6.700e-05 -2.430e-03 -1.500e-04 -8.000e-04  2.260e-03 -1.500e-06 -2.700e-03 -5.000e-06 -2.900e-05
 5.1280e-01  1.230e-04 -4.470e-03 -2.900e-04 -1.470e-03  4.160e-03 -2.700e-06 -5.000e-03 -1.000e-05 -5.300e-05
 7.7250e-01  1.680e-04 -6.180e-03 -4.100e-04 -2.020e-03  5.740e-03 -3.600e-06 -6.900e-03 -1.500e-05 -7.300e-05
 1.0350e+00  2.070e-04 -7.640e-03 -5.200e-04 -2.490e-03  7.090e-03 -4.400e-06 -8.500e-03 -1.900e-05 -9.000e-05
 1.2980e+00  2.400e-04 -8.890e-03 -6.200e-04 -2.880e-03  8.240e-03 -5.100e-06 -9.900e-03 -2.200e-05 -1.050e-04
 1.5620e+00  2.680e-04 -9.980e-03 -7.000e-04 -3.220e-03  9.230e-03 -5.600e-06 -1.110e-02 -2.500e-05 -1.180e-04
 1.8270e+00  2.910e-04 -1.092e-02 -7.800e-04 -3.510e-03  1.010e-02 -6.100e-06 -1.210e-02 -2.800e-05 -1.290e-04
 2.0910e+00  3.120e-04 -1.177e-02 -8.400e-04 -3.760e-03  1.086e-02 -6.600e-06 -1.300e-02 -3.100e-05 -1.380e-04
 2.3580e+00  3.300e-04 -1.253e-02 -9.100e-04 -3.980e-03  1.155e-02 -6.900e-06 -1.390e-02 -3.300e-05 -1.470e-04
 2.6240e+00  3.460e-04 -1.321e-02 -9.700e-04 -4.170e-03  1.217e-02 -7.200e-06 -1.460e-02 -3.500e-05 -1.550e-04
 2.8910e+00  3.590e-04 -1.382e-02 -1.020e-03 -4.340e-03  1.273e-02 -7.500e-06 -1.530e-02 -3.800e-05 -1.620e-04
 3.1570e+00  3.700e-04 -1.437e-02 -1.080e-03 -4.480e-03  1.325e-02 -7.700e-06 -1.590e-02 -3.900e-05 -1.680e-04
