#         t         u1         u2         u3        s11        s12        s13        s22        s23        s33
 0.0000e+00  0.000e+00  0.000e+00  0.000e+00  0.000e+00  0.000e+00  0.000e+00  0.000e+00  0.000e+00  0.000e+00
 2.5350e-01  4.100e-05 -7.100e-04  6.900e-05 -1.260e-04  3.340e-04 -5.900e-07 -6.700e-04  1.610e-06 -1.120e-05
 5.1280e-01  7.500e-05 -1.320e-03  1.250e-04 -2.310e-04  6.180e-04 -1.100e-06 -1.230e-03  2.920e-06 -2.070e-05
 7.7250e-01  1.040e-04 -1.830e-03  1.700e-04 -3.200e-04  8.570e-04 -1.540e-06 -1.710e-03  4.140e-06 -2.860e-05
 1.0350e+00  1.290e-04 -2.270e-03  2.070e-04 -3.950e-04  1.062e-03 -1.910e-06 -2.110e-03  5.110e-06 -3.540e-05
 1.2980e+00  1.510e-04 -2.640e-03  2.390e-04 -4.600e-04  1.239e-03 -2.220e-06 -2.460e-03  5.980e-06 -4.130e-05
 1.5620e+00  1.700e-04 -2.970e-03  2.660e-04 -5.160e-04  1.392e-03 -2.490e-06 -2.760e-03  6.700e-06 -4.640e-05
 1.8270e+00  1.860e-04 -3.250e-03  2.890e-04 -5.650e-04  1.525e-03 -2.720e-06 -3.020e-03  7.340e-06 -5.080e-05
 2.0910e+00  2.010e-04 -3.500e-03  3.100e-04 -6.070e-04  1.643e-03 -2.930e-06 -3.260e-03  7.950e-06 -5.460e-05
 2.3580e+00  2.140e-04 -3.730e-03  3.280e-04 -6.460e-04  1.750e-03 -3.110e-06 -3.470e-03  8.430e-06 -5.810e-05
 2.6240e+00  2.250e-04 -3.930e-03  3.440e-04 -6.800e-04  1.846e-03 -3.270e-06 -3.660e-03  8.900e-06 -6.120e-05
 2.8910e+00  2.350e-04 -4.110e-03  3.580e-04 -7.100e-04  1.932e-03 -3.410e-06 -3.820e-03  9.220e-06 -6.400e-05
 3.1570e+00  2.430e-04 -4.270e-03  3.690e-04 -7.360e-04  2.010e-03 -3.550e-06 -3.980e-03  9.590e-06 -6.650e-05
