#         t         u1         u2         u3        s11        s12        s13        s22        s23        s33
 0.0000e+00  0.000e+00  0.000e+00  0.000e+00  0.000e+00  0.000e+00  0.000e+00  0.000e+00  0.000e+00  0.000e+00
 2.5350e-01 -1.430e-03  2.710e-04  9.600e-05 -8.540e-04 -1.690e-03  9.600e-06  3.460e-03 -3.200e-06  2.610e-05
 5.1280e-01 -2.650e-03  5.030e-04  1.810e-04 -1.583e-03 -3.110e-03  1.750e-05  6.370e-03 -5.500e-06  4.800e-05
 7.7250e-01 -3.660e-03  6.990e-04  2.550e-04 -2.198e-03 -4.310e-03  2.420e-05  8.810e-03 -7.000e-06  6.640e-05
 1.0350e+00 -4.530e-03  8.700e-04  3.200e-04 -2.730e-03 -5.340e-03  3.000e-05  1.090e-02 -8.100e-06  8.230e-05
 1.2980e+00 -5.280e-03  1.017e-03  3.780e-04 -3.188e-03 -6.220e-03  3.500e-05  1.269e-02 -8.900e-06  9.580e-05
 1.5620e+00 -5.920e-03  1.145e-03  4.300e-04 -3.587e-03 -6.990e-03  3.920e-05  1.425e-02 -9.300e-06  1.075e-04
 1.8270e+00 -6.490e-03  1.259e-03  4.770e-04 -3.934e-03 -7.660e-03  4.300e-05  1.561e-02 -9.700e-06  1.179e-04
 2.0910e+00 -6.990e-03  1.361e-03  5.210e-04 -4.248e-03 -8.270e-03  4.620e-05  1.682e-02 -1.000e-05  1.272e-04
 2.3580e+00 -7.440e-03  1.455e-03  5.620e-04 -4.531e-03 -8.810e-03  4.930e-05  1.792e-02 -1.010e-05  1.356e-04
 2.6240e+00 -7.850e-03  1.541e-03  6.000e-04 -4.784e-03 -9.300e-03  5.210e-05  1.890e-02 -1.010e-05  1.433e-04
 2.8910e+00 -8.210e-03  1.621e-03  6.340e-04 -5.006e-03 -9.750e-03  5.460e-05  1.979e-02 -1.020e-05  1.503e-04
 3.1570e+00 -8.540e-03  1.698e-03  6.650e-04 -5.193e-03 -1.015e-02  5.700e-05  2.061e-02 -1.040e-05  1.569e-04
