#         t         u1         u2         u3        s11        s12        s13        s22        s23        s33
 0.0000e+00  0.000e+00  0.000e+00  0.000e+00  0.000e+00  0.000e+00  0.000e+00  0.000e+00  0.000e+00  0.000e+00
 2.5350e-01 -6.100e-03  8.500e-04  1.380e-03  1.120e-02 -1.640e-03 -8.800e-05 -1.000e-03 -2.930e-05  9.600e-05
 5.1280e-01 -1.120e-02  1.570e-03  2.550e-03  2.040e-02 -2.960e-03 -1.580e-04 -1.800e-03 -5.440e-05  1.780e-04
 7.7250e-01 -1.540e-02  2.160e-03  3.530e-03  2.790e-02 -4.010e-03 -2.170e-04 -2.420e-03 -7.600e-05  2.450e-04
 1.0350e+00 -1.900e-02  2.660e-03  4.370e-03  3.420e-02 -4.880e-03 -2.680e-04 -2.940e-03 -9.480e-05  3.030e-04
 1.2980e+00 -2.210e-02  3.080e-03  5.090e-03  3.950e-02 -5.590e-03 -3.100e-04 -3.370e-03 -1.112e-04  3.520e-04
 1.5620e+00 -2.470e-02  3.450e-03  5.720e-03  4.400e-02 -6.180e-03 -3.460e-04 -3.720e-03 -1.255e-04  3.940e-04
 1.8270e+00 -2.700e-02  3.760e-03  6.270e-03  4.800e-02 -6.670e-03 -3.750e-04 -4.010e-03 -1.382e-04  4.320e-04
 2.0910e+00 -2.910e-02  4.040e-03  6.760e-03  5.150e-02 -7.100e-03 -4.000e-04 -4.280e-03 -1.490e-04  4.670e-04
 2.3580e+00 -3.090e-02  4.300e-03  7.210e-03  5.460e-02 -7.480e-03 -4.260e-04 -4.510e-03 -1.581e-04  4.980e-04
 2.6240e+00 -3.250e-02  4.520e-03  7.620e-03  5.740e-02 -7.810e-03 -4.440e-04 -4.730e-03 -1.677e-04  5.290e-04
 2.8910e+00 -3.400e-02  4.720e-03  8.000e-03  5.990e-02 -8.090e-03 -4.500e-04 -4.920e-03 -1.744e-04  5.840e-04
 3.1570e+00 -3.530e-02  4.900e-03  8.360e-03  6.240e-02 -8.370e-03 -4.790e-04 -5.130e-03 -1.818e-04  6.000e-04
