#         t         u1         u2         u3        s11        s12        s13        s22        s23        s33
 0.0000e+00  0.000e+00  0.000e+00  0.000e+00  0.000e+00  0.000e+00  0.000e+00  0.000e+00  0.000e+00  0.000e+00
 2.7740e-08  0.000e+00 -2.000e-06  0.000e+00 -4.000e-06  0.000e+00 -1.000e-07  1.000e-05  0.000e+00  0.000e+00
 6.7460e-08  0.000e+00 -3.000e-06  1.000e-06 -9.000e-06  0.000e+00 -1.000e-07  1.000e-05  0.000e+00  0.000e+00
 1.2390e-07 -1.000e-05 -5.000e-06  1.000e-06 -1.700e-05 -1.000e-05 -2.000e-07  2.000e-05  0.000e+00 -1.000e-07
 2.0340e-07 -1.000e-05 -7.000e-06  1.000e-06 -2.600e-05 -2.000e-05 -2.000e-07  4.000e-05 -1.000e-07 -1.000e-07
 3.1120e-07 -2.000e-05 -1.000e-05  2.000e-06 -3.900e-05 -2.000e-05 -2.000e-07  6.000e-05 -1.000e-07 -1.000e-07
 4.5390e-07 -4.000e-05 -1.300e-05  2.000e-06 -5.400e-05 -3.000e-05 -2.000e-07  8.000e-05 -1.000e-07 -2.000e-07
 6.4240e-07 -5.000e-05 -1.700e-05  2.000e-06 -7.300e-05 -5.000e-05 -4.000e-07  1.100e-04 -1.000e-07 -2.000e-07
 8.9100e-07 -7.000e-05 -2.100e-05  2.000e-06 -9.500e-05 -6.000e-05 -5.000e-07  1.500e-04 -2.000e-07 -2.000e-07
 1.2190e-06 -9.000e-05 -2.500e-05  1.000e-06 -1.220e-04 -8.000e-05 -6.000e-07  2.000e-04 -2.000e-07 -2.000e-07
 1.6500e-06 -1.200e-04 -3.100e-05  0.000e+00 -1.550e-04 -1.100e-04 -7.000e-07  2.600e-04 -3.000e-07 -2.000e-07
 2.2180e-06 -1.500e-04 -3.700e-05 -1.000e-06 -1.920e-04 -1.300e-04 -8.000e-07  3.300e-04 -4.000e-07 -1.000e-07
 2.9620e-06 -1.800e-04 -4.300e-05 -3.000e-06 -2.360e-04 -1.700e-04 -1.000e-06  4.100e-04 -5.000e-07  0.000e+00
 3.9390e-06 -2.200e-04 -5.000e-05 -5.000e-06 -2.870e-04 -2.100e-04 -1.100e-06  5.100e-04 -7.000e-07  1.000e-07
 5.2220e-06 -2.700e-04 -5.700e-05 -7.000e-06 -3.450e-04 -2.500e-04 -1.200e-06  6.300e-04 -9.000e-07  2.000e-07
 6.9060e-06 -3.300e-04 -6.500e-05 -1.100e-05 -4.120e-04 -3.000e-04 -1.400e-06  7.600e-04 -1.100e-06  5.000e-07
 9.1210e-06 -3.900e-04 -7.300e-05 -1.500e-05 -4.870e-04 -3.600e-04 -1.600e-06  9.100e-04 -1.400e-06  7.000e-07
 1.2030e-05 -4.600e-04 -8.200e-05 -1.900e-05 -5.720e-04 -4.300e-04 -1.800e-06  1.090e-03 -1.800e-06  1.000e-06
 1.5830e-05 -5.300e-04 -9.000e-05 -2.400e-05 -6.670e-04 -5.000e-04 -2.100e-06  1.290e-03 -2.100e-06  1.300e-06
 2.0810e-05 -6.200e-04 -9.900e-05 -3.000e-05 -7.730e-04 -5.900e-04 -2.300e-06  1.510e-03 -2.600e-06  1.600e-06
 2.7330e-05 -7.100e-04 -1.080e-04 -3.600e-05 -8.910e-04 -6.800e-04 -2.600e-06  1.750e-03 -3.100e-06  2.100e-06
 3.5820e-05 -8.000e-04 -1.160e-04 -4.200e-05 -1.020e-03 -7.800e-04 -2.900e-06  2.020e-03 -3.600e-06  2.600e-06
 4.6840e-05 -9.100e-04 -1.240e-04 -4.900e-05 -1.161e-03 -8.800e-04 -3.200e-06  2.310e-03 -4.300e-06  3.200e-06
 6.0850e-05 -1.010e-03 -1.320e-04 -5.600e-05 -1.311e-03 -1.000e-03 -3.500e-06  2.610e-03 -5.000e-06  3.900e-06
 7.8130e-05 -1.120e-03 -1.390e-04 -6.200e-05 -1.468e-03 -1.110e-03 -3.900e-06  2.930e-03 -5.700e-06  4.600e-06
 9.9300e-05 -1.220e-03 -1.440e-04 -6.800e-05 -1.630e-03 -1.230e-03 -4.200e-06  3.250e-03 -6.500e-06  5.300e-06
 1.2510e-04 -1.330e-03 -1.490e-04 -7.300e-05 -1.797e-03 -1.360e-03 -4.500e-06  3.590e-03 -7.400e-06  6.100e-06
 1.5620e-04 -1.430e-03 -1.520e-04 -7.800e-05 -1.969e-03 -1.480e-03 -4.800e-06  3.930e-03 -8.300e-06  6.800e-06
 1.9380e-04 -1.540e-03 -1.540e-04 -8.200e-05 -2.146e-03 -1.610e-03 -5.100e-06  4.270e-03 -9.300e-06  7.700e-06
 2.3870e-04 -1.640e-03 -1.530e-04 -8.500e-05 -2.327e-03 -1.740e-03 -5.500e-06  4.630e-03 -1.040e-05  8.500e-06
 2.9220e-04 -1.740e-03 -1.510e-04 -8.800e-05 -2.513e-03 -1.870e-03 -5.800e-06  4.990e-03 -1.150e-05  9.400e-06
 3.5580e-04 -1.840e-03 -1.470e-04 -9.000e-05 -2.702e-03 -2.010e-03 -6.200e-06  5.350e-03 -1.280e-05  1.030e-05
 4.3100e-04 -1.940e-03 -1.410e-04 -9.200e-05 -2.895e-03 -2.150e-03 -6.400e-06  5.720e-03 -1.410e-05  1.130e-05
 5.1960e-04 -2.030e-03 -1.330e-04 -9.200e-05 -3.092e-03 -2.290e-03 -6.700e-06  6.100e-03 -1.550e-05  1.240e-05
 6.2370e-04 -2.120e-03 -1.210e-04 -9.100e-05 -3.293e-03 -2.440e-03 -6.900e-06  6.490e-03 -1.700e-05  1.360e-05
 7.4580e-04 -2.220e-03 -1.080e-04 -9.000e-05 -3.497e-03 -2.590e-03 -7.200e-06  6.880e-03 -1.860e-05  1.480e-05
 8.8830e-04 -2.300e-03 -9.100e-05 -8.800e-05 -3.706e-03 -2.740e-03 -7.400e-06  7.280e-03 -2.020e-05  1.620e-05
 1.0550e-03 -2.390e-03 -7.200e-05 -8.500e-05 -3.917e-03 -2.900e-03 -7.500e-06  7.690e-03 -2.210e-05  1.770e-05
 1.2480e-03 -2.470e-03 -5.000e-05 -8.000e-05 -4.133e-03 -3.060e-03 -7.600e-06  8.100e-03 -2.400e-05  1.920e-05
 1.4720e-03 -2.560e-03 -2.400e-05 -7.500e-05 -4.353e-03 -3.220e-03 -7.700e-06  8.530e-03 -2.600e-05  2.080e-05
 1.7310e-03 -2.640e-03  4.000e-06 -6.900e-05 -4.576e-03 -3.390e-03 -7.800e-06  8.960e-03 -2.820e-05  2.250e-05
 2.0290e-03 -2.710e-03  3.600e-05 -6.200e-05 -4.802e-03 -3.570e-03 -7.900e-06  9.390e-03 -3.050e-05  2.430e-05
 2.3690e-03 -2.790e-03  7.100e-05 -5.400e-05 -5.031e-03 -3.740e-03 -8.000e-06  9.840e-03 -3.290e-05  2.630e-05
 2.7570e-03 -2.860e-03  1.080e-04 -4.500e-05 -5.262e-03 -3.920e-03 -8.000e-06  1.029e-02 -3.540e-05  2.830e-05
 3.1980e-03 -2.930e-03  1.500e-04 -3.400e-05 -5.495e-03 -4.110e-03 -7.900e-06  1.074e-02 -3.810e-05  3.050e-05
 3.6990e-03 -2.990e-03  1.940e-04 -2.300e-05 -5.731e-03 -4.300e-03 -7.900e-06  1.120e-02 -4.090e-05  3.280e-05
 4.2650e-03 -3.060e-03  2.410e-04 -1.100e-05 -5.969e-03 -4.490e-03 -7.800e-06  1.167e-02 -4.380e-05  3.520e-05
 4.9030e-03 -3.120e-03  2.920e-04  2.000e-06 -6.210e-03 -4.680e-03 -7.700e-06  1.215e-02 -4.690e-05  3.770e-05
 5.6220e-03 -3.170e-03  3.450e-04  1.700e-05 -6.452e-03 -4.880e-03 -7.500e-06  1.263e-02 -5.000e-05  4.030e-05
 6.4280e-03 -3.230e-03  4.020e-04  3.200e-05 -6.696e-03 -5.090e-03 -7.300e-06  1.313e-02 -5.330e-05  4.310e-05
 7.3320e-03 -3.280e-03  4.630e-04  4.800e-05 -6.943e-03 -5.300e-03 -7.200e-06  1.363e-02 -5.680e-05  4.600e-05
 8.3430e-03 -3.330e-03  5.260e-04  6.600e-05 -7.191e-03 -5.510e-03 -7.000e-06  1.413e-02 -6.040e-05  4.910e-05
 9.4730e-03 -3.380e-03  5.930e-04  8.500e-05 -7.442e-03 -5.730e-03 -6.700e-06  1.465e-02 -6.410e-05  5.220e-05
 1.0730e-02 -3.430e-03  6.630e-04  1.040e-04 -7.694e-03 -5.950e-03 -6.400e-06  1.518e-02 -6.790e-05  5.550e-05
 1.2130e-02 -3.470e-03  7.360e-04  1.250e-04 -7.949e-03 -6.180e-03 -6.000e-06  1.572e-02 -7.190e-05  5.900e-05
 1.3690e-02 -3.510e-03  8.130e-04  1.480e-04 -8.205e-03 -6.420e-03 -5.600e-06  1.627e-02 -7.600e-05  6.250e-05
 1.5420e-02 -3.550e-03  8.930e-04  1.710e-04 -8.463e-03 -6.650e-03 -5.100e-06  1.683e-02 -8.020e-05  6.640e-05
 1.7330e-02 -3.590e-03  9.770e-04  1.960e-04 -8.723e-03 -6.900e-03 -4.600e-06  1.740e-02 -8.460e-05  7.040e-05
 1.9450e-02 -3.630e-03  1.064e-03  2.220e-04 -8.986e-03 -7.150e-03 -4.000e-06  1.798e-02 -8.910e-05  7.450e-05
 2.1780e-02 -3.670e-03  1.154e-03  2.490e-04 -9.246e-03 -7.400e-03 -3.400e-06  1.857e-02 -9.370e-05  7.880e-05
 2.4360e-02 -3.700e-03  1.248e-03  2.780e-04 -9.516e-03 -7.660e-03 -2.800e-06  1.918e-02 -9.840e-05  8.330e-05
 2.7210e-02 -3.740e-03  1.345e-03  3.080e-04 -9.776e-03 -7.930e-03 -2.100e-06  1.980e-02 -1.032e-04  8.800e-05
 3.0330e-02 -3.770e-03  1.447e-03  3.390e-04 -1.005e-02 -8.200e-03 -1.300e-06  2.043e-02 -1.081e-04  9.290e-05
 3.3770e-02 -3.810e-03  1.551e-03  3.720e-04 -1.032e-02 -8.480e-03 -6.000e-07  2.107e-02 -1.130e-04  9.790e-05
 3.7540e-02 -3.840e-03  1.659e-03  4.070e-04 -1.059e-02 -8.760e-03  2.000e-07  2.173e-02 -1.181e-04  1.031e-04
 4.1680e-02 -3.870e-03  1.771e-03  4.430e-04 -1.086e-02 -9.050e-03  1.100e-06  2.240e-02 -1.233e-04  1.085e-04
 4.6170e-02 -3.900e-03  1.886e-03  4.810e-04 -1.113e-02 -9.340e-03  2.000e-06  2.308e-02 -1.285e-04  1.141e-04
 5.1050e-02 -3.930e-03  2.004e-03  5.190e-04 -1.140e-02 -9.640e-03  3.000e-06  2.377e-02 -1.337e-04  1.199e-04
 5.6330e-02 -3.960e-03  2.124e-03  5.600e-04 -1.167e-02 -9.940e-03  4.000e-06  2.447e-02 -1.389e-04  1.257e-04
 6.2040e-02 -4.000e-03  2.247e-03  6.010e-04 -1.194e-02 -1.024e-02  5.100e-06  2.517e-02 -1.441e-04  1.317e-04
 6.8200e-02 -4.030e-03  2.372e-03  6.440e-04 -1.221e-02 -1.054e-02  6.100e-06  2.588e-02 -1.493e-04  1.379e-04
 7.4840e-02 -4.060e-03  2.500e-03  6.890e-04 -1.247e-02 -1.085e-02  7.300e-06  2.661e-02 -1.544e-04  1.442e-04
 8.1990e-02 -4.090e-03  2.631e-03  7.340e-04 -1.274e-02 -1.116e-02  8.500e-06  2.734e-02 -1.596e-04  1.506e-04
 8.9690e-02 -4.120e-03  2.764e-03  7.820e-04 -1.300e-02 -1.147e-02  9.800e-06  2.807e-02 -1.647e-04  1.572e-04
 9.7950e-02 -4.150e-03  2.899e-03  8.300e-04 -1.326e-02 -1.178e-02  1.120e-05  2.882e-02 -1.697e-04  1.640e-04
 1.0680e-01 -4.180e-03  3.037e-03  8.800e-04 -1.353e-02 -1.210e-02  1.250e-05  2.957e-02 -1.746e-04  1.708e-04
 1.1630e-01 -4.220e-03  3.178e-03  9.320e-04 -1.379e-02 -1.242e-02  1.390e-05  3.033e-02 -1.795e-04  1.778e-04
 1.2650e-01 -4.250e-03  3.321e-03  9.850e-04 -1.405e-02 -1.274e-02  1.540e-05  3.107e-02 -1.843e-04  1.850e-04
 1.3740e-01 -4.280e-03  3.466e-03  1.040e-03 -1.431e-02 -1.306e-02  1.690e-05  3.187e-02 -1.890e-04  1.922e-04
 1.4910e-01 -4.320e-03  3.614e-03  1.096e-03 -1.457e-02 -1.338e-02  1.840e-05  3.267e-02 -1.936e-04  1.996e-04
 1.6150e-01 -4.350e-03  3.764e-03  1.153e-03 -1.483e-02 -1.371e-02  2.000e-05  3.347e-02 -1.981e-04  2.070e-04
 1.7480e-01 -4.390e-03  3.916e-03  1.212e-03 -1.508e-02 -1.404e-02  2.170e-05  3.427e-02 -2.024e-04  2.146e-04
 1.8890e-01 -4.430e-03  4.071e-03  1.273e-03 -1.534e-02 -1.437e-02  2.340e-05  3.507e-02 -2.067e-04  2.222e-04
 2.0400e-01 -4.470e-03  4.227e-03  1.335e-03 -1.560e-02 -1.469e-02  2.510e-05  3.587e-02 -2.107e-04  2.299e-04
 2.2000e-01 -4.500e-03  4.386e-03  1.399e-03 -1.585e-02 -1.503e-02  2.700e-05  3.667e-02 -2.147e-04  2.377e-04
 2.3700e-01 -4.540e-03  4.547e-03  1.464e-03 -1.611e-02 -1.536e-02  2.890e-05  3.747e-02 -2.184e-04  2.456e-04
 2.5520e-01 -4.580e-03  4.710e-03  1.531e-03 -1.636e-02 -1.569e-02  3.080e-05  3.827e-02 -2.220e-04  2.536e-04
 2.7440e-01 -4.630e-03  4.875e-03  1.600e-03 -1.662e-02 -1.602e-02  3.290e-05  3.907e-02 -2.254e-04  2.616e-04
 2.9480e-01 -4.670e-03  5.042e-03  1.670e-03 -1.687e-02 -1.636e-02  3.490e-05  3.997e-02 -2.286e-04  2.697e-04
 3.1640e-01 -4.710e-03  5.210e-03  1.741e-03 -1.712e-02 -1.669e-02  3.690e-05  4.077e-02 -2.316e-04  2.778e-04
 3.3920e-01 -4.760e-03  5.381e-03  1.814e-03 -1.738e-02 -1.702e-02  3.900e-05  4.157e-02 -2.345e-04  2.861e-04
 3.6340e-01 -4.800e-03  5.552e-03  1.888e-03 -1.763e-02 -1.736e-02  4.110e-05  4.237e-02 -2.371e-04  2.943e-04
 3.8880e-01 -4.850e-03  5.725e-03  1.964e-03 -1.788e-02 -1.769e-02  4.330e-05  4.327e-02 -2.394e-04  3.023e-04
 4.1560e-01 -4.890e-03  5.899e-03  2.041e-03 -1.813e-02 -1.802e-02  4.550e-05  4.407e-02 -2.416e-04  3.105e-04
 4.4380e-01 -4.940e-03  6.074e-03  2.119e-03 -1.838e-02 -1.835e-02  4.790e-05  4.487e-02 -2.435e-04  3.187e-04
 4.7350e-01 -4.990e-03  6.250e-03  2.198e-03 -1.863e-02 -1.868e-02  5.030e-05  4.577e-02 -2.453e-04  3.267e-04
 5.0470e-01 -5.040e-03  6.427e-03  2.279e-03 -1.887e-02 -1.900e-02  5.270e-05  4.657e-02 -2.468e-04  3.349e-04
 5.3740e-01 -5.090e-03  6.605e-03  2.360e-03 -1.912e-02 -1.933e-02  5.520e-05  4.737e-02 -2.480e-04  3.429e-04
 5.7180e-01 -5.140e-03  6.784e-03  2.443e-03 -1.937e-02 -1.965e-02  5.780e-05  4.817e-02 -2.491e-04  3.509e-04
 6.0790e-01 -5.190e-03  6.963e-03  2.527e-03 -1.961e-02 -1.998e-02  6.040e-05  4.897e-02 -2.499e-04  3.589e-04
 6.4570e-01 -5.240e-03  7.143e-03  2.612e-03 -1.985e-02 -2.030e-02  6.310e-05  4.987e-02 -2.505e-04  3.668e-04
 6.8540e-01 -5.300e-03  7.324e-03  2.698e-03 -2.010e-02 -2.062e-02  6.590e-05  5.067e-02 -2.509e-04  3.746e-04
 7.2680e-01 -5.350e-03  7.505e-03  2.785e-03 -2.034e-02 -2.094e-02  6.870e-05  5.147e-02 -2.511e-04  3.824e-04
 7.7020e-01 -5.400e-03  7.687e-03  2.874e-03 -2.058e-02 -2.125e-02  7.170e-05  5.227e-02 -2.510e-04  3.901e-04
 8.1550e-01 -5.460e-03  7.869e-03  2.963e-03 -2.082e-02 -2.157e-02  7.470e-05  5.307e-02 -2.507e-04  3.978e-04
 8.6290e-01 -5.510e-03  8.052e-03  3.053e-03 -2.106e-02 -2.188e-02  7.780e-05  5.387e-02 -2.503e-04  4.053e-04
 9.1240e-01 -5.570e-03  8.235e-03  3.144e-03 -2.130e-02 -2.219e-02  8.070e-05  5.467e-02 -2.496e-04  4.124e-04
 9.6400e-01 -5.630e-03  8.418e-03  3.236e-03 -2.154e-02 -2.250e-02  8.380e-05  5.537e-02 -2.487e-04  4.204e-04
 1.0180e+00 -5.680e-03  8.602e-03  3.329e-03 -2.177e-02 -2.281e-02  8.710e-05  5.617e-02 -2.476e-04  4.274e-04
 1.0740e+00 -5.740e-03  8.785e-03  3.423e-03 -2.201e-02 -2.311e-02  9.020e-05  5.697e-02 -2.463e-04  4.344e-04
 1.1330e+00 -5.800e-03  8.969e-03  3.517e-03 -2.224e-02 -2.342e-02  9.360e-05  5.777e-02 -2.448e-04  4.414e-04
 1.1940e+00 -5.860e-03  9.153e-03  3.613e-03 -2.248e-02 -2.372e-02  9.680e-05  5.847e-02 -2.431e-04  4.484e-04
 1.2570e+00 -5.920e-03  9.337e-03  3.709e-03 -2.271e-02 -2.402e-02  1.001e-04  5.927e-02 -2.413e-04  4.554e-04
 1.3230e+00 -5.980e-03  9.521e-03  3.806e-03 -2.294e-02 -2.432e-02  1.037e-04  5.997e-02 -2.393e-04  4.624e-04
 1.3920e+00 -6.040e-03  9.705e-03  3.903e-03 -2.318e-02 -2.461e-02  1.073e-04  6.077e-02 -2.371e-04  4.694e-04
 1.4630e+00 -6.110e-03  9.890e-03  4.002e-03 -2.341e-02 -2.491e-02  1.109e-04  6.147e-02 -2.347e-04  4.754e-04
 1.5380e+00 -6.170e-03  1.007e-02  4.101e-03 -2.364e-02 -2.520e-02  1.145e-04  6.217e-02 -2.322e-04  4.824e-04
 1.6150e+00 -6.230e-03  1.026e-02  4.201e-03 -2.387e-02 -2.549e-02  1.183e-04  6.297e-02 -2.295e-04  4.884e-04
 1.6950e+00 -6.300e-03  1.044e-02  4.301e-03 -2.409e-02 -2.578e-02  1.220e-04  6.367e-02 -2.267e-04  4.954e-04
 1.7790e+00 -6.360e-03  1.062e-02  4.402e-03 -2.432e-02 -2.607e-02  1.258e-04  6.437e-02 -2.237e-04  5.014e-04
 1.8650e+00 -6.430e-03  1.081e-02  4.504e-03 -2.455e-02 -2.636e-02  1.297e-04  6.507e-02 -2.206e-04  5.074e-04
 1.9550e+00 -6.490e-03  1.099e-02  4.607e-03 -2.478e-02 -2.664e-02  1.336e-04  6.577e-02 -2.173e-04  5.134e-04
 2.0480e+00 -6.560e-03  1.118e-02  4.709e-03 -2.500e-02 -2.693e-02  1.375e-04  6.647e-02 -2.139e-04  5.194e-04
 2.1440e+00 -6.620e-03  1.136e-02  4.813e-03 -2.523e-02 -2.721e-02  1.416e-04  6.707e-02 -2.104e-04  5.254e-04
 2.2450e+00 -6.690e-03  1.154e-02  4.917e-03 -2.545e-02 -2.749e-02  1.456e-04  6.777e-02 -2.068e-04  5.304e-04
 2.3480e+00 -6.760e-03  1.172e-02  5.022e-03 -2.567e-02 -2.777e-02  1.496e-04  6.847e-02 -2.030e-04  5.364e-04
 2.4560e+00 -6.830e-03  1.191e-02  5.127e-03 -2.589e-02 -2.805e-02  1.538e-04  6.917e-02 -1.991e-04  5.414e-04
 2.5670e+00 -6.900e-03  1.209e-02  5.232e-03 -2.612e-02 -2.833e-02  1.581e-04  6.977e-02 -1.951e-04  5.464e-04
 2.6820e+00 -6.970e-03  1.227e-02  5.338e-03 -2.634e-02 -2.860e-02  1.622e-04  7.037e-02 -1.910e-04  5.514e-04
 2.8010e+00 -7.040e-03  1.245e-02  5.445e-03 -2.656e-02 -2.888e-02  1.665e-04  7.107e-02 -1.868e-04  5.574e-04
 2.9250e+00 -7.110e-03  1.263e-02  5.551e-03 -2.677e-02 -2.915e-02  1.709e-04  7.167e-02 -1.825e-04  5.624e-04
 3.0530e+00 -7.180e-03  1.281e-02  5.659e-03 -2.699e-02 -2.942e-02  1.752e-04  7.227e-02 -1.781e-04  5.674e-04
