#         t         u1         u2         u3        s11        s12        s13        s22        s23        s33
 0.0000e+00  0.000e+00  0.000e+00  0.000e+00  0.000e+00  0.000e+00  0.000e+00  0.000e+00  0.000e+00  0.000e+00
 2.7740e-08  0.000e+00  0.000e+00  0.000e+00  0.000e+00  0.000e+00 -1.000e-06  0.000e+00 -1.000e-07  0.000e+00
 6.7460e-08  0.000e+00  0.000e+00  1.000e-05  1.000e-04 -1.000e-05 -1.000e-06  0.000e+00 -2.000e-07  0.000e+00
 1.2390e-07 -1.000e-04  0.000e+00  1.000e-05  2.000e-04 -1.000e-05 -1.000e-06  0.000e+00 -3.000e-07  0.000e+00
 2.0340e-07 -1.000e-04  0.000e+00  1.000e-05  3.000e-04 -3.000e-05 -2.000e-06  0.000e+00 -5.000e-07  0.000e+00
 3.1120e-07 -2.000e-04  0.000e+00  1.000e-05  4.000e-04 -4.000e-05 -2.000e-06  0.000e+00 -8.000e-07  0.000e+00
 4.5390e-07 -2.000e-04  0.000e+00  1.000e-05  5.000e-04 -6.000e-05 -2.000e-06  0.000e+00 -1.300e-06  1.000e-06
 6.4240e-07 -3.000e-04  1.000e-05  1.000e-05  7.000e-04 -9.000e-05 -2.000e-06  0.000e+00 -1.800e-06  1.000e-06
 8.9100e-07 -4.000e-04  1.000e-05  1.000e-05  1.000e-03 -1.200e-04 -3.000e-06  0.000e+00 -2.400e-06  2.000e-06
 1.2190e-06 -5.000e-04  2.000e-05  1.000e-05  1.300e-03 -1.500e-04 -3.000e-06  0.000e+00 -3.200e-06  4.000e-06
 1.6500e-06 -7.000e-04  3.000e-05  1.000e-05  1.600e-03 -2.000e-04 -3.000e-06  0.000e+00 -4.100e-06  5.000e-06
 2.2180e-06 -8.000e-04  4.000e-05  1.000e-05  2.100e-03 -2.500e-04 -3.000e-06  0.000e+00 -5.000e-06  8.000e-06
 2.9620e-06 -1.000e-03  6.000e-05  2.000e-05  2.600e-03 -3.100e-04 -3.000e-06  0.000e+00 -6.100e-06  1.000e-05
 3.9390e-06 -1.300e-03  8.000e-05  2.000e-05  3.200e-03 -3.800e-04 -2.000e-06  0.000e+00 -7.200e-06  1.400e-05
 5.2220e-06 -1.500e-03  1.000e-04  3.000e-05  3.900e-03 -4.500e-04  0.000e+00  0.000e+00 -8.500e-06  1.900e-05
 6.9060e-06 -1.800e-03  1.200e-04  4.000e-05  4.700e-03 -5.400e-04  1.000e-06  0.000e+00 -9.800e-06  2.500e-05
 9.1210e-06 -2.200e-03  1.500e-04  5.000e-05  5.600e-03 -6.300e-04  3.000e-06  0.000e+00 -1.130e-05  3.100e-05
 1.2030e-05 -2.600e-03  1.800e-04  7.000e-05  6.700e-03 -7.400e-04  6.000e-06  0.000e+00 -1.290e-05  3.900e-05
 1.5830e-05 -3.000e-03  2.200e-04  9.000e-05  7.900e-03 -8.500e-04  1.000e-05  0.000e+00 -1.450e-05  4.800e-05
 2.0810e-05 -3.500e-03  2.600e-04  1.200e-04  9.200e-03 -9.600e-04  1.400e-05  1.000e-04 -1.640e-05  5.800e-05
 2.7330e-05 -4.000e-03  3.100e-04  1.600e-04  1.060e-02 -1.080e-03  1.900e-05  1.000e-04 -1.850e-05  6.900e-05
 3.5820e-05 -4.600e-03  3.600e-04  2.000e-04  1.220e-02 -1.200e-03  2.500e-05  1.000e-04 -2.070e-05  8.200e-05
 4.6840e-05 -5.200e-03  4.100e-04  2.500e-04  1.390e-02 -1.320e-03  3.200e-05  1.000e-04 -2.310e-05  9.600e-05
 6.0850e-05 -5.800e-03  4.700e-04  3.100e-04  1.570e-02 -1.440e-03  3.900e-05  1.000e-04 -2.570e-05  1.120e-04
 7.8130e-05 -6.400e-03  5.300e-04  3.800e-04  1.760e-02 -1.550e-03  4.600e-05  1.000e-04 -2.840e-05  1.280e-04
 9.9300e-05 -7.100e-03  5.800e-04  4.500e-04  1.950e-02 -1.640e-03  5.400e-05  1.000e-04 -3.120e-05  1.450e-04
 1.2510e-04 -7.700e-03  6.400e-04  5.400e-04  2.140e-02 -1.720e-03  6.200e-05  1.000e-04 -3.420e-05  1.630e-04
 1.5620e-04 -8.400e-03  7.000e-04  6.300e-04  2.340e-02 -1.790e-03  7.000e-05  1.000e-04 -3.740e-05  1.810e-04
 1.9380e-04 -9.100e-03  7.500e-04  7.300e-04  2.540e-02 -1.850e-03  7.800e-05  1.000e-04 -4.080e-05  2.000e-04
 2.3870e-04 -9.700e-03  8.100e-04  8.400e-04  2.740e-02 -1.890e-03  8.600e-05  0.000e+00 -4.460e-05  2.200e-04
 2.9220e-04 -1.040e-02  8.700e-04  9.600e-04  2.950e-02 -1.910e-03  9.500e-05  0.000e+00 -4.860e-05  2.400e-04
 3.5580e-04 -1.110e-02  9.200e-04  1.090e-03  3.160e-02 -1.920e-03  1.040e-04  0.000e+00 -5.280e-05  2.620e-04
 4.3100e-04 -1.180e-02  9.800e-04  1.230e-03  3.370e-02 -1.910e-03  1.120e-04 -1.000e-04 -5.740e-05  2.840e-04
 5.1960e-04 -1.240e-02  1.030e-03  1.370e-03  3.590e-02 -1.880e-03  1.210e-04 -2.000e-04 -6.240e-05  3.070e-04
 6.2370e-04 -1.310e-02  1.090e-03  1.530e-03  3.800e-02 -1.840e-03  1.290e-04 -3.000e-04 -6.780e-05  3.300e-04
 7.4580e-04 -1.380e-02  1.140e-03  1.700e-03  4.020e-02 -1.780e-03  1.380e-04 -4.000e-04 -7.370e-05  3.540e-04
 8.8830e-04 -1.450e-02  1.190e-03  1.880e-03  4.250e-02 -1.700e-03  1.460e-04 -5.000e-04 -8.010e-05  3.800e-04
 1.0550e-03 -1.520e-02  1.240e-03  2.080e-03  4.480e-02 -1.610e-03  1.530e-04 -6.000e-04 -8.690e-05  4.050e-04
 1.2480e-03 -1.590e-02  1.300e-03  2.280e-03  4.710e-02 -1.500e-03  1.610e-04 -7.000e-04 -9.450e-05  4.320e-04
 1.4720e-03 -1.660e-02  1.350e-03  2.500e-03  4.940e-02 -1.370e-03  1.680e-04 -9.000e-04 -1.027e-04  4.590e-04
 1.7310e-03 -1.730e-02  1.400e-03  2.730e-03  5.180e-02 -1.240e-03  1.750e-04 -1.100e-03 -1.117e-04  4.870e-04
 2.0290e-03 -1.800e-02  1.450e-03  2.970e-03  5.420e-02 -1.080e-03  1.810e-04 -1.300e-03 -1.214e-04  5.160e-04
 2.3690e-03 -1.870e-02  1.500e-03  3.220e-03  5.660e-02 -9.200e-04  1.870e-04 -1.500e-03 -1.319e-04  5.450e-04
 2.7570e-03 -1.940e-02  1.540e-03  3.490e-03  5.900e-02 -7.400e-04  1.910e-04 -1.700e-03 -1.432e-04  5.740e-04
 3.1980e-03 -2.010e-02  1.590e-03  3.770e-03  6.150e-02 -5.500e-04  1.950e-04 -2.000e-03 -1.555e-04  6.040e-04
 3.6990e-03 -2.080e-02  1.640e-03  4.050e-03  6.400e-02 -3.600e-04  1.980e-04 -2.270e-03 -1.687e-04  6.340e-04
 4.2650e-03 -2.150e-02  1.690e-03  4.360e-03  6.640e-02 -1.500e-04  2.000e-04 -2.570e-03 -1.829e-04  6.640e-04
 4.9030e-03 -2.220e-02  1.730e-03  4.670e-03  6.890e-02  6.000e-05  2.000e-04 -2.900e-03 -1.981e-04  6.950e-04
 5.6220e-03 -2.290e-02  1.780e-03  5.000e-03  7.140e-02  2.800e-04  2.000e-04 -3.260e-03 -2.144e-04  7.260e-04
 6.4280e-03 -2.360e-02  1.820e-03  5.340e-03  7.400e-02  5.000e-04  1.980e-04 -3.640e-03 -2.318e-04  7.560e-04
 7.3320e-03 -2.430e-02  1.870e-03  5.690e-03  7.650e-02  7.300e-04  1.940e-04 -4.050e-03 -2.504e-04  7.870e-04
 8.3430e-03 -2.500e-02  1.920e-03  6.060e-03  7.900e-02  9.500e-04  1.900e-04 -4.490e-03 -2.702e-04  8.170e-04
 9.4730e-03 -2.570e-02  1.960e-03  6.440e-03  8.160e-02  1.180e-03  1.820e-04 -4.960e-03 -2.912e-04  8.480e-04
 1.0730e-02 -2.640e-02  2.010e-03  6.830e-03  8.410e-02  1.410e-03  1.740e-04 -5.460e-03 -3.135e-04  8.780e-04
 1.2130e-02 -2.720e-02  2.060e-03  7.240e-03  8.660e-02  1.630e-03  1.630e-04 -5.990e-03 -3.371e-04  9.080e-04
 1.3690e-02 -2.790e-02  2.100e-03  7.660e-03  8.920e-02  1.850e-03  1.500e-04 -6.560e-03 -3.619e-04  9.380e-04
 1.5420e-02 -2.860e-02  2.150e-03  8.100e-03  9.170e-02  2.060e-03  1.360e-04 -7.160e-03 -3.880e-04  9.660e-04
 1.7330e-02 -2.940e-02  2.210e-03  8.550e-03  9.420e-02  2.260e-03  1.190e-04 -7.800e-03 -4.154e-04  9.950e-04
 1.9450e-02 -3.010e-02  2.260e-03  9.010e-03  9.680e-02  2.450e-03  1.000e-04 -8.480e-03 -4.440e-04  1.022e-03
 2.1780e-02 -3.080e-02  2.310e-03  9.490e-03  9.930e-02  2.630e-03  7.900e-05 -9.200e-03 -4.738e-04  1.049e-03
 2.4360e-02 -3.160e-02  2.370e-03  9.990e-03  1.018e-01  2.790e-03  5.500e-05 -9.950e-03 -5.047e-04  1.075e-03
 2.7210e-02 -3.240e-02  2.430e-03  1.050e-02  1.042e-01  2.940e-03  2.900e-05 -1.075e-02 -5.366e-04  1.100e-03
 3.0330e-02 -3.310e-02  2.500e-03  1.103e-02  1.067e-01  3.070e-03  1.000e-06 -1.158e-02 -5.696e-04  1.123e-03
 3.3770e-02 -3.390e-02  2.560e-03  1.157e-02  1.091e-01  3.180e-03 -2.900e-05 -1.246e-02 -6.035e-04  1.145e-03
 3.7540e-02 -3.470e-02  2.640e-03  1.212e-02  1.115e-01  3.270e-03 -6.200e-05 -1.337e-02 -6.382e-04  1.167e-03
 4.1680e-02 -3.550e-02  2.710e-03  1.269e-02  1.139e-01  3.330e-03 -9.700e-05 -1.432e-02 -6.736e-04  1.187e-03
 4.6170e-02 -3.620e-02  2.790e-03  1.327e-02  1.162e-01  3.380e-03 -1.330e-04 -1.530e-02 -7.093e-04  1.205e-03
 5.1050e-02 -3.700e-02  2.870e-03  1.386e-02  1.185e-01  3.390e-03 -1.720e-04 -1.632e-02 -7.452e-04  1.222e-03
 5.6330e-02 -3.780e-02  2.960e-03  1.446e-02  1.208e-01  3.380e-03 -2.130e-04 -1.735e-02 -7.811e-04  1.237e-03
 6.2040e-02 -3.860e-02  3.050e-03  1.506e-02  1.229e-01  3.350e-03 -2.540e-04 -1.842e-02 -8.169e-04  1.251e-03
 6.8200e-02 -3.940e-02  3.150e-03  1.568e-02  1.251e-01  3.290e-03 -2.970e-04 -1.951e-02 -8.526e-04  1.264e-03
 7.4840e-02 -4.020e-02  3.260e-03  1.630e-02  1.271e-01  3.200e-03 -3.410e-04 -2.062e-02 -8.879e-04  1.275e-03
 8.1990e-02 -4.100e-02  3.360e-03  1.693e-02  1.292e-01  3.090e-03 -3.850e-04 -2.174e-02 -9.227e-04  1.285e-03
 8.9690e-02 -4.180e-02  3.480e-03  1.756e-02  1.312e-01  2.950e-03 -4.300e-04 -2.289e-02 -9.571e-04  1.293e-03
 9.7950e-02 -4.260e-02  3.590e-03  1.820e-02  1.331e-01  2.780e-03 -4.770e-04 -2.405e-02 -9.908e-04  1.301e-03
 1.0680e-01 -4.340e-02  3.720e-03  1.884e-02  1.350e-01  2.600e-03 -5.230e-04 -2.522e-02 -1.024e-03  1.307e-03
 1.1630e-01 -4.420e-02  3.850e-03  1.949e-02  1.368e-01  2.380e-03 -5.700e-04 -2.641e-02 -1.056e-03  1.312e-03
 1.2650e-01 -4.500e-02  3.980e-03  2.015e-02  1.386e-01  2.140e-03 -6.180e-04 -2.760e-02 -1.087e-03  1.316e-03
 1.3740e-01 -4.580e-02  4.130e-03  2.081e-02  1.403e-01  1.880e-03 -6.650e-04 -2.880e-02 -1.118e-03  1.319e-03
 1.4910e-01 -4.660e-02  4.270e-03  2.147e-02  1.420e-01  1.600e-03 -7.130e-04 -3.000e-02 -1.147e-03  1.322e-03
 1.6150e-01 -4.740e-02  4.430e-03  2.213e-02  1.436e-01  1.290e-03 -7.600e-04 -3.121e-02 -1.176e-03  1.323e-03
 1.7480e-01 -4.820e-02  4.590e-03  2.280e-02  1.453e-01  9.700e-04 -8.070e-04 -3.241e-02 -1.203e-03  1.323e-03
 1.8890e-01 -4.900e-02  4.750e-03  2.346e-02  1.468e-01  6.200e-04 -8.540e-04 -3.362e-02 -1.229e-03  1.324e-03
 2.0400e-01 -4.980e-02  4.920e-03  2.413e-02  1.483e-01  2.600e-04 -9.010e-04 -3.481e-02 -1.254e-03  1.323e-03
 2.2000e-01 -5.060e-02  5.100e-03  2.480e-02  1.498e-01 -1.200e-04 -9.470e-04 -3.601e-02 -1.278e-03  1.322e-03
 2.3700e-01 -5.140e-02  5.280e-03  2.547e-02  1.513e-01 -5.200e-04 -9.930e-04 -3.719e-02 -1.301e-03  1.320e-03
 2.5520e-01 -5.220e-02  5.470e-03  2.614e-02  1.527e-01 -9.300e-04 -1.038e-03 -3.837e-02 -1.323e-03  1.318e-03
 2.7440e-01 -5.300e-02  5.660e-03  2.681e-02  1.540e-01 -1.360e-03 -1.082e-03 -3.953e-02 -1.343e-03  1.316e-03
 2.9480e-01 -5.390e-02  5.860e-03  2.747e-02  1.554e-01 -1.800e-03 -1.126e-03 -4.068e-02 -1.363e-03  1.313e-03
 3.1640e-01 -5.470e-02  6.070e-03  2.814e-02  1.567e-01 -2.260e-03 -1.170e-03 -4.182e-02 -1.381e-03  1.310e-03
 3.3920e-01 -5.550e-02  6.280e-03  2.880e-02  1.580e-01 -2.730e-03 -1.212e-03 -4.294e-02 -1.398e-03  1.307e-03
 3.6340e-01 -5.630e-02  6.490e-03  2.946e-02  1.592e-01 -3.200e-03 -1.254e-03 -4.404e-02 -1.414e-03  1.304e-03
 3.8880e-01 -5.710e-02  6.710e-03  3.011e-02  1.604e-01 -3.690e-03 -1.295e-03 -4.512e-02 -1.429e-03  1.301e-03
 4.1560e-01 -5.790e-02  6.930e-03  3.076e-02  1.616e-01 -4.180e-03 -1.335e-03 -4.618e-02 -1.443e-03  1.298e-03
 4.4380e-01 -5.870e-02  7.160e-03  3.140e-02  1.627e-01 -4.680e-03 -1.374e-03 -4.722e-02 -1.456e-03  1.294e-03
 4.7350e-01 -5.950e-02  7.390e-03  3.204e-02  1.639e-01 -5.180e-03 -1.412e-03 -4.823e-02 -1.469e-03  1.291e-03
 5.0470e-01 -6.020e-02  7.630e-03  3.267e-02  1.650e-01 -5.690e-03 -1.449e-03 -4.922e-02 -1.480e-03  1.288e-03
 5.3740e-01 -6.100e-02  7.860e-03  3.330e-02  1.660e-01 -6.210e-03 -1.486e-03 -5.019e-02 -1.490e-03  1.285e-03
 5.7180e-01 -6.180e-02  8.100e-03  3.392e-02  1.671e-01 -6.720e-03 -1.521e-03 -5.114e-02 -1.500e-03  1.283e-03
 6.0790e-01 -6.260e-02  8.350e-03  3.454e-02  1.681e-01 -7.240e-03 -1.556e-03 -5.206e-02 -1.508e-03  1.281e-03
 6.4570e-01 -6.340e-02  8.600e-03  3.515e-02  1.691e-01 -7.770e-03 -1.590e-03 -5.296e-02 -1.516e-03  1.278e-03
 6.8540e-01 -6.410e-02  8.850e-03  3.575e-02  1.701e-01 -8.290e-03 -1.624e-03 -5.384e-02 -1.524e-03  1.276e-03
 7.2680e-01 -6.490e-02  9.100e-03  3.634e-02  1.711e-01 -8.820e-03 -1.656e-03 -5.469e-02 -1.530e-03  1.274e-03
 7.7020e-01 -6.570e-02  9.350e-03  3.693e-02  1.720e-01 -9.340e-03 -1.688e-03 -5.551e-02 -1.536e-03  1.273e-03
 8.1550e-01 -6.640e-02  9.610e-03  3.751e-02  1.729e-01 -9.870e-03 -1.718e-03 -5.632e-02 -1.542e-03  1.271e-03
 8.6290e-01 -6.720e-02  9.870e-03  3.809e-02  1.738e-01 -1.040e-02 -1.749e-03 -5.710e-02 -1.547e-03  1.270e-03
 9.1240e-01 -6.790e-02  1.013e-02  3.866e-02  1.747e-01 -1.092e-02 -1.778e-03 -5.786e-02 -1.551e-03  1.269e-03
 9.6400e-01 -6.870e-02  1.039e-02  3.922e-02  1.756e-01 -1.144e-02 -1.807e-03 -5.859e-02 -1.555e-03  1.269e-03
 1.0180e+00 -6.940e-02  1.066e-02  3.977e-02  1.764e-01 -1.197e-02 -1.835e-03 -5.930e-02 -1.558e-03  1.269e-03
 1.0740e+00 -7.020e-02  1.092e-02  4.032e-02  1.773e-01 -1.249e-02 -1.862e-03 -5.999e-02 -1.561e-03  1.269e-03
 1.1330e+00 -7.090e-02  1.119e-02  4.086e-02  1.781e-01 -1.301e-02 -1.889e-03 -6.066e-02 -1.564e-03  1.269e-03
 1.1940e+00 -7.170e-02  1.146e-02  4.139e-02  1.789e-01 -1.353e-02 -1.916e-03 -6.131e-02 -1.566e-03  1.269e-03
 1.2570e+00 -7.240e-02  1.173e-02  4.192e-02  1.797e-01 -1.404e-02 -1.942e-03 -6.193e-02 -1.568e-03  1.270e-03
 1.3230e+00 -7.310e-02  1.200e-02  4.244e-02  1.805e-01 -1.455e-02 -1.967e-03 -6.253e-02 -1.569e-03  1.271e-03
 1.3920e+00 -7.380e-02  1.228e-02  4.295e-02  1.813e-01 -1.506e-02 -1.992e-03 -6.312e-02 -1.571e-03  1.272e-03
 1.4630e+00 -7.460e-02  1.255e-02  4.346e-02  1.820e-01 -1.557e-02 -2.017e-03 -6.368e-02 -1.571e-03  1.274e-03
 1.5380e+00 -7.530e-02  1.282e-02  4.396e-02  1.828e-01 -1.607e-02 -2.040e-03 -6.423e-02 -1.572e-03  1.276e-03
 1.6150e+00 -7.600e-02  1.310e-02  4.445e-02  1.835e-01 -1.657e-02 -2.064e-03 -6.475e-02 -1.573e-03  1.278e-03
 1.6950e+00 -7.670e-02  1.338e-02  4.493e-02  1.842e-01 -1.707e-02 -2.087e-03 -6.526e-02 -1.573e-03  1.281e-03
 1.7790e+00 -7.740e-02  1.365e-02  4.541e-02  1.849e-01 -1.756e-02 -2.110e-03 -6.575e-02 -1.573e-03  1.284e-03
 1.8650e+00 -7.810e-02  1.393e-02  4.589e-02  1.856e-01 -1.806e-02 -2.133e-03 -6.622e-02 -1.573e-03  1.286e-03
 1.9550e+00 -7.880e-02  1.421e-02  4.635e-02  1.863e-01 -1.854e-02 -2.155e-03 -6.667e-02 -1.572e-03  1.290e-03
 2.0480e+00 -7.950e-02  1.448e-02  4.681e-02  1.870e-01 -1.903e-02 -2.176e-03 -6.711e-02 -1.572e-03  1.293e-03
 2.1440e+00 -8.020e-02  1.476e-02  4.726e-02  1.877e-01 -1.951e-02 -2.198e-03 -6.753e-02 -1.571e-03  1.296e-03
 2.2450e+00 -8.090e-02  1.504e-02  4.771e-02  1.883e-01 -1.998e-02 -2.218e-03 -6.794e-02 -1.570e-03  1.300e-03
 2.3480e+00 -8.160e-02  1.532e-02  4.815e-02  1.890e-01 -2.046e-02 -2.239e-03 -6.833e-02 -1.570e-03  1.304e-03
 2.4560e+00 -8.230e-02  1.560e-02  4.859e-02  1.896e-01 -2.092e-02 -2.259e-03 -6.870e-02 -1.569e-03  1.307e-03
 2.5670e+00 -8.300e-02  1.588e-02  4.902e-02  1.903e-01 -2.139e-02 -2.279e-03 -6.906e-02 -1.568e-03  1.312e-03
 2.6820e+00 -8.370e-02  1.616e-02  4.944e-02  1.909e-01 -2.185e-02 -2.299e-03 -6.940e-02 -1.566e-03  1.316e-03
 2.8010e+00 -8.430e-02  1.643e-02  4.986e-02  1.915e-01 -2.231e-02 -2.319e-03 -6.973e-02 -1.565e-03  1.321e-03
 2.9250e+00 -8.500e-02  1.671e-02  5.027e-02  1.921e-01 -2.276e-02 -2.337e-03 -7.005e-02 -1.564e-03  1.325e-03
 3.0530e+00 -8.570e-02  1.699e-02  5.067e-02  1.927e-01 -2.321e-02 -2.355e-03 -7.035e-02 -1.562e-03  1.331e-03
