244	33.3843137255
243.997222858	33.3861142901
243.992492561	33.3891660945
243.987228199	33.3922178988
243.982497902	33.3947203784
243.977782864	33.3977721828
243.974166476	33.4016632334
243.970275425	33.4052796216
243.967498283	33.4097199969
243.965560388	33.4144502937
243.962783246	33.4188906691
243.961104753	33.4252841993
243.960006104	33.4294499123
243.960555428	33.435553521
243.95944152	33.441107805
243.957778286	33.4461127642
243.955840391	33.4508278019
243.952773327	33.4552834363
243.949172198	33.4588845655
243.946395056	33.4633401999
243.942778668	33.4669413291
243.939726864	33.4713817044
243.937773709	33.4763866636
243.936949722	33.4819409476
243.937773709	33.4886091402
243.93916228	33.4947280079
243.941390097	33.4999923705
243.944441901	33.5047226673
243.948332952	33.5083390555
243.952773327	33.5113908598
243.958052949	33.5138933394
243.963881895	33.5155565728
243.969161517	33.51778439
243.975280385	33.5194476234
243.981948577	33.5208361944
243.987777523	33.5216601816
243.994720378	33.5224994278
244	33.5238117037
244	33.5238117037
244.001388571	33.5241626612
244.008056764	33.5250019074
244.014724956	33.5252765698
244.022507057	33.5258258946
244.029724575	33.5252765698
244.035553521	33.5241626612
244.042771038	33.5230487526
244.049164569	33.5211108568
244.054718853	33.5186083772
244.060273136	33.5161058976
244.06582742	33.513603418
244.070283055	33.5105516136
244.075837339	33.5066605631
244.079438468	33.5036087587
244.083329519	33.4999923705
244.087785153	33.4966659037
244.091386282	33.4922255283
244.095277333	33.4886091402
244.099168383	33.4855573358
244.101945525	33.4813916228
244.105561913	33.4775005722
244.110002289	33.473884184
244.113054093	33.4699931334
244.116670481	33.4663920043
244.121110857	33.4625009537
244.125001907	33.4594491493
244.129716945	33.4563820859
244.133333333	33.4527809567
244.137773709	33.4488899062
244.141664759	33.445273518
244.145281147	33.4422217136
244.149172198	33.438330663
244.153612573	33.4347295338
244.156389715	33.4311131456
244.160280766	33.4272220951
244.163881895	33.4236057069
244.167498283	33.4197146563
244.171389334	33.4152742809
244.174166476	33.4116731518
244.177782864	33.4080567636
244.181673915	33.4050049592
244.185275044	33.4011139086
244.188891432	33.3974975204
244.192782483	33.3938963912
244.197222858	33.3894407568
244.200839246	33.3855497063
244.204715038	33.3824979019
244.208331426	33.3788815137
244.211947814	33.3750057221
244.215838865	33.3713893339
244.219439994	33.3677729458
244.223056382	33.3638818952
244.22777142	33.3608300908
244.231387808	33.3572289616
244.236942092	33.354726482
244.242496376	33.35194934
244.248889906	33.3502708476
244.256107424	33.3488822766
244.264438849	33.3483329519
244.271946288	33.3483329519
244.279438468	33.3483329519
244.286106661	33.3491721981
244.293614099	33.3494468605
244.301106279	33.3494468605
244.309163043	33.3488822766
244.316395819	33.3474937057
244.324727245	33.3466697185
244.331944762	33.3447165637
244.337499046	33.3422293431
244.342778668	33.3391622797
244.347493706	33.3361104753
244.35194934	33.3336079957
244.355840391	33.3297169451
244.35944152	33.326115816
244.363057908	33.3224994278
244.366674296	33.3180590524
244.370550088	33.3141680018
244.37332723	33.3100022889
244.376104372	33.3055619135
244.378881514	33.3011062791
244.380834668	33.2969405661
244.38361181	33.2925001907
244.387228199	33.2888838025
244.39110399	33.284992752
244.393896391	33.280827039
244.395559625	33.2758373388
244.398336767	33.2713817044
244.399450675	33.2666666667
244.401388571	33.2608377203
244.40250248	33.2561074235
244.403326467	33.2505531395
244.404440375	33.2449988556
244.40639353	33.2399938964
244.40639353	33.2338902876
244.40639353	33.2274967575
244.406668193	33.2213931487
244.405004959	33.2152742809
244.401113909	33.2116731518
244.396108949	33.2091706722
244.390005341	33.2077821012
244.386938277	33.2030518044
244.385275044	33.1963836118
244.381109331	33.1941710536
244.376394293	33.1911039902
244.371114672	33.1880521859
244.366674296	33.1855497063
244.363057908	33.1819485771
244.358327611	33.1780575265
244.355550469	33.1741664759
244.352498665	33.1697261006
244.348607614	33.16583505
244.344167239	33.1622186618
244.340276188	33.1583276112
244.337224384	33.1536125734
244.333607996	33.1491721981
244.330556191	33.1447165637
244.328328374	33.1400015259
244.32527657	33.1355611505
244.32277409	33.1294422827
244.319996948	33.1250019074
244.316105898	33.121950103
244.30888838	33.1230487526
244.304448005	33.126115816
244.299717708	33.1230487526
244.29999237	33.1169451438
244.299168383	33.1102769512
244.293888762	33.1077744717
244.286396582	33.1077744717
244.279163806	33.1097276265
244.271946288	33.1111161975
244.264728771	33.1130540932
244.257495995	33.113603418
244.249164569	33.1141680018
244.243884947	33.1166704814
244.239169909	33.1199969482
244.236392767	33.1241626612
244.233615625	33.1286182956
244.230838483	33.1327840085
244.228885328	33.1377737087
244.226108186	33.1422293431
244.223331044	33.1466697185
244.220553902	33.1508354314
244.216937514	33.1552758068
244.214160372	33.158892195
244.210284581	33.1633325704
244.206668193	33.1663843748
244.201937896	33.1694514382
244.196673533	33.1719386587
244.19110399	33.1744411383
244.18361181	33.1750057221
244.17721828	33.1769436179
244.173617151	33.1808346685
244.171663996	33.1855497063
244.170550088	33.1905546654
244.168886854	33.1961089494
244.166948959	33.2011139086
244.164995804	33.2061036088
244.163057908	33.2111085679
244.160280766	33.2161135271
244.156664378	33.2205539025
244.153887236	33.2241702907
244.151110094	33.2286106661
244.148332952	33.232776379
244.144716564	33.2377813382
244.142778668	33.2422217136
244.141664759	33.2469367514
244.140825513	33.2547188525
244.139726864	33.2588845655
244.139436942	33.2644388495
244.137773709	33.2699931334
244.135835813	33.2749980926
244.133882658	33.2791638056
244.131105516	33.283604181
244.128328374	33.2880598154
244.124437324	33.2916609445
244.120836194	33.2952773327
244.117219806	33.2991683833
244.112504768	33.3022201877
244.108613718	33.3052719921
244.103334096	33.3083390555
244.098603799	33.310826276
244.093049516	33.3133287556
244.08860914	33.316395819
244.083054856	33.3188830396
244.077500572	33.3222247654
244.073884184	33.3252765698
244.070283055	33.330281529
244.067215991	33.3330586709
244.064438849	33.3374990463
244.061661707	33.3419394217
244.058060578	33.3455558099
244.053330282	33.3494468605
244.049729152	33.3524986648
244.044159609	33.3563897154
244.04055848	33.3594415198
244.035828183	33.3624933242
244.031387808	33.3655603876
244.02667277	33.368612192
244.021118486	33.3716639963
244.01638819	33.3741664759
244.011947814	33.3772182803
244.007217517	33.3805600061
244.001937896	33.3830624857
244	33.3843137255
