# created in copost_inversion_constraint.m in /Users/sbarbot/Documents/work/eqcycle/matlab
# created in copost_inversion_constraint, line 602
# i   v(m/yr)     n(km)     e(km) depth length width strike   dip  rake
001  0.00e+00 -2.86e+00  2.65e+00 14.00    2.0   1.0  -37.6  90.0   1.0
002  0.00e+00 -1.28e+00  1.43e+00 14.00    2.0   1.0  -37.6  90.0   1.0
003  0.00e+00  3.09e-01  2.09e-01 14.00    2.0   1.0  -37.6  90.0   1.0
004  0.00e+00  1.89e+00 -1.01e+00 14.00    2.0   1.0  -37.6  90.0   1.0
005  0.00e+00  3.48e+00 -2.23e+00 14.00    2.0   1.0  -37.6  90.0   1.0
006  0.00e+00  5.06e+00 -3.45e+00 14.00    2.0   1.0  -37.6  90.0   1.0
007  0.00e+00  6.65e+00 -4.67e+00 14.00    2.0   1.0  -37.6  90.0   1.0
008  0.00e+00  8.23e+00 -5.89e+00 14.00    2.0   1.0  -37.6  90.0   1.0
009  0.00e+00  9.82e+00 -7.11e+00 14.00    2.0   1.0  -37.6  90.0   1.0
010  0.00e+00  1.14e+01 -8.33e+00 14.00    2.0   1.0  -37.6  90.0   1.0
011  0.00e+00  1.30e+01 -9.55e+00 14.00    2.0   1.0  -37.6  90.0   1.0
012  0.00e+00  1.46e+01 -1.08e+01 14.00    2.0   1.0  -37.6  90.0   1.0
013  0.00e+00  1.62e+01 -1.20e+01 14.00    2.0   1.0  -37.6  90.0   1.0
014  0.00e+00  1.77e+01 -1.32e+01 14.00    2.0   1.0  -37.6  90.0   1.0
015  0.00e+00  1.93e+01 -1.44e+01 14.00    2.0   1.0  -37.6  90.0   1.0
016  0.00e+00  2.09e+01 -1.57e+01 14.00    2.0   1.0  -37.6  90.0   1.0
017  0.00e+00  2.25e+01 -1.69e+01 14.00    2.0   1.0  -37.6  90.0   1.0
018  0.00e+00  2.41e+01 -1.81e+01 14.00    2.0   1.0  -37.6  90.0   1.0
019  0.00e+00  2.57e+01 -1.93e+01 14.00    2.0   1.0  -37.6  90.0   1.0
020  0.00e+00  2.72e+01 -2.05e+01 14.00    2.0   1.0  -37.6  90.0   1.0
021  0.00e+00 -2.86e+00  2.65e+00 13.00    2.0   1.0  -37.6  90.0   1.0
022  0.00e+00 -1.28e+00  1.43e+00 13.00    2.0   1.0  -37.6  90.0   1.0
023  0.00e+00  3.09e-01  2.09e-01 13.00    2.0   1.0  -37.6  90.0   1.0
024  0.00e+00  1.89e+00 -1.01e+00 13.00    2.0   1.0  -37.6  90.0   1.0
025  0.00e+00  3.48e+00 -2.23e+00 13.00    2.0   1.0  -37.6  90.0   1.0
026  0.00e+00  5.06e+00 -3.45e+00 13.00    2.0   1.0  -37.6  90.0   1.0
027  0.00e+00  6.65e+00 -4.67e+00 13.00    2.0   1.0  -37.6  90.0   1.0
028  0.00e+00  8.23e+00 -5.89e+00 13.00    2.0   1.0  -37.6  90.0   1.0
029  0.00e+00  9.82e+00 -7.11e+00 13.00    2.0   1.0  -37.6  90.0   1.0
030  2.06e-02  1.14e+01 -8.33e+00 13.00    2.0   1.0  -37.6  90.0   1.0
031  2.91e-02  1.30e+01 -9.55e+00 13.00    2.0   1.0  -37.6  90.0   1.0
032  1.30e-02  1.46e+01 -1.08e+01 13.00    2.0   1.0  -37.6  90.0   1.0
033  0.00e+00  1.62e+01 -1.20e+01 13.00    2.0   1.0  -37.6  90.0   1.0
034  0.00e+00  1.77e+01 -1.32e+01 13.00    2.0   1.0  -37.6  90.0   1.0
035  0.00e+00  1.93e+01 -1.44e+01 13.00    2.0   1.0  -37.6  90.0   1.0
036  0.00e+00  2.09e+01 -1.57e+01 13.00    2.0   1.0  -37.6  90.0   1.0
037  0.00e+00  2.25e+01 -1.69e+01 13.00    2.0   1.0  -37.6  90.0   1.0
038  0.00e+00  2.41e+01 -1.81e+01 13.00    2.0   1.0  -37.6  90.0   1.0
039  0.00e+00  2.57e+01 -1.93e+01 13.00    2.0   1.0  -37.6  90.0   1.0
040  0.00e+00  2.72e+01 -2.05e+01 13.00    2.0   1.0  -37.6  90.0   1.0
041  0.00e+00 -2.86e+00  2.65e+00 12.00    2.0   1.0  -37.6  90.0   1.0
042  1.20e-02 -1.28e+00  1.43e+00 12.00    2.0   1.0  -37.6  90.0   1.0
043  2.36e-03  3.09e-01  2.09e-01 12.00    2.0   1.0  -37.6  90.0   1.0
044  0.00e+00  1.89e+00 -1.01e+00 12.00    2.0   1.0  -37.6  90.0   1.0
045  0.00e+00  3.48e+00 -2.23e+00 12.00    2.0   1.0  -37.6  90.0   1.0
046  0.00e+00  5.06e+00 -3.45e+00 12.00    2.0   1.0  -37.6  90.0   1.0
047  0.00e+00  6.65e+00 -4.67e+00 12.00    2.0   1.0  -37.6  90.0   1.0
048  0.00e+00  8.23e+00 -5.89e+00 12.00    2.0   1.0  -37.6  90.0   1.0
049  2.83e-02  9.82e+00 -7.11e+00 12.00    2.0   1.0  -37.6  90.0   1.0
050  8.60e-02  1.14e+01 -8.33e+00 12.00    2.0   1.0  -37.6  90.0   1.0
051  9.97e-02  1.30e+01 -9.55e+00 12.00    2.0   1.0  -37.6  90.0   1.0
052  5.74e-02  1.46e+01 -1.08e+01 12.00    2.0   1.0  -37.6  90.0   1.0
053  9.62e-03  1.62e+01 -1.20e+01 12.00    2.0   1.0  -37.6  90.0   1.0
054  0.00e+00  1.77e+01 -1.32e+01 12.00    2.0   1.0  -37.6  90.0   1.0
055  0.00e+00  1.93e+01 -1.44e+01 12.00    2.0   1.0  -37.6  90.0   1.0
056  0.00e+00  2.09e+01 -1.57e+01 12.00    2.0   1.0  -37.6  90.0   1.0
057  0.00e+00  2.25e+01 -1.69e+01 12.00    2.0   1.0  -37.6  90.0   1.0
058  0.00e+00  2.41e+01 -1.81e+01 12.00    2.0   1.0  -37.6  90.0   1.0
059  0.00e+00  2.57e+01 -1.93e+01 12.00    2.0   1.0  -37.6  90.0   1.0
060  0.00e+00  2.72e+01 -2.05e+01 12.00    2.0   1.0  -37.6  90.0   1.0
061  2.21e-02 -2.86e+00  2.65e+00 11.00    2.0   1.0  -37.6  90.0   1.0
062  5.45e-02 -1.28e+00  1.43e+00 11.00    2.0   1.0  -37.6  90.0   1.0
063  4.52e-02  3.09e-01  2.09e-01 11.00    2.0   1.0  -37.6  90.0   1.0
064  1.84e-02  1.89e+00 -1.01e+00 11.00    2.0   1.0  -37.6  90.0   1.0
065  0.00e+00  3.48e+00 -2.23e+00 11.00    2.0   1.0  -37.6  90.0   1.0
066  0.00e+00  5.06e+00 -3.45e+00 11.00    2.0   1.0  -37.6  90.0   1.0
067  0.00e+00  6.65e+00 -4.67e+00 11.00    2.0   1.0  -37.6  90.0   1.0
068  1.22e-02  8.23e+00 -5.89e+00 11.00    2.0   1.0  -37.6  90.0   1.0
069  1.10e-01  9.82e+00 -7.11e+00 11.00    2.0   1.0  -37.6  90.0   1.0
070  2.08e-01  1.14e+01 -8.33e+00 11.00    2.0   1.0  -37.6  90.0   1.0
071  2.16e-01  1.30e+01 -9.55e+00 11.00    2.0   1.0  -37.6  90.0   1.0
072  1.35e-01  1.46e+01 -1.08e+01 11.00    2.0   1.0  -37.6  90.0   1.0
073  4.07e-02  1.62e+01 -1.20e+01 11.00    2.0   1.0  -37.6  90.0   1.0
074  0.00e+00  1.77e+01 -1.32e+01 11.00    2.0   1.0  -37.6  90.0   1.0
075  0.00e+00  1.93e+01 -1.44e+01 11.00    2.0   1.0  -37.6  90.0   1.0
076  0.00e+00  2.09e+01 -1.57e+01 11.00    2.0   1.0  -37.6  90.0   1.0
077  0.00e+00  2.25e+01 -1.69e+01 11.00    2.0   1.0  -37.6  90.0   1.0
078  0.00e+00  2.41e+01 -1.81e+01 11.00    2.0   1.0  -37.6  90.0   1.0
079  0.00e+00  2.57e+01 -1.93e+01 11.00    2.0   1.0  -37.6  90.0   1.0
080  0.00e+00  2.72e+01 -2.05e+01 11.00    2.0   1.0  -37.6  90.0   1.0
081  6.54e-02 -2.86e+00  2.65e+00 10.00    2.0   1.0  -37.6  90.0   1.0
082  1.18e-01 -1.28e+00  1.43e+00 10.00    2.0   1.0  -37.6  90.0   1.0
083  1.24e-01  3.09e-01  2.09e-01 10.00    2.0   1.0  -37.6  90.0   1.0
084  8.96e-02  1.89e+00 -1.01e+00 10.00    2.0   1.0  -37.6  90.0   1.0
085  3.12e-02  3.48e+00 -2.23e+00 10.00    2.0   1.0  -37.6  90.0   1.0
086  0.00e+00  5.06e+00 -3.45e+00 10.00    2.0   1.0  -37.6  90.0   1.0
087  0.00e+00  6.65e+00 -4.67e+00 10.00    2.0   1.0  -37.6  90.0   1.0
088  8.41e-02  8.23e+00 -5.89e+00 10.00    2.0   1.0  -37.6  90.0   1.0
089  2.48e-01  9.82e+00 -7.11e+00 10.00    2.0   1.0  -37.6  90.0   1.0
090  3.72e-01  1.14e+01 -8.33e+00 10.00    2.0   1.0  -37.6  90.0   1.0
091  3.63e-01  1.30e+01 -9.55e+00 10.00    2.0   1.0  -37.6  90.0   1.0
092  2.32e-01  1.46e+01 -1.08e+01 10.00    2.0   1.0  -37.6  90.0   1.0
093  8.41e-02  1.62e+01 -1.20e+01 10.00    2.0   1.0  -37.6  90.0   1.0
094  9.76e-04  1.77e+01 -1.32e+01 10.00    2.0   1.0  -37.6  90.0   1.0
095  0.00e+00  1.93e+01 -1.44e+01 10.00    2.0   1.0  -37.6  90.0   1.0
096  0.00e+00  2.09e+01 -1.57e+01 10.00    2.0   1.0  -37.6  90.0   1.0
097  0.00e+00  2.25e+01 -1.69e+01 10.00    2.0   1.0  -37.6  90.0   1.0
098  0.00e+00  2.41e+01 -1.81e+01 10.00    2.0   1.0  -37.6  90.0   1.0
099  0.00e+00  2.57e+01 -1.93e+01 10.00    2.0   1.0  -37.6  90.0   1.0
100  0.00e+00  2.72e+01 -2.05e+01 10.00    2.0   1.0  -37.6  90.0   1.0
101  1.09e-01 -2.86e+00  2.65e+00  9.00    2.0   1.0  -37.6  90.0   1.0
102  1.81e-01 -1.28e+00  1.43e+00  9.00    2.0   1.0  -37.6  90.0   1.0
103  2.17e-01  3.09e-01  2.09e-01  9.00    2.0   1.0  -37.6  90.0   1.0
104  1.99e-01  1.89e+00 -1.01e+00  9.00    2.0   1.0  -37.6  90.0   1.0
105  1.16e-01  3.48e+00 -2.23e+00  9.00    2.0   1.0  -37.6  90.0   1.0
106  1.51e-02  5.06e+00 -3.45e+00  9.00    2.0   1.0  -37.6  90.0   1.0
107  3.21e-02  6.65e+00 -4.67e+00  9.00    2.0   1.0  -37.6  90.0   1.0
108  2.02e-01  8.23e+00 -5.89e+00  9.00    2.0   1.0  -37.6  90.0   1.0
109  4.13e-01  9.82e+00 -7.11e+00  9.00    2.0   1.0  -37.6  90.0   1.0
110  5.38e-01  1.14e+01 -8.33e+00  9.00    2.0   1.0  -37.6  90.0   1.0
111  5.01e-01  1.30e+01 -9.55e+00  9.00    2.0   1.0  -37.6  90.0   1.0
112  3.23e-01  1.46e+01 -1.08e+01  9.00    2.0   1.0  -37.6  90.0   1.0
113  1.29e-01  1.62e+01 -1.20e+01  9.00    2.0   1.0  -37.6  90.0   1.0
114  7.57e-03  1.77e+01 -1.32e+01  9.00    2.0   1.0  -37.6  90.0   1.0
115  0.00e+00  1.93e+01 -1.44e+01  9.00    2.0   1.0  -37.6  90.0   1.0
116  0.00e+00  2.09e+01 -1.57e+01  9.00    2.0   1.0  -37.6  90.0   1.0
117  0.00e+00  2.25e+01 -1.69e+01  9.00    2.0   1.0  -37.6  90.0   1.0
118  0.00e+00  2.41e+01 -1.81e+01  9.00    2.0   1.0  -37.6  90.0   1.0
119  0.00e+00  2.57e+01 -1.93e+01  9.00    2.0   1.0  -37.6  90.0   1.0
120  0.00e+00  2.72e+01 -2.05e+01  9.00    2.0   1.0  -37.6  90.0   1.0
121  1.40e-01 -2.86e+00  2.65e+00  8.00    2.0   1.0  -37.6  90.0   1.0
122  2.17e-01 -1.28e+00  1.43e+00  8.00    2.0   1.0  -37.6  90.0   1.0
123  2.87e-01  3.09e-01  2.09e-01  8.00    2.0   1.0  -37.6  90.0   1.0
124  3.15e-01  1.89e+00 -1.01e+00  8.00    2.0   1.0  -37.6  90.0   1.0
125  2.47e-01  3.48e+00 -2.23e+00  8.00    2.0   1.0  -37.6  90.0   1.0
126  1.08e-01  5.06e+00 -3.45e+00  8.00    2.0   1.0  -37.6  90.0   1.0
127  1.35e-01  6.65e+00 -4.67e+00  8.00    2.0   1.0  -37.6  90.0   1.0
128  3.55e-01  8.23e+00 -5.89e+00  8.00    2.0   1.0  -37.6  90.0   1.0
129  5.61e-01  9.82e+00 -7.11e+00  8.00    2.0   1.0  -37.6  90.0   1.0
130  6.56e-01  1.14e+01 -8.33e+00  8.00    2.0   1.0  -37.6  90.0   1.0
131  5.88e-01  1.30e+01 -9.55e+00  8.00    2.0   1.0  -37.6  90.0   1.0
132  3.78e-01  1.46e+01 -1.08e+01  8.00    2.0   1.0  -37.6  90.0   1.0
133  1.60e-01  1.62e+01 -1.20e+01  8.00    2.0   1.0  -37.6  90.0   1.0
134  1.53e-02  1.77e+01 -1.32e+01  8.00    2.0   1.0  -37.6  90.0   1.0
135  8.54e-04  1.93e+01 -1.44e+01  8.00    2.0   1.0  -37.6  90.0   1.0
136  0.00e+00  2.09e+01 -1.57e+01  8.00    2.0   1.0  -37.6  90.0   1.0
137  0.00e+00  2.25e+01 -1.69e+01  8.00    2.0   1.0  -37.6  90.0   1.0
138  0.00e+00  2.41e+01 -1.81e+01  8.00    2.0   1.0  -37.6  90.0   1.0
139  0.00e+00  2.57e+01 -1.93e+01  8.00    2.0   1.0  -37.6  90.0   1.0
140  0.00e+00  2.72e+01 -2.05e+01  8.00    2.0   1.0  -37.6  90.0   1.0
141  7.78e-02 -2.86e+00  2.65e+00  7.00    2.0   1.0  -37.6  90.0   1.0
142  1.92e-01 -1.28e+00  1.43e+00  7.00    2.0   1.0  -37.6  90.0   1.0
143  3.00e-01  3.09e-01  2.09e-01  7.00    2.0   1.0  -37.6  90.0   1.0
144  3.92e-01  1.89e+00 -1.01e+00  7.00    2.0   1.0  -37.6  90.0   1.0
145  3.75e-01  3.48e+00 -2.23e+00  7.00    2.0   1.0  -37.6  90.0   1.0
146  2.12e-01  5.06e+00 -3.45e+00  7.00    2.0   1.0  -37.6  90.0   1.0
147  2.51e-01  6.65e+00 -4.67e+00  7.00    2.0   1.0  -37.6  90.0   1.0
148  4.89e-01  8.23e+00 -5.89e+00  7.00    2.0   1.0  -37.6  90.0   1.0
149  6.29e-01  9.82e+00 -7.11e+00  7.00    2.0   1.0  -37.6  90.0   1.0
150  6.48e-01  1.14e+01 -8.33e+00  7.00    2.0   1.0  -37.6  90.0   1.0
151  5.61e-01  1.30e+01 -9.55e+00  7.00    2.0   1.0  -37.6  90.0   1.0
152  3.56e-01  1.46e+01 -1.08e+01  7.00    2.0   1.0  -37.6  90.0   1.0
153  1.59e-01  1.62e+01 -1.20e+01  7.00    2.0   1.0  -37.6  90.0   1.0
154  2.31e-02  1.77e+01 -1.32e+01  7.00    2.0   1.0  -37.6  90.0   1.0
155  7.79e-03  1.93e+01 -1.44e+01  7.00    2.0   1.0  -37.6  90.0   1.0
156  9.52e-04  2.09e+01 -1.57e+01  7.00    2.0   1.0  -37.6  90.0   1.0
157  0.00e+00  2.25e+01 -1.69e+01  7.00    2.0   1.0  -37.6  90.0   1.0
158  0.00e+00  2.41e+01 -1.81e+01  7.00    2.0   1.0  -37.6  90.0   1.0
159  0.00e+00  2.57e+01 -1.93e+01  7.00    2.0   1.0  -37.6  90.0   1.0
160  0.00e+00  2.72e+01 -2.05e+01  7.00    2.0   1.0  -37.6  90.0   1.0
161  4.23e-02 -2.86e+00  2.65e+00  6.00    2.0   1.0  -37.6  90.0   1.0
162  1.21e-01 -1.28e+00  1.43e+00  6.00    2.0   1.0  -37.6  90.0   1.0
163  2.28e-01  3.09e-01  2.09e-01  6.00    2.0   1.0  -37.6  90.0   1.0
164  3.80e-01  1.89e+00 -1.01e+00  6.00    2.0   1.0  -37.6  90.0   1.0
165  4.55e-01  3.48e+00 -2.23e+00  6.00    2.0   1.0  -37.6  90.0   1.0
166  2.78e-01  5.06e+00 -3.45e+00  6.00    2.0   1.0  -37.6  90.0   1.0
167  3.31e-01  6.65e+00 -4.67e+00  6.00    2.0   1.0  -37.6  90.0   1.0
168  5.61e-01  8.23e+00 -5.89e+00  6.00    2.0   1.0  -37.6  90.0   1.0
169  5.84e-01  9.82e+00 -7.11e+00  6.00    2.0   1.0  -37.6  90.0   1.0
170  5.39e-01  1.14e+01 -8.33e+00  6.00    2.0   1.0  -37.6  90.0   1.0
171  4.54e-01  1.30e+01 -9.55e+00  6.00    2.0   1.0  -37.6  90.0   1.0
172  2.83e-01  1.46e+01 -1.08e+01  6.00    2.0   1.0  -37.6  90.0   1.0
173  1.36e-01  1.62e+01 -1.20e+01  6.00    2.0   1.0  -37.6  90.0   1.0
174  3.28e-02  1.77e+01 -1.32e+01  6.00    2.0   1.0  -37.6  90.0   1.0
175  1.88e-02  1.93e+01 -1.44e+01  6.00    2.0   1.0  -37.6  90.0   1.0
176  2.87e-03  2.09e+01 -1.57e+01  6.00    2.0   1.0  -37.6  90.0   1.0
177  0.00e+00  2.25e+01 -1.69e+01  6.00    2.0   1.0  -37.6  90.0   1.0
178  0.00e+00  2.41e+01 -1.81e+01  6.00    2.0   1.0  -37.6  90.0   1.0
179  0.00e+00  2.57e+01 -1.93e+01  6.00    2.0   1.0  -37.6  90.0   1.0
180  0.00e+00  2.72e+01 -2.05e+01  6.00    2.0   1.0  -37.6  90.0   1.0
181  1.05e-02 -2.86e+00  2.65e+00  5.00    2.0   1.0  -37.6  90.0   1.0
182  2.27e-02 -1.28e+00  1.43e+00  5.00    2.0   1.0  -37.6  90.0   1.0
183  1.32e-01  3.09e-01  2.09e-01  5.00    2.0   1.0  -37.6  90.0   1.0
184  3.26e-01  1.89e+00 -1.01e+00  5.00    2.0   1.0  -37.6  90.0   1.0
185  4.42e-01  3.48e+00 -2.23e+00  5.00    2.0   1.0  -37.6  90.0   1.0
186  2.50e-01  5.06e+00 -3.45e+00  5.00    2.0   1.0  -37.6  90.0   1.0
187  3.30e-01  6.65e+00 -4.67e+00  5.00    2.0   1.0  -37.6  90.0   1.0
188  5.39e-01  8.23e+00 -5.89e+00  5.00    2.0   1.0  -37.6  90.0   1.0
189  4.06e-01  9.82e+00 -7.11e+00  5.00    2.0   1.0  -37.6  90.0   1.0
190  2.04e-01  1.14e+01 -8.33e+00  5.00    2.0   1.0  -37.6  90.0   1.0
191  1.38e-01  1.30e+01 -9.55e+00  5.00    2.0   1.0  -37.6  90.0   1.0
192  8.98e-02  1.46e+01 -1.08e+01  5.00    2.0   1.0  -37.6  90.0   1.0
193  6.25e-02  1.62e+01 -1.20e+01  5.00    2.0   1.0  -37.6  90.0   1.0
194  4.10e-02  1.77e+01 -1.32e+01  5.00    2.0   1.0  -37.6  90.0   1.0
195  3.34e-02  1.93e+01 -1.44e+01  5.00    2.0   1.0  -37.6  90.0   1.0
196  4.42e-03  2.09e+01 -1.57e+01  5.00    2.0   1.0  -37.6  90.0   1.0
197  6.52e-04  2.25e+01 -1.69e+01  5.00    2.0   1.0  -37.6  90.0   1.0
198  0.00e+00  2.41e+01 -1.81e+01  5.00    2.0   1.0  -37.6  90.0   1.0
199  0.00e+00  2.57e+01 -1.93e+01  5.00    2.0   1.0  -37.6  90.0   1.0
200  0.00e+00  2.72e+01 -2.05e+01  5.00    2.0   1.0  -37.6  90.0   1.0
201  4.32e-03 -2.86e+00  2.65e+00  4.00    2.0   1.0  -37.6  90.0   1.0
202  4.72e-04 -1.28e+00  1.43e+00  4.00    2.0   1.0  -37.6  90.0   1.0
203  1.16e-01  3.09e-01  2.09e-01  4.00    2.0   1.0  -37.6  90.0   1.0
204  3.56e-01  1.89e+00 -1.01e+00  4.00    2.0   1.0  -37.6  90.0   1.0
205  4.41e-01  3.48e+00 -2.23e+00  4.00    2.0   1.0  -37.6  90.0   1.0
206  1.64e-01  5.06e+00 -3.45e+00  4.00    2.0   1.0  -37.6  90.0   1.0
207  2.63e-01  6.65e+00 -4.67e+00  4.00    2.0   1.0  -37.6  90.0   1.0
208  4.51e-01  8.23e+00 -5.89e+00  4.00    2.0   1.0  -37.6  90.0   1.0
209  2.58e-01  9.82e+00 -7.11e+00  4.00    2.0   1.0  -37.6  90.0   1.0
210  1.20e-01  1.14e+01 -8.33e+00  4.00    2.0   1.0  -37.6  90.0   1.0
211  1.41e-01  1.30e+01 -9.55e+00  4.00    2.0   1.0  -37.6  90.0   1.0
212  8.89e-02  1.46e+01 -1.08e+01  4.00    2.0   1.0  -37.6  90.0   1.0
213  7.66e-02  1.62e+01 -1.20e+01  4.00    2.0   1.0  -37.6  90.0   1.0
214  6.84e-02  1.77e+01 -1.32e+01  4.00    2.0   1.0  -37.6  90.0   1.0
215  5.11e-02  1.93e+01 -1.44e+01  4.00    2.0   1.0  -37.6  90.0   1.0
216  6.54e-03  2.09e+01 -1.57e+01  4.00    2.0   1.0  -37.6  90.0   1.0
217  1.56e-03  2.25e+01 -1.69e+01  4.00    2.0   1.0  -37.6  90.0   1.0
218  0.00e+00  2.41e+01 -1.81e+01  4.00    2.0   1.0  -37.6  90.0   1.0
219  0.00e+00  2.57e+01 -1.93e+01  4.00    2.0   1.0  -37.6  90.0   1.0
220  0.00e+00  2.72e+01 -2.05e+01  4.00    2.0   1.0  -37.6  90.0   1.0
221  0.00e+00 -2.86e+00  2.65e+00  3.00    2.0   1.0  -37.6  90.0   1.0
222  2.81e-03 -1.28e+00  1.43e+00  3.00    2.0   1.0  -37.6  90.0   1.0
223  1.44e-01  3.09e-01  2.09e-01  3.00    2.0   1.0  -37.6  90.0   1.0
224  4.50e-01  1.89e+00 -1.01e+00  3.00    2.0   1.0  -37.6  90.0   1.0
225  4.14e-01  3.48e+00 -2.23e+00  3.00    2.0   1.0  -37.6  90.0   1.0
226  2.50e-02  5.06e+00 -3.45e+00  3.00    2.0   1.0  -37.6  90.0   1.0
227  1.47e-01  6.65e+00 -4.67e+00  3.00    2.0   1.0  -37.6  90.0   1.0
228  3.05e-01  8.23e+00 -5.89e+00  3.00    2.0   1.0  -37.6  90.0   1.0
229  1.12e-01  9.82e+00 -7.11e+00  3.00    2.0   1.0  -37.6  90.0   1.0
230  3.77e-02  1.14e+01 -8.33e+00  3.00    2.0   1.0  -37.6  90.0   1.0
231  1.72e-01  1.30e+01 -9.55e+00  3.00    2.0   1.0  -37.6  90.0   1.0
232  1.29e-01  1.46e+01 -1.08e+01  3.00    2.0   1.0  -37.6  90.0   1.0
233  1.18e-01  1.62e+01 -1.20e+01  3.00    2.0   1.0  -37.6  90.0   1.0
234  9.99e-02  1.77e+01 -1.32e+01  3.00    2.0   1.0  -37.6  90.0   1.0
235  6.46e-02  1.93e+01 -1.44e+01  3.00    2.0   1.0  -37.6  90.0   1.0
236  7.98e-03  2.09e+01 -1.57e+01  3.00    2.0   1.0  -37.6  90.0   1.0
237  2.38e-03  2.25e+01 -1.69e+01  3.00    2.0   1.0  -37.6  90.0   1.0
238  0.00e+00  2.41e+01 -1.81e+01  3.00    2.0   1.0  -37.6  90.0   1.0
239  0.00e+00  2.57e+01 -1.93e+01  3.00    2.0   1.0  -37.6  90.0   1.0
240  0.00e+00  2.72e+01 -2.05e+01  3.00    2.0   1.0  -37.6  90.0   1.0
241  0.00e+00 -2.86e+00  2.65e+00  2.00    2.0   1.0  -37.6  90.0   1.0
242  3.58e-03 -1.28e+00  1.43e+00  2.00    2.0   1.0  -37.6  90.0   1.0
243  9.53e-02  3.09e-01  2.09e-01  2.00    2.0   1.0  -37.6  90.0   1.0
244  3.63e-01  1.89e+00 -1.01e+00  2.00    2.0   1.0  -37.6  90.0   1.0
245  3.04e-01  3.48e+00 -2.23e+00  2.00    2.0   1.0  -37.6  90.0   1.0
246  0.00e+00  5.06e+00 -3.45e+00  2.00    2.0   1.0  -37.6  90.0   1.0
247  1.10e-01  6.65e+00 -4.67e+00  2.00    2.0   1.0  -37.6  90.0   1.0
248  1.57e-01  8.23e+00 -5.89e+00  2.00    2.0   1.0  -37.6  90.0   1.0
249  3.91e-02  9.82e+00 -7.11e+00  2.00    2.0   1.0  -37.6  90.0   1.0
250  0.00e+00  1.14e+01 -8.33e+00  2.00    2.0   1.0  -37.6  90.0   1.0
251  2.56e-01  1.30e+01 -9.55e+00  2.00    2.0   1.0  -37.6  90.0   1.0
252  1.74e-01  1.46e+01 -1.08e+01  2.00    2.0   1.0  -37.6  90.0   1.0
253  1.41e-01  1.62e+01 -1.20e+01  2.00    2.0   1.0  -37.6  90.0   1.0
254  1.13e-01  1.77e+01 -1.32e+01  2.00    2.0   1.0  -37.6  90.0   1.0
255  6.57e-02  1.93e+01 -1.44e+01  2.00    2.0   1.0  -37.6  90.0   1.0
256  7.61e-03  2.09e+01 -1.57e+01  2.00    2.0   1.0  -37.6  90.0   1.0
257  2.52e-03  2.25e+01 -1.69e+01  2.00    2.0   1.0  -37.6  90.0   1.0
258  4.36e-04  2.41e+01 -1.81e+01  2.00    2.0   1.0  -37.6  90.0   1.0
259  0.00e+00  2.57e+01 -1.93e+01  2.00    2.0   1.0  -37.6  90.0   1.0
260  0.00e+00  2.72e+01 -2.05e+01  2.00    2.0   1.0  -37.6  90.0   1.0
261  4.20e-03 -2.86e+00  2.65e+00  1.00    2.0   1.0  -37.6  90.0   1.0
262  9.76e-03 -1.28e+00  1.43e+00  1.00    2.0   1.0  -37.6  90.0   1.0
263  2.51e-02  3.09e-01  2.09e-01  1.00    2.0   1.0  -37.6  90.0   1.0
264  1.72e-01  1.89e+00 -1.01e+00  1.00    2.0   1.0  -37.6  90.0   1.0
265  8.08e-02  3.48e+00 -2.23e+00  1.00    2.0   1.0  -37.6  90.0   1.0
266  0.00e+00  5.06e+00 -3.45e+00  1.00    2.0   1.0  -37.6  90.0   1.0
267  1.06e-01  6.65e+00 -4.67e+00  1.00    2.0   1.0  -37.6  90.0   1.0
268  4.07e-02  8.23e+00 -5.89e+00  1.00    2.0   1.0  -37.6  90.0   1.0
269  1.70e-01  9.82e+00 -7.11e+00  1.00    2.0   1.0  -37.6  90.0   1.0
270  0.00e+00  1.14e+01 -8.33e+00  1.00    2.0   1.0  -37.6  90.0   1.0
271  2.38e-01  1.30e+01 -9.55e+00  1.00    2.0   1.0  -37.6  90.0   1.0
272  1.48e-01  1.46e+01 -1.08e+01  1.00    2.0   1.0  -37.6  90.0   1.0
273  9.22e-02  1.62e+01 -1.20e+01  1.00    2.0   1.0  -37.6  90.0   1.0
274  7.54e-02  1.77e+01 -1.32e+01  1.00    2.0   1.0  -37.6  90.0   1.0
275  2.37e-02  1.93e+01 -1.44e+01  1.00    2.0   1.0  -37.6  90.0   1.0
276  3.02e-03  2.09e+01 -1.57e+01  1.00    2.0   1.0  -37.6  90.0   1.0
277  2.64e-04  2.25e+01 -1.69e+01  1.00    2.0   1.0  -37.6  90.0   1.0
278  1.39e-03  2.41e+01 -1.81e+01  1.00    2.0   1.0  -37.6  90.0   1.0
279  0.00e+00  2.57e+01 -1.93e+01  1.00    2.0   1.0  -37.6  90.0   1.0
280  0.00e+00  2.72e+01 -2.05e+01  1.00    2.0   1.0  -37.6  90.0   1.0
281  4.61e-02 -2.86e+00  2.65e+00  0.00    2.0   1.0  -37.6  90.0   1.0
282  0.00e+00 -1.28e+00  1.43e+00  0.00    2.0   1.0  -37.6  90.0   1.0
283  0.00e+00  3.09e-01  2.09e-01  0.00    2.0   1.0  -37.6  90.0   1.0
284  0.00e+00  1.89e+00 -1.01e+00  0.00    2.0   1.0  -37.6  90.0   1.0
285  0.00e+00  3.48e+00 -2.23e+00  0.00    2.0   1.0  -37.6  90.0   1.0
286  0.00e+00  5.06e+00 -3.45e+00  0.00    2.0   1.0  -37.6  90.0   1.0
287  1.03e-01  6.65e+00 -4.67e+00  0.00    2.0   1.0  -37.6  90.0   1.0
288  5.07e-02  8.23e+00 -5.89e+00  0.00    2.0   1.0  -37.6  90.0   1.0
289  1.04e-01  9.82e+00 -7.11e+00  0.00    2.0   1.0  -37.6  90.0   1.0
290  5.98e-02  1.14e+01 -8.33e+00  0.00    2.0   1.0  -37.6  90.0   1.0
291  1.83e-01  1.30e+01 -9.55e+00  0.00    2.0   1.0  -37.6  90.0   1.0
292  7.90e-02  1.46e+01 -1.08e+01  0.00    2.0   1.0  -37.6  90.0   1.0
293  0.00e+00  1.62e+01 -1.20e+01  0.00    2.0   1.0  -37.6  90.0   1.0
294  0.00e+00  1.77e+01 -1.32e+01  0.00    2.0   1.0  -37.6  90.0   1.0
295  0.00e+00  1.93e+01 -1.44e+01  0.00    2.0   1.0  -37.6  90.0   1.0
296  0.00e+00  2.09e+01 -1.57e+01  0.00    2.0   1.0  -37.6  90.0   1.0
297  0.00e+00  2.25e+01 -1.69e+01  0.00    2.0   1.0  -37.6  90.0   1.0
298  0.00e+00  2.41e+01 -1.81e+01  0.00    2.0   1.0  -37.6  90.0   1.0
299  0.00e+00  2.57e+01 -1.93e+01  0.00    2.0   1.0  -37.6  90.0   1.0
300  0.00e+00  2.72e+01 -2.05e+01  0.00    2.0   1.0  -37.6  90.0   1.0
