# 2004 Mw6.0 Parkfield earthquake coseismic slip model from
#
#   Barbot S. N. Lapusta and J.-P. Avouac, "Under the Hood of 
#   the Earthquake Machine: Towards Predictive Modeling of the 
#   Seismic Cycle", Science, 2012
#
# Conventions and units:
#
# slip - amplitude of slip (m)
# x1   - positive north (km)
# x2   - positive east (km)
# x3   - positive down (km)
# l    - patch length in the strike direction (km)
# w    - patch width in the dip direction (km)
# str  - strike angle (degree)
# d    - dip angle (degree)
# rake - slip rake (degree)
#
# Geometry:
#
#                 N (x1)
#                /
#               /| Strike
#   x1,x2,x3 ->@------------------------      (x2)
#              |\        p .            \ W
#              :-\      i .              \ i
#              |  \    l .                \ d
#              :90 \  S .                  \ t
#              |-Dip\  .                    \ h
#              :     \. | Rake               \
#              |      -------------------------
#              :             L e n g t h
#              Z (x3)
#              
# no     slip       x1       x2         x3     l    w str  d rak
001  0.00e+00 -3.55404   3.86611   +1.4e+01 2.00 1.00 -39 90 180
002  0.00e+00 -1.99837   2.6069    +1.4e+01 2.00 1.00 -39 90 180
003  0.00e+00 -0.447388  1.34729   +1.4e+01 2.00 1.00 -39 90 180
004  0.00e+00  1.10274   0.0906077 +1.4e+01 2.00 1.00 -39 90 180
005  0.00e+00  2.65832  -1.1676    +1.4e+01 2.00 1.00 -39 90 180
006  0.00e+00  4.21433  -2.43079   +1.4e+01 2.00 1.00 -39 90 180
007  0.00e+00  5.77     -3.69      +1.4e+01 2.00 1.00 -39 90 180
008  0.00e+00  7.3248   -4.93924   +1.4e+01 2.00 1.00 -39 90 180
009  0.00e+00  8.88046  -6.19845   +1.4e+01 2.00 1.00 -39 90 180
010  0.00e+00 10.4461   -7.45679   +1.4e+01 2.00 1.00 -39 90 180
011  0.00e+00 11.9619   -8.71948   +1.4e+01 2.00 1.00 -39 90 180
012  0.00e+00 13.5747   -9.94357   +1.4e+01 2.00 1.00 -39 90 180
013  0.00e+00 15.0914  -11.2162    +1.4e+01 2.00 1.00 -39 90 180
014  0.00e+00 16.6081  -12.4889    +1.4e+01 2.00 1.00 -39 90 180
015  0.00e+00 18.2244  -13.7528    +1.4e+01 2.00 1.00 -39 90 180
016  0.00e+00 19.7411  -15.0255    +1.4e+01 2.00 1.00 -39 90 180
017  1.00e-04 21.3574  -16.2894    +1.4e+01 2.00 1.00 -39 90 180
018  0.00e+00 22.8741  -17.5621    +1.4e+01 2.00 1.00 -39 90 180
019  0.00e+00 24.3908  -18.8347    +1.4e+01 2.00 1.00 -39 90 180
020  0.00e+00 25.9984  -19.999     +1.4e+01 2.00 1.00 -39 90 180
021  0.00e+00 -3.55404   3.86611   +1.3e+01 2.00 1.00 -39 90 180
022  0.00e+00 -1.99837   2.6069    +1.3e+01 2.00 1.00 -39 90 180
023  0.00e+00 -0.447388  1.34729   +1.3e+01 2.00 1.00 -39 90 180
024  0.00e+00  1.10274   0.0906077 +1.3e+01 2.00 1.00 -39 90 180
025  0.00e+00  2.65832  -1.1676    +1.3e+01 2.00 1.00 -39 90 180
026  0.00e+00  4.21433  -2.43079   +1.3e+01 2.00 1.00 -39 90 180
027  0.00e+00  5.77     -3.69      +1.3e+01 2.00 1.00 -39 90 180
028  0.00e+00  7.3248   -4.93924   +1.3e+01 2.00 1.00 -39 90 180
029  0.00e+00  8.88046  -6.19845   +1.3e+01 2.00 1.00 -39 90 180
030  0.00e+00 10.4461   -7.45679   +1.3e+01 2.00 1.00 -39 90 180
031  0.00e+00 11.9619   -8.71948   +1.3e+01 2.00 1.00 -39 90 180
032  0.00e+00 13.5747   -9.94357   +1.3e+01 2.00 1.00 -39 90 180
033  0.00e+00 15.0914   -11.2162   +1.3e+01 2.00 1.00 -39 90 180
034  0.00e+00 16.6081   -12.4889   +1.3e+01 2.00 1.00 -39 90 180
035  0.00e+00 18.2244   -13.7528   +1.3e+01 2.00 1.00 -39 90 180
036  0.00e+00 19.7411   -15.0255   +1.3e+01 2.00 1.00 -39 90 180
037  1.00e-04 21.3574   -16.2894   +1.3e+01 2.00 1.00 -39 90 180
038  1.00e-04 22.8741   -17.5621   +1.3e+01 2.00 1.00 -39 90 180
039  0.00e+00 24.3908   -18.8347   +1.3e+01 2.00 1.00 -39 90 180
040  0.00e+00 25.9984   -19.999    +1.3e+01 2.00 1.00 -39 90 180
041  0.00e+00 -3.55404    3.86611  +1.2e+01 2.00 1.00 -39 90 180
042  0.00e+00 -1.99837    2.6069   +1.2e+01 2.00 1.00 -39 90 180
043  0.00e+00 -0.447388   1.34729  +1.2e+01 2.00 1.00 -39 90 180
044  0.00e+00  1.10274    0.0906077 +1.2e+01 2.00 1.00 -39 90 180
045  0.00e+00  2.65832   -1.1676   +1.2e+01 2.00 1.00 -39 90 180
046  0.00e+00  4.21433   -2.43079  +1.2e+01 2.00 1.00 -39 90 180
047  0.00e+00  5.77      -3.69     +1.2e+01 2.00 1.00 -39 90 180
048  0.00e+00  7.3248    -4.93924  +1.2e+01 2.00 1.00 -39 90 180
049  0.00e+00 8.88046    -6.19845  +1.2e+01 2.00 1.00 -39 90 180
050  0.00e+00 10.4461    -7.45679  +1.2e+01 2.00 1.00 -39 90 180
051  0.00e+00 11.9619    -8.71948  +1.2e+01 2.00 1.00 -39 90 180
052  1.10e-03 13.5747    -9.94357  +1.2e+01 2.00 1.00 -39 90 180
053  1.60e-03 15.0914   -11.2162   +1.2e+01 2.00 1.00 -39 90 180
054  1.30e-03 16.6081   -12.4889   +1.2e+01 2.00 1.00 -39 90 180
055  6.00e-04 18.2244   -13.7528   +1.2e+01 2.00 1.00 -39 90 180
056  0.00e+00 19.7411   -15.0255   +1.2e+01 2.00 1.00 -39 90 180
057  1.00e-04 21.3574   -16.2894   +1.2e+01 2.00 1.00 -39 90 180
058  1.00e-04 22.8741   -17.5621   +1.2e+01 2.00 1.00 -39 90 180
059  0.00e+00 24.3908   -18.8347   +1.2e+01 2.00 1.00 -39 90 180
060  0.00e+00 25.9984   -19.999    +1.2e+01 2.00 1.00 -39 90 180
061  0.00e+00 -3.55404    3.86611  +1.1e+01 2.00 1.00 -39 90 180
062  0.00e+00 -1.99837    2.6069   +1.1e+01 2.00 1.00 -39 90 180
063  1.07e-02 -0.447388   1.34729  +1.1e+01 2.00 1.00 -39 90 180
064  2.22e-02  1.10274    0.0906077 +1.1e+01 2.00 1.00 -39 90 180
065  4.80e-03  2.65832   -1.1676   +1.1e+01 2.00 1.00 -39 90 180
066  3.10e-03  4.21433   -2.43079  +1.1e+01 2.00 1.00 -39 90 180
067  3.70e-03  5.77      -3.69     +1.1e+01 2.00 1.00 -39 90 180
068  4.80e-03  7.3248    -4.93924  +1.1e+01 2.00 1.00 -39 90 180
069  5.80e-03  8.88046   -6.19845  +1.1e+01 2.00 1.00 -39 90 180
070  6.20e-03 10.4461    -7.45679  +1.1e+01 2.00 1.00 -39 90 180
071  1.43e-02 11.9619    -8.71948  +1.1e+01 2.00 1.00 -39 90 180
072  1.09e-01 13.5747    -9.94357  +1.1e+01 2.00 1.00 -39 90 180
073  1.36e-01 15.0914   -11.2162   +1.1e+01 2.00 1.00 -39 90 180
074  1.08e-01 16.6081   -12.4889   +1.1e+01 2.00 1.00 -39 90 180
075  5.19e-02 18.2244   -13.7528   +1.1e+01 2.00 1.00 -39 90 180
076  8.00e-04 19.7411   -15.0255   +1.1e+01 2.00 1.00 -39 90 180
077  0.00e+00 21.3574   -16.2894   +1.1e+01 2.00 1.00 -39 90 180
078  1.00e-04 22.8741   -17.5621   +1.1e+01 2.00 1.00 -39 90 180
079  0.00e+00 24.3908   -18.8347   +1.1e+01 2.00 1.00 -39 90 180
080  0.00e+00 25.9984   -19.999    +1.1e+01 2.00 1.00 -39 90 180
081  0.00e+00 -3.55404    3.86611  +1.0e+01 2.00 1.00 -39 90 180
082  1.96e-02 -1.99837    2.6069   +1.0e+01 2.00 1.00 -39 90 180
083  7.05e-02 -0.447388   1.34729  +1.0e+01 2.00 1.00 -39 90 180
084  1.20e-01  1.10274    0.0906077 +1.0e+01 2.00 1.00 -39 90 180
085  1.31e-01  2.65832   -1.1676   +1.0e+01 2.00 1.00 -39 90 180
086  1.38e-01  4.21433   -2.43079  +1.0e+01 2.00 1.00 -39 90 180
087  1.56e-01  5.77      -3.69     +1.0e+01 2.00 1.00 -39 90 180
088  1.78e-01  7.3248    -4.93924  +1.0e+01 2.00 1.00 -39 90 180
089  1.97e-01  8.88046   -6.19845  +1.0e+01 2.00 1.00 -39 90 180
090  2.08e-01 10.4461    -7.45679  +1.0e+01 2.00 1.00 -39 90 180
091  2.35e-01 11.9619    -8.71948  +1.0e+01 2.00 1.00 -39 90 180
092  2.95e-01 13.5747    -9.94357  +1.0e+01 2.00 1.00 -39 90 180
093  2.90e-01 15.0914   -11.2162   +1.0e+01 2.00 1.00 -39 90 180
094  2.15e-01 16.6081   -12.4889   +1.0e+01 2.00 1.00 -39 90 180
095  1.01e-01 18.2244   -13.7528   +1.0e+01 2.00 1.00 -39 90 180
096  4.20e-03 19.7411   -15.0255   +1.0e+01 2.00 1.00 -39 90 180
097  0.00e+00 21.3574 -16.2894 +1.0e+01 2.00 1.00 -39 90 180
098  1.00e-04 22.8741 -17.5621 +1.0e+01 2.00 1.00 -39 90 180
099  0.00e+00 24.3908 -18.8347 +1.0e+01 2.00 1.00 -39 90 180
100  0.00e+00 25.9984 -19.999 +1.0e+01 2.00 1.00 -39 90 180
101  0.00e+00 -3.55404 3.86611 +9.0e+00 2.00 1.00 -39 90 180
102  6.02e-02 -1.99837 2.6069 +9.0e+00 2.00 1.00 -39 90 180
103  1.59e-01 -0.447388 1.34729 +9.0e+00 2.00 1.00 -39 90 180
104  2.47e-01  1.10274 0.0906077 +9.0e+00 2.00 1.00 -39 90 180
105  2.73e-01  2.65832 -1.1676 +9.0e+00 2.00 1.00 -39 90 180
106  2.90e-01  4.21433 -2.43079 +9.0e+00 2.00 1.00 -39 90 180
107  3.29e-01  5.77 -3.69 +9.0e+00 2.00 1.00 -39 90 180
108  3.72e-01  7.3248 -4.93924 +9.0e+00 2.00 1.00 -39 90 180
109  4.03e-01  8.88046 -6.19845 +9.0e+00 2.00 1.00 -39 90 180
110  4.08e-01 10.4461 -7.45679 +9.0e+00 2.00 1.00 -39 90 180
111  4.35e-01 11.9619 -8.71948 +9.0e+00 2.00 1.00 -39 90 180
112  4.84e-01 13.5747 -9.94357 +9.0e+00 2.00 1.00 -39 90 180
113  4.48e-01 15.0914 -11.2162 +9.0e+00 2.00 1.00 -39 90 180
114  3.21e-01 16.6081 -12.4889 +9.0e+00 2.00 1.00 -39 90 180
115  1.46e-01 18.2244 -13.7528 +9.0e+00 2.00 1.00 -39 90 180
116  6.50e-03 19.7411 -15.0255 +9.0e+00 2.00 1.00 -39 90 180
117  0.00e+00 21.3574 -16.2894 +9.0e+00 2.00 1.00 -39 90 180
118  0.00e+00 22.8741 -17.5621 +9.0e+00 2.00 1.00 -39 90 180
119  0.00e+00 24.3908 -18.8347 +9.0e+00 2.00 1.00 -39 90 180
120  0.00e+00 25.9984 -19.999 +9.0e+00 2.00 1.00 -39 90 180
121  0.00e+00 -3.55404 3.86611 +8.0e+00 2.00 1.00 -39 90 180
122  1.07e-01 -1.99837 2.6069 +8.0e+00 2.00 1.00 -39 90 180
123  2.56e-01 -0.447388 1.34729 +8.0e+00 2.00 1.00 -39 90 180
124  3.81e-01  1.10274 0.0906077 +8.0e+00 2.00 1.00 -39 90 180
125  4.16e-01  2.65832 -1.1676 +8.0e+00 2.00 1.00 -39 90 180
126  4.37e-01  4.21433 -2.43079 +8.0e+00 2.00 1.00 -39 90 180
127  4.92e-01  5.77 -3.69 +8.0e+00 2.00 1.00 -39 90 180
128  5.54e-01  7.3248 -4.93924 +8.0e+00 2.00 1.00 -39 90 180
129  5.96e-01  8.88046 -6.19845 +8.0e+00 2.00 1.00 -39 90 180
130  5.86e-01 10.4461 -7.45679 +8.0e+00 2.00 1.00 -39 90 180
131  6.01e-01 11.9619 -8.71948 +8.0e+00 2.00 1.00 -39 90 180
132  6.26e-01 13.5747 -9.94357 +8.0e+00 2.00 1.00 -39 90 180
133  5.57e-01 15.0914 -11.2162 +8.0e+00 2.00 1.00 -39 90 180
134  3.85e-01 16.6081 -12.4889 +8.0e+00 2.00 1.00 -39 90 180
135  1.71e-01 18.2244 -13.7528 +8.0e+00 2.00 1.00 -39 90 180
136  7.40e-03 19.7411 -15.0255 +8.0e+00 2.00 1.00 -39 90 180
137  0.00e+00 21.3574 -16.2894 +8.0e+00 2.00 1.00 -39 90 180
138  0.00e+00 22.8741 -17.5621 +8.0e+00 2.00 1.00 -39 90 180
139  0.00e+00 24.3908 -18.8347 +8.0e+00 2.00 1.00 -39 90 180
140  0.00e+00 25.9984 -19.999 +8.0e+00 2.00 1.00 -39 90 180
141  0.00e+00 -3.55404 3.86611 +7.0e+00 2.00 1.00 -39 90 180
142  1.45e-01 -1.99837 2.6069 +7.0e+00 2.00 1.00 -39 90 180
143  3.28e-01 -0.447388 1.34729 +7.0e+00 2.00 1.00 -39 90 180
144  4.72e-01  1.10274 0.0906077 +7.0e+00 2.00 1.00 -39 90 180
145  4.87e-01  2.65832 -1.1676 +7.0e+00 2.00 1.00 -39 90 180
146  4.96e-01  4.21433 -2.43079 +7.0e+00 2.00 1.00 -39 90 180
147  5.46e-01  5.77 -3.69 +7.0e+00 2.00 1.00 -39 90 180
148  5.99e-01  7.3248 -4.93924 +7.0e+00 2.00 1.00 -39 90 180
149  6.34e-01  8.88046 -6.19845 +7.0e+00 2.00 1.00 -39 90 180
150  5.94e-01 10.4461 -7.45679 +7.0e+00 2.00 1.00 -39 90 180
151  6.05e-01 11.9619 -8.71948 +7.0e+00 2.00 1.00 -39 90 180
152  6.54e-01 13.5747 -9.94357 +7.0e+00 2.00 1.00 -39 90 180
153  5.82e-01 15.0914 -11.2162 +7.0e+00 2.00 1.00 -39 90 180
154  3.92e-01 16.6081 -12.4889 +7.0e+00 2.00 1.00 -39 90 180
155  1.67e-01 18.2244 -13.7528 +7.0e+00 2.00 1.00 -39 90 180
156  6.60e-03 19.7411 -15.0255 +7.0e+00 2.00 1.00 -39 90 180
157  0.00e+00 21.3574 -16.2894 +7.0e+00 2.00 1.00 -39 90 180
158  0.00e+00 22.8741 -17.5621 +7.0e+00 2.00 1.00 -39 90 180
159  0.00e+00 24.3908 -18.8347 +7.0e+00 2.00 1.00 -39 90 180
160  0.00e+00 25.9984 -19.999 +7.0e+00 2.00 1.00 -39 90 180
161  0.00e+00 -3.55404 3.86611 +6.0e+00 2.00 1.00 -39 90 180
162  1.60e-01 -1.99837 2.6069 +6.0e+00 2.00 1.00 -39 90 180
163  3.56e-01 -0.447388 1.34729 +6.0e+00 2.00 1.00 -39 90 180
164  4.97e-01  1.10274 0.0906077 +6.0e+00 2.00 1.00 -39 90 180
165  4.75e-01  2.65832 -1.1676 +6.0e+00 2.00 1.00 -39 90 180
166  4.57e-01  4.21433 -2.43079 +6.0e+00 2.00 1.00 -39 90 180
167  4.85e-01  5.77 -3.69 +6.0e+00 2.00 1.00 -39 90 180
168  5.34e-01  7.3248 -4.93924 +6.0e+00 2.00 1.00 -39 90 180
169  5.89e-01  8.88046 -6.19845 +6.0e+00 2.00 1.00 -39 90 180
170  5.22e-01 10.4461 -7.45679 +6.0e+00 2.00 1.00 -39 90 180
171  5.23e-01 11.9619 -8.71948 +6.0e+00 2.00 1.00 -39 90 180
172  5.76e-01 13.5747 -9.94357 +6.0e+00 2.00 1.00 -39 90 180
173  5.12e-01 15.0914 -11.2162 +6.0e+00 2.00 1.00 -39 90 180
174  3.28e-01 16.6081 -12.4889 +6.0e+00 2.00 1.00 -39 90 180
175  1.31e-01 18.2244 -13.7528 +6.0e+00 2.00 1.00 -39 90 180
176  4.00e-03 19.7411 -15.0255 +6.0e+00 2.00 1.00 -39 90 180
177  0.00e+00 21.3574 -16.2894 +6.0e+00 2.00 1.00 -39 90 180
178  0.00e+00 22.8741 -17.5621 +6.0e+00 2.00 1.00 -39 90 180
179  0.00e+00 24.3908 -18.8347 +6.0e+00 2.00 1.00 -39 90 180
180  0.00e+00 25.9984 -19.999 +6.0e+00 2.00 1.00 -39 90 180
181  0.00e+00 -3.55404 3.86611 +5.0e+00 2.00 1.00 -39 90 180
182  1.46e-01 -1.99837 2.6069 +5.0e+00 2.00 1.00 -39 90 180
183  3.23e-01 -0.447388 1.34729 +5.0e+00 2.00 1.00 -39 90 180
184  4.25e-01  1.10274 0.0906077 +5.0e+00 2.00 1.00 -39 90 180
185  2.99e-01  2.65832 -1.1676 +5.0e+00 2.00 1.00 -39 90 180
186  2.42e-01  4.21433 -2.43079 +5.0e+00 2.00 1.00 -39 90 180
187  2.28e-01  5.77 -3.69 +5.0e+00 2.00 1.00 -39 90 180
188  1.62e-01  7.3248 -4.93924 +5.0e+00 2.00 1.00 -39 90 180
189  1.85e-01  8.88046 -6.19845 +5.0e+00 2.00 1.00 -39 90 180
190  9.52e-02 10.4461 -7.45679 +5.0e+00 2.00 1.00 -39 90 180
191  1.31e-01 11.9619 -8.71948 +5.0e+00 2.00 1.00 -39 90 180
192  3.27e-01 13.5747 -9.94357 +5.0e+00 2.00 1.00 -39 90 180
193  3.52e-01 15.0914 -11.2162 +5.0e+00 2.00 1.00 -39 90 180
194  2.16e-01 16.6081 -12.4889 +5.0e+00 2.00 1.00 -39 90 180
195  7.64e-02 18.2244 -13.7528 +5.0e+00 2.00 1.00 -39 90 180
196  4.00e-04 19.7411 -15.0255 +5.0e+00 2.00 1.00 -39 90 180
197  0.00e+00 21.3574 -16.2894 +5.0e+00 2.00 1.00 -39 90 180
198  0.00e+00 22.8741 -17.5621 +5.0e+00 2.00 1.00 -39 90 180
199  0.00e+00 24.3908 -18.8347 +5.0e+00 2.00 1.00 -39 90 180
200  0.00e+00 25.9984 -19.999 +5.0e+00 2.00 1.00 -39 90 180
201  0.00e+00 -3.55404 3.86611 +4.0e+00 2.00 1.00 -39 90 180
202  1.10e-01 -1.99837 2.6069 +4.0e+00 2.00 1.00 -39 90 180
203  2.55e-01 -0.447388 1.34729 +4.0e+00 2.00 1.00 -39 90 180
204  3.41e-01  1.10274 0.0906077 +4.0e+00 2.00 1.00 -39 90 180
205  2.18e-01  2.65832 -1.1676 +4.0e+00 2.00 1.00 -39 90 180
206  1.48e-01  4.21433 -2.43079 +4.0e+00 2.00 1.00 -39 90 180
207  1.03e-01  5.77 -3.69 +4.0e+00 2.00 1.00 -39 90 180
208  1.29e-01  7.3248 -4.93924 +4.0e+00 2.00 1.00 -39 90 180
209  1.87e-01  8.88046 -6.19845 +4.0e+00 2.00 1.00 -39 90 180
210  1.02e-01 10.4461 -7.45679 +4.0e+00 2.00 1.00 -39 90 180
211  8.16e-02 11.9619 -8.71948 +4.0e+00 2.00 1.00 -39 90 180
212  5.34e-02 13.5747 -9.94357 +4.0e+00 2.00 1.00 -39 90 180
213  1.03e-01 15.0914 -11.2162 +4.0e+00 2.00 1.00 -39 90 180
214  5.20e-02 16.6081 -12.4889 +4.0e+00 2.00 1.00 -39 90 180
215  1.22e-02 18.2244 -13.7528 +4.0e+00 2.00 1.00 -39 90 180
216  0.00e+00 19.7411 -15.0255 +4.0e+00 2.00 1.00 -39 90 180
217  0.00e+00 21.3574 -16.2894 +4.0e+00 2.00 1.00 -39 90 180
218  0.00e+00 22.8741 -17.5621 +4.0e+00 2.00 1.00 -39 90 180
219  0.00e+00 24.3908 -18.8347 +4.0e+00 2.00 1.00 -39 90 180
220  0.00e+00 25.9984 -19.999 +4.0e+00 2.00 1.00 -39 90 180
221  0.00e+00 -3.55404 3.86611 +3.0e+00 2.00 1.00 -39 90 180
222  6.21e-02 -1.99837 2.6069 +3.0e+00 2.00 1.00 -39 90 180
223  1.59e-01 -0.447388 1.34729 +3.0e+00 2.00 1.00 -39 90 180
224  2.22e-01  1.10274 0.0906077 +3.0e+00 2.00 1.00 -39 90 180
225  1.03e-01  2.65832 -1.1676 +3.0e+00 2.00 1.00 -39 90 180
226  5.50e-02  4.21433 -2.43079 +3.0e+00 2.00 1.00 -39 90 180
227  3.40e-03  5.77 -3.69 +3.0e+00 2.00 1.00 -39 90 180
228  1.42e-01  7.3248 -4.93924 +3.0e+00 2.00 1.00 -39 90 180
229  2.03e-01  8.88046 -6.19845 +3.0e+00 2.00 1.00 -39 90 180
230  1.70e-01 10.4461 -7.45679 +3.0e+00 2.00 1.00 -39 90 180
231  5.99e-02 11.9619 -8.71948 +3.0e+00 2.00 1.00 -39 90 180
232  8.81e-02 13.5747 -9.94357 +3.0e+00 2.00 1.00 -39 90 180
233  1.12e-01 15.0914 -11.2162 +3.0e+00 2.00 1.00 -39 90 180
234  3.43e-02 16.6081 -12.4889 +3.0e+00 2.00 1.00 -39 90 180
235  0.00e+00 18.2244 -13.7528 +3.0e+00 2.00 1.00 -39 90 180
236  0.00e+00 19.7411 -15.0255 +3.0e+00 2.00 1.00 -39 90 180
237  0.00e+00 21.3574 -16.2894 +3.0e+00 2.00 1.00 -39 90 180
238  0.00e+00 22.8741 -17.5621 +3.0e+00 2.00 1.00 -39 90 180
239  0.00e+00 24.3908 -18.8347 +3.0e+00 2.00 1.00 -39 90 180
240  0.00e+00 25.9984 -19.999 +3.0e+00 2.00 1.00 -39 90 180
241  0.00e+00 -3.55404 3.86611 +2.0e+00 2.00 1.00 -39 90 180
242  1.99e-02 -1.99837 2.6069 +2.0e+00 2.00 1.00 -39 90 180
243  7.40e-02 -0.447388 1.34729 +2.0e+00 2.00 1.00 -39 90 180
244  1.28e-01  1.10274 0.0906077 +2.0e+00 2.00 1.00 -39 90 180
245  8.27e-02  2.65832 -1.1676 +2.0e+00 2.00 1.00 -39 90 180
246  6.68e-02  4.21433 -2.43079 +2.0e+00 2.00 1.00 -39 90 180
247  0.00e+00  5.77 -3.69 +2.0e+00 2.00 1.00 -39 90 180
248  1.36e-01  7.3248 -4.93924 +2.0e+00 2.00 1.00 -39 90 180
249  9.58e-02  8.88046 -6.19845 +2.0e+00 2.00 1.00 -39 90 180
250  2.18e-01 10.4461 -7.45679 +2.0e+00 2.00 1.00 -39 90 180
251  6.24e-02 11.9619 -8.71948 +2.0e+00 2.00 1.00 -39 90 180
252  8.41e-02 13.5747 -9.94357 +2.0e+00 2.00 1.00 -39 90 180
253  6.29e-02 15.0914 -11.2162 +2.0e+00 2.00 1.00 -39 90 180
254  4.50e-03 16.6081 -12.4889 +2.0e+00 2.00 1.00 -39 90 180
255  0.00e+00 18.2244 -13.7528 +2.0e+00 2.00 1.00 -39 90 180
256  0.00e+00 19.7411 -15.0255 +2.0e+00 2.00 1.00 -39 90 180
257  0.00e+00 21.3574 -16.2894 +2.0e+00 2.00 1.00 -39 90 180
258  0.00e+00 22.8741 -17.5621 +2.0e+00 2.00 1.00 -39 90 180
259  0.00e+00 24.3908 -18.8347 +2.0e+00 2.00 1.00 -39 90 180
260  1.00e-04 25.9984 -19.999 +2.0e+00 2.00 1.00 -39 90 180
261  0.00e+00 -3.55404 3.86611 +1.0e+00 2.00 1.00 -39 90 180
262  0.00e+00 -1.99837 2.6069 +1.0e+00 2.00 1.00 -39 90 180
263  1.83e-02 -0.447388 1.34729 +1.0e+00 2.00 1.00 -39 90 180
264  5.17e-02  1.10274 0.0906077 +1.0e+00 2.00 1.00 -39 90 180
265  7.39e-02  2.65832 -1.1676 +1.0e+00 2.00 1.00 -39 90 180
266  1.14e-01  4.21433 -2.43079 +1.0e+00 2.00 1.00 -39 90 180
267  9.00e-03  5.77 -3.69 +1.0e+00 2.00 1.00 -39 90 180
268  1.51e-01  7.3248 -4.93924 +1.0e+00 2.00 1.00 -39 90 180
269  1.12e-01  8.88046 -6.19845 +1.0e+00 2.00 1.00 -39 90 180
270  1.27e-01 10.4461 -7.45679 +1.0e+00 2.00 1.00 -39 90 180
271  1.29e-02 11.9619 -8.71948 +1.0e+00 2.00 1.00 -39 90 180
272  6.57e-02 13.5747 -9.94357 +1.0e+00 2.00 1.00 -39 90 180
273  2.30e-02 15.0914 -11.2162 +1.0e+00 2.00 1.00 -39 90 180
274  0.00e+00 16.6081 -12.4889 +1.0e+00 2.00 1.00 -39 90 180
275  0.00e+00 18.2244 -13.7528 +1.0e+00 2.00 1.00 -39 90 180
276  0.00e+00 19.7411 -15.0255 +1.0e+00 2.00 1.00 -39 90 180
277  0.00e+00 21.3574 -16.2894 +1.0e+00 2.00 1.00 -39 90 180
278  0.00e+00 22.8741 -17.5621 +1.0e+00 2.00 1.00 -39 90 180
279  0.00e+00 24.3908 -18.8347 +1.0e+00 2.00 1.00 -39 90 180
280  6.00e-04 25.9984 -19.999 +1.0e+00 2.00 1.00 -39 90 180
281  3.92e-02 -3.55404 3.86611 +0.0e+00 2.00 1.00 -39 90 180
282  0.00e+00 -1.99837 2.6069 +0.0e+00 2.00 1.00 -39 90 180
283  0.00e+00 -0.447388 1.34729 +0.0e+00 2.00 1.00 -39 90 180
284  0.00e+00  1.10274 0.0906077 +0.0e+00 2.00 1.00 -39 90 180
285  5.42e-02  2.65832 -1.1676 +0.0e+00 2.00 1.00 -39 90 180
286  1.57e-01  4.21433 -2.43079 +0.0e+00 2.00 1.00 -39 90 180
287  1.22e-01  5.77 -3.69 +0.0e+00 2.00 1.00 -39 90 180
288  1.17e-01  7.3248 -4.93924 +0.0e+00 2.00 1.00 -39 90 180
289  6.18e-02  8.88046 -6.19845 +0.0e+00 2.00 1.00 -39 90 180
290  1.31e-01 10.4461 -7.45679 +0.0e+00 2.00 1.00 -39 90 180
291  4.50e-03 11.9619 -8.71948 +0.0e+00 2.00 1.00 -39 90 180
292  6.30e-02 13.5747 -9.94357 +0.0e+00 2.00 1.00 -39 90 180
293  3.95e-02 15.0914 -11.2162 +0.0e+00 2.00 1.00 -39 90 180
294  0.00e+00 16.6081 -12.4889 +0.0e+00 2.00 1.00 -39 90 180
295  0.00e+00 18.2244 -13.7528 +0.0e+00 2.00 1.00 -39 90 180
296  0.00e+00 19.7411 -15.0255 +0.0e+00 2.00 1.00 -39 90 180
297  0.00e+00 21.3574 -16.2894 +0.0e+00 2.00 1.00 -39 90 180
298  3.40e-03 22.8741 -17.5621 +0.0e+00 2.00 1.00 -39 90 180
299  0.00e+00 24.3908 -18.8347 +0.0e+00 2.00 1.00 -39 90 180
300  0.00e+00 25.9984 -19.999 +0.0e+00 2.00 1.00 -39 90 180
