# 2004 Mw6.0 Parkfield earthquake coseismic slip model from
#
#   Ziv A. "Inference of coseismic slip via joint inversion
#   of GPS and aftershocks data: The 2004 Parkfield example"
#   J.G.R. 117(B03307), 2012
#
# Conventions and units:
#
# slip   - amplitude of slip (m)
# x1     - positive north (km)
# x2     - positive east (km)
# x3     - positive down (km)
# length - patch length in the strike direction (km)
# width  - patch width in the dip direction (km)
# strike - strike angle (degree)
# dip    - dip angle (degree)
# rake   - slip rake (degree)
#
# Geometry:
#
#                 N (x1)
#                /
#               /| Strike
#   x1,x2,x3 ->@------------------------      (x2)
#              |\        p .            \ W
#              :-\      i .              \ i
#              |  \    l .                \ d
#              :90 \  S .                  \ t
#              |-Dip\  .                    \ h
#              :     \. | Rake               \
#              |      -------------------------
#              :             L e n g t h
#              Z (x3)
#
# i  slip    x1     x2    x3 length width strike dip rake
001 0.247  4.17  -2.80  9.41   5.00  1.88  319.5  90  180
002 0.000 19.38 -15.79  9.41   5.00  1.88  319.5  90  180
003 0.000 15.58 -12.54  0.04   2.50  0.94  319.5  90  180
004 0.000 15.58 -12.54  0.98   2.50  0.94  319.5  90  180
005 0.069 17.48 -14.17  0.04   2.50  0.94  319.5  90  180
006 0.000 17.48 -14.17  0.98   2.50  0.94  319.5  90  180
007 0.760 -3.43   3.69 10.39   2.40  0.90  319.5  90  180
008 0.497  4.17  -2.80  6.64   2.40  0.90  319.5  90  180
009 0.390 11.78  -9.30 10.39   2.40  0.90  319.5  90  180
010 0.000  0.37   0.44  0.04   2.50  0.94  319.5  90  180
011 0.000  0.37   0.44  0.98   2.50  0.94  319.5  90  180
012 0.000  2.27  -1.18  0.04   2.50  0.94  319.5  90  180
013 0.176  2.27  -1.18  0.98   2.50  0.94  319.5  90  180
014 0.000 -7.08   6.81  1.91   2.40  0.94  319.5  90  180
015 0.000 -7.08   6.81  2.85   2.40  0.94  319.5  90  180
016 0.000 -5.26   5.25  1.91   2.40  0.94  319.5  90  180
017 0.000 -5.26   5.25  2.85   2.40  0.94  319.5  90  180
018 0.000 -7.08   6.81  0.04   2.40  0.94  319.5  90  180
019 0.000 -7.08   6.81  0.98   2.40  0.94  319.5  90  180
020 0.000 -5.26   5.25  0.04   2.40  0.94  319.5  90  180
021 0.000 -5.26   5.25  0.98   2.40  0.94  319.5  90  180
022 0.000 -3.43   3.69  0.04   2.50  0.94  319.5  90  180
023 0.000 -3.43   3.69  0.98   2.50  0.94  319.5  90  180
024 0.000 -1.53   2.07  0.04   2.50  0.94  319.5  90  180
025 0.000 -1.53   2.07  0.98   2.50  0.94  319.5  90  180
026 0.204  7.97  -6.05  0.04   2.50  0.94  319.5  90  180
027 0.000  7.97  -6.05  0.98   2.50  0.94  319.5  90  180
028 0.288  9.88  -7.67  0.04   2.50  0.94  319.5  90  180
029 0.000  9.88  -7.67  0.98   2.50  0.94  319.5  90  180
030 0.092 11.78  -9.30  0.04   2.50  0.94  319.5  90  180
031 0.000 11.78  -9.30  0.98   2.50  0.94  319.5  90  180
032 0.176 13.68 -10.92  0.04   2.50  0.94  319.5  90  180
033 0.000 13.68 -10.92  0.98   2.50  0.94  319.5  90  180
034 0.627  0.37   0.44 10.39   2.40  0.90  319.5  90  180
035 0.000  2.20  -1.11 10.39   2.60  0.90  319.5  90  180
036 2.137  6.00  -4.36  6.19   1.20  0.45  319.5  90  180
037 0.000  2.20  -1.11  3.79   1.20  0.52  319.5  90  180
038 0.091  9.80  -7.61  3.79   1.20  0.52  319.5  90  180
039 0.500 14.51 -11.64  8.96   1.40  0.45  319.5  90  180
040 0.639 14.51 -11.64  8.51   1.40  0.45  319.5  90  180
041 1.473  5.09  -3.58  6.19   1.20  0.45  319.5  90  180
042 0.723 -3.43   3.69  9.94   1.20  0.45  319.5  90  180
043 0.847 -2.52   2.91  9.94   1.20  0.45  319.5  90  180
044 0.000 -3.43   3.69  1.91   2.40  0.98  319.5  90  180
045 0.076  8.89  -6.83  3.79   1.20  0.52  319.5  90  180
046 0.457 15.58 -12.54  6.19   1.20  0.45  319.5  90  180
047 0.369 15.58 -12.54  5.66   1.20  0.53  319.5  90  180
048 0.921 11.78  -9.30  7.09   1.20  0.45  319.5  90  180
049 1.092 12.69 -10.08  7.09   1.20  0.45  319.5  90  180
050 0.163 14.51 -11.64  3.79   1.40  0.52  319.5  90  180
051 0.362  1.28  -0.33  5.21   1.20  0.45  319.5  90  180
052 0.223  1.28  -0.33  4.76   1.20  0.45  319.5  90  180
053 1.081 13.60 -10.86  7.09   1.20  0.45  319.5  90  180
054 0.635 14.51 -11.64  7.09   1.40  0.45  319.5  90  180
055 0.489 11.78  -9.30  9.94   1.20  0.45  319.5  90  180
056 1.213 12.69 -10.08  9.94   1.20  0.45  319.5  90  180
057 0.155 21.21 -17.35  1.91   1.20  0.52  319.5  90  180
058 0.841 11.78  -9.30  7.54   1.20  0.52  319.5  90  180
059 1.138 13.60 -10.86  9.94   1.20  0.45  319.5  90  180
060 0.284 14.51 -11.64  9.94   1.40  0.45  319.5  90  180
061 0.528 14.51 -11.64  9.41   1.40  0.52  319.5  90  180
062 0.000 -5.26   5.25  8.06   1.20  0.45  319.5  90  180
063 0.000 -5.26   5.25  7.54   1.20  0.52  319.5  90  180
064 0.203  2.20  -1.11  6.19   1.20  0.45  319.5  90  180
065 0.664  3.11  -1.89  6.19   1.40  0.45  319.5  90  180
066 0.132  2.20  -1.11  5.66   1.20  0.53  319.5  90  180
067 0.000 15.58 -12.54 13.16   5.00  1.80  319.5  90  180
068 0.000 19.38 -15.79 13.16   5.00  1.80  319.5  90  180
069 0.000 19.38 -15.79 11.29   5.00  1.88  319.5  90  180
070 0.000 13.60 -10.86  1.91   2.60  0.98  319.5  90  180
071 0.000 -3.43   3.69  5.21   1.20  0.45  319.5  90  180
072 0.000 -3.43   3.69  4.76   1.20  0.45  319.5  90  180
073 0.690  0.37   0.44  9.94   1.20  0.45  319.5  90  180
074 0.000  1.28  -0.33  9.94   1.20  0.45  319.5  90  180
075 0.310  1.28  -0.33  9.41   1.20  0.52  319.5  90  180
076 0.000 -5.26   5.25  8.96   1.20  0.45  319.5  90  180
077 0.000 -5.26   5.25  8.51   1.20  0.45  319.5  90  180
078 0.064  1.28  -0.33  4.31   1.20  0.45  319.5  90  180
079 0.000  1.28  -0.33  3.79   1.20  0.52  319.5  90  180
080 0.016 17.40 -14.10  4.31   1.20  0.45  319.5  90  180
081 0.000 17.40 -14.10  3.79   1.20  0.52  319.5  90  180
082 0.000 19.38 -15.79  6.64   2.40  0.90  319.5  90  180
083 0.000 21.21 -17.35  6.64   2.60  0.90  319.5  90  180
084 0.036 19.38 -15.79  3.34   1.20  0.45  319.5  90  180
085 0.000 20.29 -16.57  3.34   1.20  0.45  319.5  90  180
086 0.000 20.29 -16.57  2.89   1.20  0.45  319.5  90  180
087 0.552 17.40 -14.10  7.09   1.20  0.45  319.5  90  180
088 0.281 18.32 -14.88  7.09   1.40  0.45  319.5  90  180
089 0.000  7.97  -6.05  8.51   2.40  0.90  319.5  90  180
090 0.322  7.97  -6.05  7.54   2.40  0.98  319.5  90  180
091 1.072 13.60 -10.86  7.54   1.20  0.52  319.5  90  180
092 0.726 14.51 -11.64  7.54   1.40  0.52  319.5  90  180
093 0.000  6.00  -4.36  8.51   2.60  0.90  319.5  90  180
094 0.256  6.00  -4.36  7.54   2.60  0.98  319.5  90  180
095 0.544  7.97  -6.05  7.09   1.20  0.45  319.5  90  180
096 0.399  8.89  -6.83  7.09   1.20  0.45  319.5  90  180
097 0.042 20.29 -16.57  2.44   1.20  0.45  319.5  90  180
098 0.000 19.38 -15.79  1.91   1.20  0.52  319.5  90  180
099 0.247 20.29 -16.57  1.91   1.20  0.52  319.5  90  180
100 0.537 15.58 -12.54  7.09   1.20  0.45  319.5  90  180
101 0.337 16.49 -13.32  7.09   1.20  0.45  319.5  90  180
102 0.494 15.58 -12.54  6.64   1.20  0.45  319.5  90  180
103 0.011 19.38 -15.79  4.31   1.20  0.45  319.5  90  180
104 0.001 19.38 -15.79  3.79   1.20  0.52  319.5  90  180
105 0.033 20.29 -16.57  3.79   1.20  0.52  319.5  90  180
106 0.002 15.58 -12.54  9.94   1.20  0.45  319.5  90  180
107 0.000 16.49 -13.32  9.94   1.20  0.45  319.5  90  180
108 0.119 15.58 -12.54  9.41   1.20  0.52  319.5  90  180
109 0.068 16.49 -13.32  9.41   1.20  0.52  319.5  90  180
110 0.000 15.58 -12.54  4.76   1.20  0.45  319.5  90  180
111 0.000 16.49 -13.32  4.76   1.20  0.45  319.5  90  180
112 0.000 15.58 -12.54  2.89   2.40  0.90  319.5  90  180
113 0.000 15.58 -12.54  1.91   2.40  0.98  319.5  90  180
114 0.000 19.38 -15.79  0.04   2.40  0.98  319.5  90  180
115 0.000 21.21 -17.35  0.04   2.60  0.98  319.5  90  180
116 0.000 -7.08   6.81 10.39   2.40  0.90  319.5  90  180
117 0.000 -5.26   5.25 10.39   2.40  0.90  319.5  90  180
118 0.000 -7.08   6.81  9.41   2.40  0.98  319.5  90  180
119 0.155 19.38 -15.79  5.21   1.20  0.45  319.5  90  180
120 0.000 20.29 -16.57  5.21   1.20  0.45  319.5  90  180
121 0.000 20.29 -16.57  4.76   1.20  0.45  319.5  90  180
122 0.000  7.97  -6.05  1.91   2.40  0.98  319.5  90  180
123 0.000  9.80  -7.61  1.91   2.60  0.98  319.5  90  180
124 0.000 15.58 -12.54 10.84   1.20  0.45  319.5  90  180
125 0.000 16.49 -13.32 10.84   1.20  0.45  319.5  90  180
126 0.000 15.58 -12.54 10.39   1.20  0.45  319.5  90  180
127 0.000 16.49 -13.32 10.39   1.20  0.45  319.5  90  180
128 0.000  6.00  -4.36  2.89   1.20  0.45  319.5  90  180
129 0.000  6.91  -5.14  2.89   1.40  0.45  319.5  90  180
130 0.123 -0.69   1.35  3.34   1.40  0.45  319.5  90  180
131 0.000 -1.61   2.13  2.89   1.20  0.45  319.5  90  180
132 0.000 -0.69   1.35  2.89   1.40  0.45  319.5  90  180
133 0.313  9.80  -7.61  7.09   1.20  0.45  319.5  90  180
134 0.635 10.71  -8.39  7.09   1.40  0.45  319.5  90  180
135 0.627 10.71  -8.39  6.64   1.40  0.45  319.5  90  180
136 0.000 -7.08   6.81 13.16   4.80  1.80  319.5  90  180
137 0.000 -3.43   3.69 13.16   5.00  1.80  319.5  90  180
138 0.000 -7.08   6.81 11.29   4.80  1.88  319.5  90  180
139 0.000  0.37   0.44  2.89   2.40  0.90  319.5  90  180
140 0.000  0.37   0.44  1.91   2.40  0.98  319.5  90  180
141 0.000  2.20  -1.11  1.91   2.60  0.98  319.5  90  180
142 0.000 15.58 -12.54 12.26   2.40  0.90  319.5  90  180
143 0.000 17.40 -14.10 12.26   2.60  0.90  319.5  90  180
144 0.000 17.40 -14.10 11.29   2.60  0.98  319.5  90  180
145 0.000 21.21 -17.35  4.31   1.20  0.45  319.5  90  180
146 0.000 22.12 -18.13  4.31   1.40  0.45  319.5  90  180
147 0.329 21.21 -17.35  3.79   1.20  0.52  319.5  90  180
148 0.000 22.12 -18.13  3.79   1.40  0.52  319.5  90  180
149 0.776  4.17  -2.80  3.34   1.20  0.45  319.5  90  180
150 0.000  5.09  -3.58  3.34   1.20  0.45  319.5  90  180
151 0.000  4.17  -2.80  2.89   1.20  0.45  319.5  90  180
152 0.000  5.09  -3.58  2.89   1.20  0.45  319.5  90  180
153 0.000 18.32 -14.88  8.06   1.40  0.45  319.5  90  180
154 0.275 17.40 -14.10  7.54   1.20  0.52  319.5  90  180
155 0.000 18.32 -14.88  7.54   1.40  0.52  319.5  90  180
156 0.492 14.51 -11.64  5.96   0.60  0.23  319.5  90  180
157 0.499 14.97 -12.02  5.96   0.80  0.23  319.5  90  180
158 0.170 14.51 -11.64  5.66   0.60  0.30  319.5  90  180
159 0.224 14.97 -12.02  5.66   0.80  0.30  319.5  90  180
160 0.046 13.60 -10.86 10.84   1.20  0.45  319.5  90  180
161 0.000 14.51 -11.64 10.84   1.40  0.45  319.5  90  180
162 0.376 13.60 -10.86 10.39   1.20  0.45  319.5  90  180
163 0.094 18.32 -14.88  5.96   0.60  0.23  319.5  90  180
164 0.305 18.77 -15.27  5.96   0.80  0.23  319.5  90  180
165 0.039 18.32 -14.88  5.66   0.60  0.30  319.5  90  180
166 0.155 18.77 -15.27  5.66   0.80  0.30  319.5  90  180
167 0.622  6.00  -4.36  7.09   1.20  0.45  319.5  90  180
168 0.519  6.91  -5.14  7.09   1.40  0.45  319.5  90  180
169 1.061  6.00  -4.36  6.64   1.20  0.45  319.5  90  180
170 0.701 11.78  -9.30  3.34   1.20  0.45  319.5  90  180
171 0.800 12.69 -10.08  3.34   1.20  0.45  319.5  90  180
172 0.097 11.78  -9.30  2.89   1.20  0.45  319.5  90  180
173 0.315 12.69 -10.08  2.89   1.20  0.45  319.5  90  180
174 0.041  3.11  -1.89  4.99   0.60  0.22  319.5  90  180
175 0.005  3.56  -2.28  4.99   0.80  0.22  319.5  90  180
176 0.076  3.11  -1.89  4.76   0.60  0.22  319.5  90  180
177 0.049  3.56  -2.28  4.76   0.80  0.22  319.5  90  180
178 0.000 17.40 -14.10  8.96   1.20  0.45  319.5  90  180
179 0.000 18.32 -14.88  8.96   1.40  0.45  319.5  90  180
180 0.000 18.32 -14.88  8.51   1.40  0.45  319.5  90  180
181 0.431  6.91  -5.14  4.09   0.60  0.22  319.5  90  180
182 0.283  7.37  -5.53  4.09   0.80  0.22  319.5  90  180
183 0.971  6.91  -5.14  3.79   0.60  0.30  319.5  90  180
184 0.418  7.37  -5.53  3.79   0.80  0.30  319.5  90  180
185 1.068  6.91  -5.14  5.96   0.60  0.23  319.5  90  180
186 0.699  7.37  -5.53  5.96   0.80  0.23  319.5  90  180
187 0.487  6.91  -5.14  5.66   0.60  0.30  319.5  90  180
188 0.318  7.37  -5.53  5.66   0.80  0.30  319.5  90  180
189 0.000 -7.08   6.81  4.76   2.40  0.90  319.5  90  180
190 0.000 -5.26   5.25  4.76   2.40  0.90  319.5  90  180
191 0.000 -7.08   6.81  3.79   2.40  0.98  319.5  90  180
192 0.000 -5.26   5.25  3.79   2.40  0.98  319.5  90  180
193 0.810 -3.43   3.69  7.09   1.20  0.45  319.5  90  180
194 0.767 -3.43   3.69  6.64   1.20  0.45  319.5  90  180
195 1.300 -2.52   2.91  6.64   1.20  0.45  319.5  90  180
196 0.000  3.11  -1.89  8.74   0.60  0.23  319.5  90  180
197 0.046  3.56  -2.28  8.74   0.80  0.23  319.5  90  180
198 0.000  3.11  -1.89  8.51   0.60  0.22  319.5  90  180
199 0.062  3.56  -2.28  8.51   0.80  0.22  319.5  90  180
200 0.624 -0.69   1.35  9.71   0.60  0.22  319.5  90  180
201 0.588 -0.24   0.96  9.71   0.80  0.22  319.5  90  180
202 0.219 -0.69   1.35  9.41   0.60  0.30  319.5  90  180
203 0.311 -0.24   0.96  9.41   0.80  0.30  319.5  90  180
204 0.113  3.11  -1.89  8.29   0.60  0.23  319.5  90  180
205 0.145  3.56  -2.28  8.29   0.80  0.23  319.5  90  180
206 0.373  3.11  -1.89  8.06   0.60  0.23  319.5  90  180
207 0.321  3.56  -2.28  8.06   0.80  0.23  319.5  90  180
208 0.094 -0.69   1.35  8.74   0.60  0.23  319.5  90  180
209 0.610 -0.24   0.96  8.74   0.80  0.23  319.5  90  180
210 0.179 -0.69   1.35  8.51   0.60  0.22  319.5  90  180
211 0.844 -0.24   0.96  8.51   0.80  0.22  319.5  90  180
212 0.000  7.97  -6.05 10.39   2.40  0.90  319.5  90  180
213 0.000  9.80  -7.61 10.39   2.60  0.90  319.5  90  180
214 0.000  7.97  -6.05  9.41   2.40  0.98  319.5  90  180
215 0.000  7.97  -6.05 13.16   5.00  1.80  319.5  90  180
216 0.000 11.78  -9.30 13.16   5.00  1.80  319.5  90  180
217 0.000  7.97  -6.05 11.29   5.00  1.88  319.5  90  180
218 0.508 10.71  -8.39  5.96   0.60  0.23  319.5  90  180
219 1.495 11.17  -8.78  5.96   0.80  0.23  319.5  90  180
220 0.277 10.71  -8.39  5.66   0.60  0.30  319.5  90  180
221 0.605 11.17  -8.78  5.66   0.80  0.30  319.5  90  180
222 0.403  2.20  -1.11  7.09   1.20  0.45  319.5  90  180
223 0.622  3.11  -1.89  7.09   1.40  0.45  319.5  90  180
224 0.293  2.20  -1.11  6.64   1.20  0.45  319.5  90  180
225 0.566  3.11  -1.89  6.64   1.40  0.45  319.5  90  180
226 0.000 -7.08   6.81  6.64   2.40  0.90  319.5  90  180
227 0.000 -5.26   5.25  6.64   2.40  0.90  319.5  90  180
228 0.000 -7.08   6.81  5.66   2.40  0.97  319.5  90  180
229 0.000 -5.26   5.25  5.66   2.40  0.97  319.5  90  180
230 0.041  6.91  -5.14  4.54   0.60  0.22  319.5  90  180
231 0.061  7.37  -5.53  4.54   0.80  0.22  319.5  90  180
232 0.170  6.91  -5.14  4.31   0.60  0.23  319.5  90  180
233 0.154  7.37  -5.53  4.31   0.80  0.23  319.5  90  180
234 0.080  3.11  -1.89  5.44   0.60  0.23  319.5  90  180
235 0.105  3.56  -2.28  5.44   0.80  0.23  319.5  90  180
236 0.044  3.11  -1.89  5.21   0.60  0.22  319.5  90  180
237 0.024  3.56  -2.28  5.21   0.80  0.22  319.5  90  180
238 0.159  3.11  -1.89  4.54   0.60  0.22  319.5  90  180
239 0.167  3.56  -2.28  4.54   0.80  0.22  319.5  90  180
240 0.325  3.11  -1.89  4.31   0.60  0.23  319.5  90  180
241 0.394  3.56  -2.28  4.31   0.80  0.23  319.5  90  180
242 1.013  6.00  -4.36  5.96   0.60  0.23  319.5  90  180
243 1.082  6.45  -4.75  5.96   0.60  0.23  319.5  90  180
244 0.496  6.00  -4.36  5.66   0.60  0.30  319.5  90  180
245 0.525  6.45  -4.75  5.66   0.60  0.30  319.5  90  180
246 1.163 -2.52   2.91  9.71   0.60  0.22  319.5  90  180
247 0.579 -2.06   2.52  9.71   0.60  0.22  319.5  90  180
248 0.896 -2.52   2.91  9.41   0.60  0.30  319.5  90  180
249 0.320 -2.06   2.52  9.41   0.60  0.30  319.5  90  180
250 0.059 -0.69   1.35  9.19   0.60  0.23  319.5  90  180
251 0.279 -0.24   0.96  9.19   0.80  0.23  319.5  90  180
252 0.042 -0.69   1.35  8.96   0.60  0.22  319.5  90  180
253 0.399 -0.24   0.96  8.96   0.80  0.22  319.5  90  180
254 0.000 -3.43   3.69  3.34   1.20  0.45  319.5  90  180
255 0.000 -2.52   2.91  3.34   1.20  0.45  319.5  90  180
256 0.000 -3.43   3.69  2.89   1.20  0.45  319.5  90  180
257 0.000 -2.52   2.91  2.89   1.20  0.45  319.5  90  180
258 0.263 13.60 -10.86  6.41   0.60  0.22  319.5  90  180
259 0.820 14.06 -11.25  6.41   0.60  0.22  319.5  90  180
260 0.132 13.60 -10.86  6.19   0.60  0.22  319.5  90  180
261 0.500 14.06 -11.25  6.19   0.60  0.22  319.5  90  180
262 2.132 -1.61   2.13  7.31   0.60  0.22  319.5  90  180
263 0.640 -1.15   1.74  7.31   0.60  0.22  319.5  90  180
264 1.785 -1.61   2.13  7.09   0.60  0.23  319.5  90  180
265 0.614 -1.15   1.74  7.09   0.60  0.23  319.5  90  180
266 0.620 -1.61   2.13  9.71   0.60  0.22  319.5  90  180
267 0.660 -1.15   1.74  9.71   0.60  0.22  319.5  90  180
268 0.212 -1.61   2.13  9.41   0.60  0.30  319.5  90  180
269 0.202 -1.15   1.74  9.41   0.60  0.30  319.5  90  180
270 0.195  9.80  -7.61  5.96   0.60  0.23  319.5  90  180
271 0.269 10.26  -8.00  5.96   0.60  0.23  319.5  90  180
272 0.036  9.80  -7.61  5.66   0.60  0.30  319.5  90  180
273 0.102 10.26  -8.00  5.66   0.60  0.30  319.5  90  180
274 2.183 11.78  -9.30  6.41   0.60  0.22  319.5  90  180
275 0.825 12.23  -9.69  6.41   0.60  0.22  319.5  90  180
276 1.293 11.78  -9.30  6.19   0.60  0.22  319.5  90  180
277 0.579 12.23  -9.69  6.19   0.60  0.22  319.5  90  180
278 0.882 -1.61   2.13  5.96   0.60  0.23  319.5  90  180
279 0.343 -1.15   1.74  5.96   0.60  0.23  319.5  90  180
280 0.817 -1.61   2.13  5.66   0.60  0.30  319.5  90  180
281 0.297 -1.15   1.74  5.66   0.60  0.30  319.5  90  180
282 0.107 -0.69   1.35  4.09   0.60  0.22  319.5  90  180
283 0.073 -0.24   0.96  4.09   0.80  0.22  319.5  90  180
284 0.208 -0.69   1.35  3.79   0.60  0.30  319.5  90  180
285 0.098 -0.24   0.96  3.79   0.80  0.30  319.5  90  180
286 0.573  0.37   0.44  7.31   0.60  0.22  319.5  90  180
287 0.766  0.83   0.05  7.31   0.60  0.22  319.5  90  180
288 0.262  0.37   0.44  7.09   0.60  0.23  319.5  90  180
289 0.415  0.83   0.05  7.09   0.60  0.23  319.5  90  180
290 0.243  7.97  -6.05  4.54   0.60  0.22  319.5  90  180
291 0.949  8.43  -6.44  4.54   0.60  0.22  319.5  90  180
292 0.335  7.97  -6.05  4.31   0.60  0.23  319.5  90  180
293 0.681  8.43  -6.44  4.31   0.60  0.23  319.5  90  180
294 0.249 -0.69   1.35  8.29   0.60  0.23  319.5  90  180
295 0.982 -0.24   0.96  8.29   0.80  0.23  319.5  90  180
296 0.291 -0.69   1.35  8.06   0.60  0.23  319.5  90  180
297 0.964 -0.24   0.96  8.06   0.80  0.23  319.5  90  180
298 1.288 -2.52   2.91  7.84   0.60  0.22  319.5  90  180
299 1.734 -2.06   2.52  7.84   0.60  0.22  319.5  90  180
300 2.080 -2.52   2.91  7.54   0.60  0.30  319.5  90  180
301 3.304 -2.06   2.52  7.54   0.60  0.30  319.5  90  180
302 2.402 14.51 -11.64  6.41   0.60  0.22  319.5  90  180
303 0.820 14.97 -12.02  6.41   0.80  0.22  319.5  90  180
304 1.062 14.51 -11.64  6.19   0.60  0.22  319.5  90  180
305 1.027 14.97 -12.02  6.19   0.80  0.22  319.5  90  180
306 0.340 18.32 -14.88  6.41   0.60  0.22  319.5  90  180
307 1.307 18.77 -15.27  6.41   0.80  0.22  319.5  90  180
308 0.199 18.32 -14.88  6.19   0.60  0.22  319.5  90  180
309 0.598 18.77 -15.27  6.19   0.80  0.22  319.5  90  180
310 0.050 18.32 -14.88  5.44   0.60  0.23  319.5  90  180
311 0.090 18.77 -15.27  5.44   0.80  0.23  319.5  90  180
312 0.105 18.32 -14.88  5.21   0.60  0.22  319.5  90  180
313 0.053 18.77 -15.27  5.21   0.80  0.22  319.5  90  180
314 0.080  7.97  -6.05  4.99   0.60  0.22  319.5  90  180
315 0.314  8.43  -6.44  4.99   0.60  0.22  319.5  90  180
316 0.156  7.97  -6.05  4.76   0.60  0.22  319.5  90  180
317 0.546  8.43  -6.44  4.76   0.60  0.22  319.5  90  180
318 0.000  3.11  -1.89  5.96   0.60  0.23  319.5  90  180
319 0.464  3.56  -2.28  5.96   0.80  0.23  319.5  90  180
320 0.132  3.11  -1.89  5.66   0.60  0.30  319.5  90  180
321 0.252  3.56  -2.28  5.66   0.80  0.30  319.5  90  180
322 0.182 13.60 -10.86  8.74   0.60  0.23  319.5  90  180
323 0.460 14.06 -11.25  8.74   0.60  0.23  319.5  90  180
324 0.376 13.60 -10.86  8.51   0.60  0.22  319.5  90  180
325 0.779 14.06 -11.25  8.51   0.60  0.22  319.5  90  180
326 1.338 -1.61   2.13  6.86   0.60  0.22  319.5  90  180
327 0.546 -1.15   1.74  6.86   0.60  0.22  319.5  90  180
328 1.099 -1.61   2.13  6.64   0.60  0.22  319.5  90  180
329 0.474 -1.15   1.74  6.64   0.60  0.22  319.5  90  180
330 0.072 -1.61   2.13  4.09   0.60  0.22  319.5  90  180
331 0.210 -1.15   1.74  4.09   0.60  0.22  319.5  90  180
332 0.154 -1.61   2.13  3.79   0.60  0.30  319.5  90  180
333 0.632 -1.15   1.74  3.79   0.60  0.30  319.5  90  180
334 0.000  6.91  -5.14  4.99   0.60  0.22  319.5  90  180
335 0.000  7.37  -5.53  4.99   0.80  0.22  319.5  90  180
336 0.000  6.91  -5.14  4.76   0.60  0.22  319.5  90  180
337 0.005  7.37  -5.53  4.76   0.80  0.22  319.5  90  180
338 0.175  0.37   0.44  5.96   0.60  0.23  319.5  90  180
339 0.482  0.83   0.05  5.96   0.60  0.23  319.5  90  180
340 0.371  0.37   0.44  5.66   0.60  0.30  319.5  90  180
341 0.989  0.83   0.05  5.66   0.60  0.30  319.5  90  180
342 0.968  5.09  -3.58  5.96   0.60  0.23  319.5  90  180
343 0.842  5.54  -3.97  5.96   0.60  0.23  319.5  90  180
344 0.528  5.09  -3.58  5.66   0.60  0.30  319.5  90  180
345 0.462  5.54  -3.97  5.66   0.60  0.30  319.5  90  180
346 0.139  6.00  -4.36  4.09   0.60  0.22  319.5  90  180
347 0.384  6.45  -4.75  4.09   0.60  0.22  319.5  90  180
348 0.228  6.00  -4.36  3.79   0.60  0.30  319.5  90  180
349 0.890  6.45  -4.75  3.79   0.60  0.30  319.5  90  180
350 1.005 -1.61   2.13  6.41   0.60  0.22  319.5  90  180
351 0.420 -1.15   1.74  6.41   0.60  0.22  319.5  90  180
352 0.946 -1.61   2.13  6.19   0.60  0.22  319.5  90  180
353 0.379 -1.15   1.74  6.19   0.60  0.22  319.5  90  180
354 0.296 -0.69   1.35  7.84   0.60  0.22  319.5  90  180
355 0.769 -0.24   0.96  7.84   0.80  0.22  319.5  90  180
356 0.268 -0.69   1.35  7.54   0.60  0.30  319.5  90  180
357 0.486 -0.24   0.96  7.54   0.80  0.30  319.5  90  180
358 0.638 -3.43   3.69  6.19   1.20  0.45  319.5  90  180
359 2.539 -2.52   2.91  6.19   1.20  0.45  319.5  90  180
360 0.000 -3.43   3.69  5.66   1.20  0.53  319.5  90  180
361 1.868 -2.52   2.91  5.66   1.20  0.53  319.5  90  180
362 0.388 16.49 -13.32  5.96   0.60  0.23  319.5  90  180
363 0.134 16.95 -13.71  5.96   0.60  0.23  319.5  90  180
364 0.584 16.49 -13.32  5.66   0.60  0.30  319.5  90  180
365 0.076 16.95 -13.71  5.66   0.60  0.30  319.5  90  180
366 0.065 14.51 -11.64  5.44   0.60  0.23  319.5  90  180
367 0.104 14.97 -12.02  5.44   0.80  0.23  319.5  90  180
368 0.080 14.51 -11.64  5.21   0.60  0.22  319.5  90  180
369 0.070 14.97 -12.02  5.21   0.80  0.22  319.5  90  180
370 0.104 10.71  -8.39  4.54   0.60  0.22  319.5  90  180
371 0.121 11.17  -8.78  4.54   0.80  0.22  319.5  90  180
372 0.187 10.71  -8.39  4.31   0.60  0.23  319.5  90  180
373 0.283 11.17  -8.78  4.31   0.80  0.23  319.5  90  180
374 2.868  0.37   0.44  7.84   0.60  0.22  319.5  90  180
375 1.066  0.83   0.05  7.84   0.60  0.22  319.5  90  180
376 1.163  0.37   0.44  7.54   0.60  0.30  319.5  90  180
377 1.550  0.83   0.05  7.54   0.60  0.30  319.5  90  180
378 0.466  0.37   0.44  9.71   0.60  0.22  319.5  90  180
379 0.000  0.83   0.05  9.71   0.60  0.22  319.5  90  180
380 0.370  0.37   0.44  9.41   0.60  0.30  319.5  90  180
381 0.081  0.83   0.05  9.41   0.60  0.30  319.5  90  180
382 1.083 -1.61   2.13  7.84   0.60  0.22  319.5  90  180
383 0.447 -1.15   1.74  7.84   0.60  0.22  319.5  90  180
384 1.725 -1.61   2.13  7.54   0.60  0.30  319.5  90  180
385 0.590 -1.15   1.74  7.54   0.60  0.30  319.5  90  180
386 0.000 19.38 -15.79  6.19   1.20  0.45  319.5  90  180
387 0.000 20.29 -16.57  6.19   1.20  0.45  319.5  90  180
388 0.287 19.38 -15.79  5.66   1.20  0.53  319.5  90  180
389 0.000 20.29 -16.57  5.66   1.20  0.53  319.5  90  180
390 0.056 13.60 -10.86  9.19   0.60  0.23  319.5  90  180
391 0.246 14.06 -11.25  9.19   0.60  0.23  319.5  90  180
392 0.074 13.60 -10.86  8.96   0.60  0.22  319.5  90  180
393 0.301 14.06 -11.25  8.96   0.60  0.22  319.5  90  180
394 0.541  1.28  -0.33  8.29   0.60  0.23  319.5  90  180
395 0.241  1.74  -0.72  8.29   0.60  0.23  319.5  90  180
396 0.788  1.28  -0.33  8.06   0.60  0.23  319.5  90  180
397 0.425  1.74  -0.72  8.06   0.60  0.23  319.5  90  180
398 0.234 -3.43   3.69  7.84   0.60  0.22  319.5  90  180
399 0.800 -2.98   3.30  7.84   0.60  0.22  319.5  90  180
400 0.115 -3.43   3.69  7.54   0.60  0.30  319.5  90  180
401 1.609 -2.98   3.30  7.54   0.60  0.30  319.5  90  180
402 0.000  2.20  -1.11  9.94   1.20  0.45  319.5  90  180
403 0.000  3.11  -1.89  9.94   1.40  0.45  319.5  90  180
404 1.309  2.20  -1.11  9.41   1.20  0.52  319.5  90  180
405 0.671  3.11  -1.89  9.41   1.40  0.52  319.5  90  180
406 0.078  0.37   0.44  6.86   0.60  0.22  319.5  90  180
407 0.192  0.83   0.05  6.86   0.60  0.22  319.5  90  180
408 0.000  0.37   0.44  6.64   0.60  0.22  319.5  90  180
409 0.087  0.83   0.05  6.64   0.60  0.22  319.5  90  180
410 1.089  4.17  -2.80  5.96   0.60  0.23  319.5  90  180
411 1.509  4.63  -3.19  5.96   0.60  0.23  319.5  90  180
412 0.513  4.17  -2.80  5.66   0.60  0.30  319.5  90  180
413 0.656  4.63  -3.19  5.66   0.60  0.30  319.5  90  180
414 0.000 -0.69   1.35  4.54   0.60  0.22  319.5  90  180
415 0.051 -0.24   0.96  4.54   0.80  0.22  319.5  90  180
416 0.028 -0.69   1.35  4.31   0.60  0.23  319.5  90  180
417 0.053 -0.24   0.96  4.31   0.80  0.23  319.5  90  180
418 0.474 -2.52   2.91  9.19   0.60  0.23  319.5  90  180
419 0.117 -2.06   2.52  9.19   0.60  0.23  319.5  90  180
420 0.205 -2.52   2.91  8.96   0.60  0.22  319.5  90  180
421 0.012 -2.06   2.52  8.96   0.60  0.22  319.5  90  180
422 5.223  6.91  -5.14  6.41   0.60  0.22  319.5  90  180
423 2.283  7.37  -5.53  6.41   0.80  0.22  319.5  90  180
424 2.048  6.91  -5.14  6.19   0.60  0.22  319.5  90  180
425 1.254  7.37  -5.53  6.19   0.80  0.22  319.5  90  180
426 0.550  2.20  -1.11  7.84   0.60  0.22  319.5  90  180
427 0.879  2.65  -1.50  7.84   0.60  0.22  319.5  90  180
428 1.058  2.20  -1.11  7.54   0.60  0.30  319.5  90  180
429 2.380  2.65  -1.50  7.54   0.60  0.30  319.5  90  180
430 0.773  1.28  -0.33  5.96   0.60  0.23  319.5  90  180
431 0.214  1.74  -0.72  5.96   0.60  0.23  319.5  90  180
432 2.185  1.28  -0.33  5.66   0.60  0.30  319.5  90  180
433 0.530  1.74  -0.72  5.66   0.60  0.30  319.5  90  180
434 0.000 -0.69   1.35  4.99   0.60  0.22  319.5  90  180
435 0.073 -0.24   0.96  4.99   0.80  0.22  319.5  90  180
436 0.000 -0.69   1.35  4.76   0.60  0.22  319.5  90  180
437 0.060 -0.24   0.96  4.76   0.80  0.22  319.5  90  180
438 0.347 11.78  -9.30  9.19   0.60  0.23  319.5  90  180
439 0.156 12.23  -9.69  9.19   0.60  0.23  319.5  90  180
440 0.464 11.78  -9.30  8.96   0.60  0.22  319.5  90  180
441 0.139 12.23  -9.69  8.96   0.60  0.22  319.5  90  180
442 0.308 11.78  -9.30  8.74   0.60  0.23  319.5  90  180
443 0.195 12.23  -9.69  8.74   0.60  0.23  319.5  90  180
444 0.432 11.78  -9.30  8.51   0.60  0.22  319.5  90  180
445 0.341 12.23  -9.69  8.51   0.60  0.22  319.5  90  180
446 0.177  9.80  -7.61  4.99   0.60  0.22  319.5  90  180
447 0.032 10.26  -8.00  4.99   0.60  0.22  319.5  90  180
448 0.388  9.80  -7.61  4.76   0.60  0.22  319.5  90  180
449 0.056 10.26  -8.00  4.76   0.60  0.22  319.5  90  180
450 0.838  3.11  -1.89  4.09   0.60  0.22  319.5  90  180
451 0.872  3.56  -2.28  4.09   0.80  0.22  319.5  90  180
452 0.213  3.11  -1.89  3.79   0.60  0.30  319.5  90  180
453 2.481  3.56  -2.28  3.79   0.80  0.30  319.5  90  180
454 0.054  5.09  -3.58  4.09   0.60  0.22  319.5  90  180
455 0.025  5.54  -3.97  4.09   0.60  0.22  319.5  90  180
456 0.095  5.09  -3.58  3.79   0.60  0.30  319.5  90  180
457 0.000  5.54  -3.97  3.79   0.60  0.30  319.5  90  180
458 0.073  8.89  -6.83  6.41   0.60  0.22  319.5  90  180
459 0.314  9.34  -7.22  6.41   0.60  0.22  319.5  90  180
460 0.015  8.89  -6.83  6.19   0.60  0.22  319.5  90  180
461 0.162  9.34  -7.22  6.19   0.60  0.22  319.5  90  180
462 0.000 17.40 -14.10 10.84   1.20  0.45  319.5  90  180
463 0.000 18.32 -14.88 10.84   1.40  0.45  319.5  90  180
464 0.000 17.40 -14.10 10.39   1.20  0.45  319.5  90  180
465 0.000 18.32 -14.88 10.39   1.40  0.45  319.5  90  180
466 0.000  9.80  -7.61  8.96   1.20  0.45  319.5  90  180
467 0.000 10.71  -8.39  8.96   1.40  0.45  319.5  90  180
468 0.000  9.80  -7.61  8.51   1.20  0.45  319.5  90  180
469 0.000 10.71  -8.39  8.51   1.40  0.45  319.5  90  180
470 0.110 22.12 -18.13  3.11   0.60  0.22  319.5  90  180
471 0.000 22.57 -18.52  3.11   0.80  0.22  319.5  90  180
472 0.105 22.12 -18.13  2.89   0.60  0.23  319.5  90  180
473 0.000 22.57 -18.52  2.89   0.80  0.23  319.5  90  180
474 0.503  0.37   0.44  9.19   0.60  0.23  319.5  90  180
475 0.135  0.83   0.05  9.19   0.60  0.23  319.5  90  180
476 0.900  0.37   0.44  8.96   0.60  0.22  319.5  90  180
477 0.219  0.83   0.05  8.96   0.60  0.22  319.5  90  180
478 0.336  4.17  -2.80  4.09   0.60  0.22  319.5  90  180
479 0.155  4.63  -3.19  4.09   0.60  0.22  319.5  90  180
480 0.507  4.17  -2.80  3.79   0.60  0.30  319.5  90  180
481 0.303  4.63  -3.19  3.79   0.60  0.30  319.5  90  180
482 0.540  0.37   0.44  5.44   0.60  0.23  319.5  90  180
483 3.091  0.83   0.05  5.44   0.60  0.23  319.5  90  180
484 0.601  0.37   0.44  5.21   0.60  0.22  319.5  90  180
485 2.332  0.83   0.05  5.21   0.60  0.22  319.5  90  180
486 0.285 11.78  -9.30  4.09   0.60  0.22  319.5  90  180
487 0.210 12.23  -9.69  4.09   0.60  0.22  319.5  90  180
488 0.437 11.78  -9.30  3.79   0.60  0.30  319.5  90  180
489 0.364 12.23  -9.69  3.79   0.60  0.30  319.5  90  180
490 1.281 -1.61   2.13 10.84   1.20  0.45  319.5  90  180
491 0.662 -0.69   1.35 10.84   1.40  0.45  319.5  90  180
492 5.774 -1.61   2.13 10.39   1.20  0.45  319.5  90  180
493 4.411 -0.69   1.35 10.39   1.40  0.45  319.5  90  180
494 0.704 -1.61   2.13  5.44   0.60  0.23  319.5  90  180
495 0.219 -1.15   1.74  5.44   0.60  0.23  319.5  90  180
496 0.489 -1.61   2.13  5.21   0.60  0.22  319.5  90  180
497 0.133 -1.15   1.74  5.21   0.60  0.22  319.5  90  180
498 0.000 -2.52   2.91  4.09   0.60  0.22  319.5  90  180
499 0.002 -2.06   2.52  4.09   0.60  0.22  319.5  90  180
500 0.008 -2.52   2.91  3.79   0.60  0.30  319.5  90  180
501 0.023 -2.06   2.52  3.79   0.60  0.30  319.5  90  180
502 0.199  1.28  -0.33  6.41   0.60  0.22  319.5  90  180
503 0.208  1.74  -0.72  6.41   0.60  0.22  319.5  90  180
504 0.361  1.28  -0.33  6.19   0.60  0.22  319.5  90  180
505 0.243  1.74  -0.72  6.19   0.60  0.22  319.5  90  180
506 2.207 -0.69   1.35 10.16   0.60  0.23  319.5  90  180
507 1.965 -0.24   0.96 10.16   0.80  0.23  319.5  90  180
508 1.242 -0.69   1.35  9.94   0.60  0.23  319.5  90  180
509 1.082 -0.24   0.96  9.94   0.80  0.23  319.5  90  180
510 0.884  3.11  -1.89  7.84   0.60  0.22  319.5  90  180
511 0.803  3.56  -2.28  7.84   0.80  0.22  319.5  90  180
512 2.414  3.11  -1.89  7.54   0.60  0.30  319.5  90  180
513 0.000  3.56  -2.28  7.54   0.80  0.30  319.5  90  180
514 0.655 13.60 -10.86  6.86   0.60  0.22  319.5  90  180
515 1.071 14.06 -11.25  6.86   0.60  0.22  319.5  90  180
516 0.432 13.60 -10.86  6.64   0.60  0.22  319.5  90  180
517 1.067 14.06 -11.25  6.64   0.60  0.22  319.5  90  180
518 0.067 -0.69   1.35  6.41   0.60  0.22  319.5  90  180
519 0.000 -0.24   0.96  6.41   0.80  0.22  319.5  90  180
520 0.059 -0.69   1.35  6.19   0.60  0.22  319.5  90  180
521 0.000 -0.24   0.96  6.19   0.80  0.22  319.5  90  180
522 0.191 14.51 -11.64  4.99   0.60  0.22  319.5  90  180
523 0.083 14.97 -12.02  4.99   0.80  0.22  319.5  90  180
524 0.439 14.51 -11.64  4.76   0.60  0.22  319.5  90  180
525 0.087 14.97 -12.02  4.76   0.80  0.22  319.5  90  180
526 1.176  9.80  -7.61  6.41   0.60  0.22  319.5  90  180
527 0.775 10.26  -8.00  6.41   0.60  0.22  319.5  90  180
528 0.491  9.80  -7.61  6.19   0.60  0.22  319.5  90  180
529 0.461 10.26  -8.00  6.19   0.60  0.22  319.5  90  180
530 0.434 13.60 -10.86  9.71   0.60  0.22  319.5  90  180
531 0.493 14.06 -11.25  9.71   0.60  0.22  319.5  90  180
532 0.147 13.60 -10.86  9.41   0.60  0.30  319.5  90  180
533 0.285 14.06 -11.25  9.41   0.60  0.30  319.5  90  180
534 0.000  6.00  -4.36  4.54   0.60  0.22  319.5  90  180
535 0.027  6.45  -4.75  4.54   0.60  0.22  319.5  90  180
536 0.048  6.00  -4.36  4.31   0.60  0.23  319.5  90  180
537 0.142  6.45  -4.75  4.31   0.60  0.23  319.5  90  180
538 0.059 -0.69   1.35  5.96   0.60  0.23  319.5  90  180
539 0.011 -0.24   0.96  5.96   0.80  0.23  319.5  90  180
540 0.059 -0.69   1.35  5.66   0.60  0.30  319.5  90  180
541 0.056 -0.24   0.96  5.66   0.80  0.30  319.5  90  180
542 0.575  0.37   0.44  4.99   0.60  0.22  319.5  90  180
543 2.332  0.83   0.05  4.99   0.60  0.22  319.5  90  180
544 0.488  0.37   0.44  4.76   0.60  0.22  319.5  90  180
545 2.174  0.83   0.05  4.76   0.60  0.22  319.5  90  180
546 0.877 16.49 -13.32  6.41   0.60  0.22  319.5  90  180
547 0.278 16.95 -13.71  6.41   0.60  0.22  319.5  90  180
548 0.489 16.49 -13.32  6.19   0.60  0.22  319.5  90  180
549 0.191 16.95 -13.71  6.19   0.60  0.22  319.5  90  180
550 0.188  6.91  -5.14  5.44   0.60  0.23  319.5  90  180
551 0.112  7.37  -5.53  5.44   0.80  0.23  319.5  90  180
552 0.039  6.91  -5.14  5.21   0.60  0.22  319.5  90  180
553 0.017  7.37  -5.53  5.21   0.80  0.22  319.5  90  180
554 0.018 10.71  -8.39  4.99   0.60  0.22  319.5  90  180
555 0.027 11.17  -8.78  4.99   0.80  0.22  319.5  90  180
556 0.046 10.71  -8.39  4.76   0.60  0.22  319.5  90  180
557 0.041 11.17  -8.78  4.76   0.80  0.22  319.5  90  180
558 0.273  1.28  -0.33  6.86   0.60  0.22  319.5  90  180
559 0.200  1.74  -0.72  6.86   0.60  0.22  319.5  90  180
560 0.175  1.28  -0.33  6.64   0.60  0.22  319.5  90  180
561 0.201  1.74  -0.72  6.64   0.60  0.22  319.5  90  180
562 0.103  1.28  -0.33  8.74   0.60  0.23  319.5  90  180
563 0.101  1.74  -0.72  8.74   0.60  0.23  319.5  90  180
564 0.594  1.28  -0.33  8.51   0.60  0.22  319.5  90  180
565 0.139  1.74  -0.72  8.51   0.60  0.22  319.5  90  180
566 0.644  8.89  -6.83  4.99   0.60  0.22  319.5  90  180
567 0.479  9.34  -7.22  4.99   0.60  0.22  319.5  90  180
568 1.620  8.89  -6.83  4.76   0.60  0.22  319.5  90  180
569 1.229  9.34  -7.22  4.76   0.60  0.22  319.5  90  180
570 0.000 -3.43   3.69 12.26   2.40  0.90  319.5  90  180
571 0.000 -1.61   2.13 12.26   2.60  0.90  319.5  90  180
572 0.000 -3.43   3.69 11.29   2.40  0.98  319.5  90  180
573 0.000 -1.61   2.13 11.29   2.60  0.98  319.5  90  180
574 0.357 10.71  -8.39  4.09   0.60  0.22  319.5  90  180
575 0.627 11.17  -8.78  4.09   0.80  0.22  319.5  90  180
576 0.000 10.71  -8.39  3.79   0.60  0.30  319.5  90  180
577 1.777 11.17  -8.78  3.79   0.80  0.30  319.5  90  180
578 0.650 12.69 -10.08  6.86   0.60  0.22  319.5  90  180
579 0.561 13.15 -10.47  6.86   0.60  0.22  319.5  90  180
580 0.436 12.69 -10.08  6.64   0.60  0.22  319.5  90  180
581 0.304 13.15 -10.47  6.64   0.60  0.22  319.5  90  180
582 0.264 -1.61   2.13  4.99   0.60  0.22  319.5  90  180
583 0.053 -1.15   1.74  4.99   0.60  0.22  319.5  90  180
584 0.103 -1.61   2.13  4.76   0.60  0.22  319.5  90  180
585 0.002 -1.15   1.74  4.76   0.60  0.22  319.5  90  180
586 0.082  2.20  -1.11  8.29   0.60  0.23  319.5  90  180
587 0.089  2.65  -1.50  8.29   0.60  0.23  319.5  90  180
588 0.268  2.20  -1.11  8.06   0.60  0.23  319.5  90  180
589 0.351  2.65  -1.50  8.06   0.60  0.23  319.5  90  180
590 0.805 11.78  -9.30  5.96   0.60  0.23  319.5  90  180
591 0.372 12.23  -9.69  5.96   0.60  0.23  319.5  90  180
592 0.416 11.78  -9.30  5.66   0.60  0.30  319.5  90  180
593 0.201 12.23  -9.69  5.66   0.60  0.30  319.5  90  180
594 0.476  2.20  -1.11  9.19   0.60  0.23  319.5  90  180
595 0.478  2.65  -1.50  9.19   0.60  0.23  319.5  90  180
596 0.159  2.20  -1.11  8.96   0.60  0.22  319.5  90  180
597 0.147  2.65  -1.50  8.96   0.60  0.22  319.5  90  180
598 0.351 -2.52   2.91  8.29   0.60  0.23  319.5  90  180
599 0.412 -2.06   2.52  8.29   0.60  0.23  319.5  90  180
600 0.728 -2.52   2.91  8.06   0.60  0.23  319.5  90  180
601 0.896 -2.06   2.52  8.06   0.60  0.23  319.5  90  180
602 0.537 -3.43   3.69  9.19   0.60  0.23  319.5  90  180
603 0.961 -2.98   3.30  9.19   0.60  0.23  319.5  90  180
604 0.245 -3.43   3.69  8.96   0.60  0.22  319.5  90  180
605 0.385 -2.98   3.30  8.96   0.60  0.22  319.5  90  180
606 3.664 11.78  -9.30  6.86   0.60  0.22  319.5  90  180
607 1.053 12.23  -9.69  6.86   0.60  0.22  319.5  90  180
608 5.865 11.78  -9.30  6.64   0.60  0.22  319.5  90  180
609 1.031 12.23  -9.69  6.64   0.60  0.22  319.5  90  180
610 0.033 -2.52   2.91  4.54   0.60  0.22  319.5  90  180
611 0.052 -2.06   2.52  4.54   0.60  0.22  319.5  90  180
612 0.000 -2.52   2.91  4.31   0.60  0.23  319.5  90  180
613 0.000 -2.06   2.52  4.31   0.60  0.23  319.5  90  180
614 0.010 16.49 -13.32  8.29   0.60  0.23  319.5  90  180
615 0.063 16.95 -13.71  8.29   0.60  0.23  319.5  90  180
616 0.149 16.49 -13.32  8.06   0.60  0.23  319.5  90  180
617 0.235 16.95 -13.71  8.06   0.60  0.23  319.5  90  180
618 0.240 12.69 -10.08  4.09   0.60  0.22  319.5  90  180
619 0.362 13.15 -10.47  4.09   0.60  0.22  319.5  90  180
620 0.397 12.69 -10.08  3.79   0.60  0.30  319.5  90  180
621 0.190 13.15 -10.47  3.79   0.60  0.30  319.5  90  180
622 0.115 -0.69   1.35  6.86   0.60  0.22  319.5  90  180
623 0.015 -0.24   0.96  6.86   0.80  0.22  319.5  90  180
624 0.084 -0.69   1.35  6.64   0.60  0.22  319.5  90  180
625 0.000 -0.24   0.96  6.64   0.80  0.22  319.5  90  180
626 0.000  0.37   0.44  6.41   0.60  0.22  319.5  90  180
627 0.097  0.83   0.05  6.41   0.60  0.22  319.5  90  180
628 0.051  0.37   0.44  6.19   0.60  0.22  319.5  90  180
629 0.221  0.83   0.05  6.19   0.60  0.22  319.5  90  180
630 0.282 12.69 -10.08  6.41   0.60  0.22  319.5  90  180
631 0.140 13.15 -10.47  6.41   0.60  0.22  319.5  90  180
632 0.170 12.69 -10.08  6.19   0.60  0.22  319.5  90  180
633 0.044 13.15 -10.47  6.19   0.60  0.22  319.5  90  180
634 0.215  6.00  -4.36  5.44   0.60  0.23  319.5  90  180
635 0.220  6.45  -4.75  5.44   0.60  0.23  319.5  90  180
636 0.060  6.00  -4.36  5.21   0.60  0.22  319.5  90  180
637 0.057  6.45  -4.75  5.21   0.60  0.22  319.5  90  180
638 0.406 12.69 -10.08  9.71   0.60  0.22  319.5  90  180
639 0.413 13.15 -10.47  9.71   0.60  0.22  319.5  90  180
640 0.104 12.69 -10.08  9.41   0.60  0.30  319.5  90  180
641 0.095 13.15 -10.47  9.41   0.60  0.30  319.5  90  180
642 0.620 13.60 -10.86  8.29   0.60  0.23  319.5  90  180
643 1.422 14.06 -11.25  8.29   0.60  0.23  319.5  90  180
644 0.855 13.60 -10.86  8.06   0.60  0.23  319.5  90  180
645 3.800 14.06 -11.25  8.06   0.60  0.23  319.5  90  180
646 0.041 13.60 -10.86  5.96   0.60  0.23  319.5  90  180
647 0.244 14.06 -11.25  5.96   0.60  0.23  319.5  90  180
648 0.000 13.60 -10.86  5.66   0.60  0.30  319.5  90  180
649 0.068 14.06 -11.25  5.66   0.60  0.30  319.5  90  180
650 0.212 -0.69   1.35  7.31   0.60  0.22  319.5  90  180
651 0.249 -0.24   0.96  7.31   0.80  0.22  319.5  90  180
652 0.160 -0.69   1.35  7.09   0.60  0.23  319.5  90  180
653 0.100 -0.24   0.96  7.09   0.80  0.23  319.5  90  180
654 2.376 -1.61   2.13 10.16   0.60  0.23  319.5  90  180
655 2.583 -1.15   1.74 10.16   0.60  0.23  319.5  90  180
656 1.248 -1.61   2.13  9.94   0.60  0.23  319.5  90  180
657 1.374 -1.15   1.74  9.94   0.60  0.23  319.5  90  180
658 0.297 15.58 -12.54  7.84   0.60  0.22  319.5  90  180
659 0.190 16.03 -12.93  7.84   0.60  0.22  319.5  90  180
660 0.479 15.58 -12.54  7.54   0.60  0.30  319.5  90  180
661 0.141 16.03 -12.93  7.54   0.60  0.30  319.5  90  180
662 0.628  7.97  -6.05  6.41   0.60  0.22  319.5  90  180
663 0.142  8.43  -6.44  6.41   0.60  0.22  319.5  90  180
664 0.428  7.97  -6.05  6.19   0.60  0.22  319.5  90  180
665 0.066  8.43  -6.44  6.19   0.60  0.22  319.5  90  180
666 0.354  0.37   0.44  4.54   0.60  0.22  319.5  90  180
667 1.307  0.83   0.05  4.54   0.60  0.22  319.5  90  180
668 0.216  0.37   0.44  4.31   0.60  0.23  319.5  90  180
669 0.000  0.83   0.05  4.31   0.60  0.23  319.5  90  180
670 0.070 -3.43   3.69  8.74   0.60  0.23  319.5  90  180
671 0.137 -2.98   3.30  8.74   0.60  0.23  319.5  90  180
672 0.000 -3.43   3.69  8.51   0.60  0.22  319.5  90  180
673 0.084 -2.98   3.30  8.51   0.60  0.22  319.5  90  180
674 0.092 12.69 -10.08  5.96   0.60  0.23  319.5  90  180
675 0.000 13.15 -10.47  5.96   0.60  0.23  319.5  90  180
676 0.045 12.69 -10.08  5.66   0.60  0.30  319.5  90  180
677 0.000 13.15 -10.47  5.66   0.60  0.30  319.5  90  180
678 0.000  8.89  -6.83  5.96   0.60  0.23  319.5  90  180
679 0.048  9.34  -7.22  5.96   0.60  0.23  319.5  90  180
680 0.000  8.89  -6.83  5.66   0.60  0.30  319.5  90  180
681 0.000  9.34  -7.22  5.66   0.60  0.30  319.5  90  180
682 0.151 15.58 -12.54  8.74   0.60  0.23  319.5  90  180
683 0.113 16.03 -12.93  8.74   0.60  0.23  319.5  90  180
684 0.103 15.58 -12.54  8.51   0.60  0.22  319.5  90  180
685 0.000 16.03 -12.93  8.51   0.60  0.22  319.5  90  180
686 0.378 13.60 -10.86  4.54   0.60  0.22  319.5  90  180
687 0.683 14.06 -11.25  4.54   0.60  0.22  319.5  90  180
688 0.617 13.60 -10.86  4.31   0.60  0.23  319.5  90  180
689 1.637 14.06 -11.25  4.31   0.60  0.23  319.5  90  180
690 0.212  4.17  -2.80  5.44   0.60  0.23  319.5  90  180
691 0.274  4.63  -3.19  5.44   0.60  0.23  319.5  90  180
692 0.056  4.17  -2.80  5.21   0.60  0.22  319.5  90  180
693 0.081  4.63  -3.19  5.21   0.60  0.22  319.5  90  180
694 0.000  4.17  -2.80  8.06   1.20  0.45  319.5  90  180
695 0.000  5.09  -3.58  8.06   1.20  0.45  319.5  90  180
696 0.000  4.17  -2.80  7.54   1.20  0.52  319.5  90  180
697 0.000  5.09  -3.58  7.54   1.20  0.52  319.5  90  180
698 0.000 17.40 -14.10  3.34   1.20  0.45  319.5  90  180
699 0.000 18.32 -14.88  3.34   1.40  0.45  319.5  90  180
700 0.000 17.40 -14.10  2.89   1.20  0.45  319.5  90  180
701 0.000 18.32 -14.88  2.89   1.40  0.45  319.5  90  180
702 0.019  2.20  -1.11  8.74   0.60  0.23  319.5  90  180
703 0.000  2.65  -1.50  8.74   0.60  0.23  319.5  90  180
704 0.000  2.20  -1.11  8.51   0.60  0.22  319.5  90  180
705 0.000  2.65  -1.50  8.51   0.60  0.22  319.5  90  180
706 0.000  6.00  -4.36  4.99   0.60  0.22  319.5  90  180
707 0.000  6.45  -4.75  4.99   0.60  0.22  319.5  90  180
708 0.000  6.00  -4.36  4.76   0.60  0.22  319.5  90  180
709 0.000  6.45  -4.75  4.76   0.60  0.22  319.5  90  180
710 0.179 -2.52   2.91  4.99   0.60  0.22  319.5  90  180
711 0.510 -2.06   2.52  4.99   0.60  0.22  319.5  90  180
712 0.104 -2.52   2.91  4.76   0.60  0.22  319.5  90  180
713 0.197 -2.06   2.52  4.76   0.60  0.22  319.5  90  180
714 0.094 22.12 -18.13  2.66   0.60  0.22  319.5  90  180
715 0.000 22.57 -18.52  2.66   0.80  0.22  319.5  90  180
716 0.032 22.12 -18.13  2.44   0.60  0.23  319.5  90  180
717 0.000 22.57 -18.52  2.44   0.80  0.23  319.5  90  180
718 0.516  7.97  -6.05  4.09   0.60  0.22  319.5  90  180
719 0.508  8.43  -6.44  4.09   0.60  0.22  319.5  90  180
720 1.257  7.97  -6.05  3.79   0.60  0.30  319.5  90  180
721 0.000  8.43  -6.44  3.79   0.60  0.30  319.5  90  180
722 0.070 22.12 -18.13  3.56   0.60  0.22  319.5  90  180
723 0.000 22.57 -18.52  3.56   0.80  0.22  319.5  90  180
724 0.171 22.12 -18.13  3.34   0.60  0.23  319.5  90  180
725 0.000 22.57 -18.52  3.34   0.80  0.23  319.5  90  180
726 0.240  7.97  -6.05  5.96   0.60  0.23  319.5  90  180
727 0.010  8.43  -6.44  5.96   0.60  0.23  319.5  90  180
728 0.092  7.97  -6.05  5.66   0.60  0.30  319.5  90  180
729 0.000  8.43  -6.44  5.66   0.60  0.30  319.5  90  180
730 0.287 -4.34   4.47  8.74   0.60  0.23  319.5  90  180
731 0.051 -3.89   4.08  8.74   0.60  0.23  319.5  90  180
732 0.081 -4.34   4.47  8.51   0.60  0.22  319.5  90  180
733 0.000 -3.89   4.08  8.51   0.60  0.22  319.5  90  180
734 0.000  5.09  -3.58  4.54   0.60  0.22  319.5  90  180
735 0.019  5.54  -3.97  4.54   0.60  0.22  319.5  90  180
736 0.011  5.09  -3.58  4.31   0.60  0.23  319.5  90  180
737 0.016  5.54  -3.97  4.31   0.60  0.23  319.5  90  180
738 0.458 16.49 -13.32  7.84   0.60  0.22  319.5  90  180
739 0.834 16.95 -13.71  7.84   0.60  0.22  319.5  90  180
740 1.394 16.49 -13.32  7.54   0.60  0.30  319.5  90  180
741 0.000 16.95 -13.71  7.54   0.60  0.30  319.5  90  180
742 0.000 15.58 -12.54 11.81   1.20  0.45  319.5  90  180
743 0.000 16.49 -13.32 11.81   1.20  0.45  319.5  90  180
744 0.000 15.58 -12.54 11.29   1.20  0.52  319.5  90  180
745 0.000 16.49 -13.32 11.29   1.20  0.52  319.5  90  180
746 0.095 -2.52   2.91  8.74   0.60  0.23  319.5  90  180
747 0.012 -2.06   2.52  8.74   0.60  0.23  319.5  90  180
748 0.144 -2.52   2.91  8.51   0.60  0.22  319.5  90  180
749 0.138 -2.06   2.52  8.51   0.60  0.22  319.5  90  180
750 0.000 -7.08   6.81  8.06   1.20  0.45  319.5  90  180
751 0.000 -6.17   6.03  8.06   1.20  0.45  319.5  90  180
752 0.000 -7.08   6.81  7.54   1.20  0.52  319.5  90  180
753 0.000 -6.17   6.03  7.54   1.20  0.52  319.5  90  180
754 0.127 16.49 -13.32  8.74   0.60  0.23  319.5  90  180
755 0.170 16.95 -13.71  8.74   0.60  0.23  319.5  90  180
756 0.000 16.49 -13.32  8.51   0.60  0.22  319.5  90  180
757 0.039 16.95 -13.71  8.51   0.60  0.22  319.5  90  180
758 0.375 11.78  -9.30  9.71   0.60  0.22  319.5  90  180
759 0.326 12.23  -9.69  9.71   0.60  0.22  319.5  90  180
760 1.316 11.78  -9.30  9.41   0.60  0.30  319.5  90  180
761 0.233 12.23  -9.69  9.41   0.60  0.30  319.5  90  180
762 0.023 -1.61   2.13  9.19   0.60  0.23  319.5  90  180
763 0.011 -1.15   1.74  9.19   0.60  0.23  319.5  90  180
764 0.000 -1.61   2.13  8.96   0.60  0.22  319.5  90  180
765 0.000 -1.15   1.74  8.96   0.60  0.22  319.5  90  180
766 0.000 -1.61   2.13  8.74   0.60  0.23  319.5  90  180
767 0.000 -1.15   1.74  8.74   0.60  0.23  319.5  90  180
768 0.088 -1.61   2.13  8.51   0.60  0.22  319.5  90  180
769 0.048 -1.15   1.74  8.51   0.60  0.22  319.5  90  180
770 0.000 -5.26   5.25  9.94   1.20  0.45  319.5  90  180
771 0.000 -4.34   4.47  9.94   1.20  0.45  319.5  90  180
772 0.000 -5.26   5.25  9.41   1.20  0.52  319.5  90  180
773 0.078 -4.34   4.47  9.41   1.20  0.52  319.5  90  180
774 0.072  8.89  -6.83  5.44   0.60  0.23  319.5  90  180
775 0.051  9.34  -7.22  5.44   0.60  0.23  319.5  90  180
776 0.266  8.89  -6.83  5.21   0.60  0.22  319.5  90  180
777 0.203  9.34  -7.22  5.21   0.60  0.22  319.5  90  180
778 0.000 -3.43   3.69  9.71   0.60  0.22  319.5  90  180
779 11.243 -2.98   3.30  9.71   0.60  0.22  319.5  90  180
780 0.986 -3.43   3.69  9.41   0.60  0.30  319.5  90  180
781 2.418 -2.98   3.30  9.41   0.60  0.30  319.5  90  180
782 0.098 15.58 -12.54  8.29   0.60  0.23  319.5  90  180
783 0.000 16.03 -12.93  8.29   0.60  0.23  319.5  90  180
784 0.164 15.58 -12.54  8.06   0.60  0.23  319.5  90  180
785 0.075 16.03 -12.93  8.06   0.60  0.23  319.5  90  180
786 0.780 12.69 -10.08  8.29   0.60  0.23  319.5  90  180
787 0.501 13.15 -10.47  8.29   0.60  0.23  319.5  90  180
788 1.792 12.69 -10.08  8.06   0.60  0.23  319.5  90  180
789 0.800 13.15 -10.47  8.06   0.60  0.23  319.5  90  180
790 0.000  4.17  -2.80  8.96   1.20  0.45  319.5  90  180
791 0.000  5.09  -3.58  8.96   1.20  0.45  319.5  90  180
792 0.000  4.17  -2.80  8.51   1.20  0.45  319.5  90  180
793 0.000  5.09  -3.58  8.51   1.20  0.45  319.5  90  180
794 0.000 16.49 -13.32  5.44   0.60  0.23  319.5  90  180
795 0.079 16.95 -13.71  5.44   0.60  0.23  319.5  90  180
796 0.000 16.49 -13.32  5.21   0.60  0.22  319.5  90  180
797 0.062 16.95 -13.71  5.21   0.60  0.22  319.5  90  180
798 1.029 13.60 -10.86  4.09   0.60  0.22  319.5  90  180
799 1.368 14.06 -11.25  4.09   0.60  0.22  319.5  90  180
800 2.393 13.60 -10.86  3.79   0.60  0.30  319.5  90  180
801 1.282 14.06 -11.25  3.79   0.60  0.30  319.5  90  180
802 0.000  2.20  -1.11  3.34   1.20  0.45  319.5  90  180
803 0.050  3.11  -1.89  3.34   1.40  0.45  319.5  90  180
804 0.000  2.20  -1.11  2.89   1.20  0.45  319.5  90  180
805 0.000  3.11  -1.89  2.89   1.40  0.45  319.5  90  180
806 0.293  1.28  -0.33  7.84   0.60  0.22  319.5  90  180
807 0.925  1.74  -0.72  7.84   0.60  0.22  319.5  90  180
808 0.787  1.28  -0.33  7.54   0.60  0.30  319.5  90  180
809 0.000  1.74  -0.72  7.54   0.60  0.30  319.5  90  180
810 0.000  2.20  -1.11  4.99   0.60  0.22  319.5  90  180
811 0.000  2.65  -1.50  4.99   0.60  0.22  319.5  90  180
812 0.000  2.20  -1.11  4.76   0.60  0.22  319.5  90  180
813 0.000  2.65  -1.50  4.76   0.60  0.22  319.5  90  180
814 0.054 -4.34   4.47  8.29   0.60  0.23  319.5  90  180
815 0.000 -3.89   4.08  8.29   0.60  0.23  319.5  90  180
816 0.157 -4.34   4.47  8.06   0.60  0.23  319.5  90  180
817 0.041 -3.89   4.08  8.06   0.60  0.23  319.5  90  180
818 0.098 12.69 -10.08  8.74   0.60  0.23  319.5  90  180
819 0.069 13.15 -10.47  8.74   0.60  0.23  319.5  90  180
820 0.332 12.69 -10.08  8.51   0.60  0.22  319.5  90  180
821 0.247 13.15 -10.47  8.51   0.60  0.22  319.5  90  180
822 0.000  9.80  -7.61  4.54   0.60  0.22  319.5  90  180
823 0.000 10.26  -8.00  4.54   0.60  0.22  319.5  90  180
824 0.000  9.80  -7.61  4.31   0.60  0.23  319.5  90  180
825 0.000 10.26  -8.00  4.31   0.60  0.23  319.5  90  180
826 0.093 13.60 -10.86  4.99   0.60  0.22  319.5  90  180
827 0.166 14.06 -11.25  4.99   0.60  0.22  319.5  90  180
828 0.209 13.60 -10.86  4.76   0.60  0.22  319.5  90  180
829 0.357 14.06 -11.25  4.76   0.60  0.22  319.5  90  180
830 0.301  3.11  -1.89  9.19   0.60  0.23  319.5  90  180
831 0.000  3.56  -2.28  9.19   0.80  0.23  319.5  90  180
832 0.098  3.11  -1.89  8.96   0.60  0.22  319.5  90  180
833 0.064  3.56  -2.28  8.96   0.80  0.22  319.5  90  180
834 0.000  5.09  -3.58  4.99   0.60  0.22  319.5  90  180
835 0.000  5.54  -3.97  4.99   0.60  0.22  319.5  90  180
836 0.000  5.09  -3.58  4.76   0.60  0.22  319.5  90  180
837 0.000  5.54  -3.97  4.76   0.60  0.22  319.5  90  180
838 0.239  5.09  -3.58  5.44   0.60  0.23  319.5  90  180
839 0.195  5.54  -3.97  5.44   0.60  0.23  319.5  90  180
840 0.074  5.09  -3.58  5.21   0.60  0.22  319.5  90  180
841 0.045  5.54  -3.97  5.21   0.60  0.22  319.5  90  180
842 0.026 -3.43   3.69  8.29   0.60  0.23  319.5  90  180
843 0.183 -2.98   3.30  8.29   0.60  0.23  319.5  90  180
844 0.123 -3.43   3.69  8.06   0.60  0.23  319.5  90  180
845 0.417 -2.98   3.30  8.06   0.60  0.23  319.5  90  180
846 0.000 19.38 -15.79  1.46   1.20  0.45  319.5  90  180
847 0.000 20.29 -16.57  1.46   1.20  0.45  319.5  90  180
848 0.000 19.38 -15.79  1.01   1.20  0.45  319.5  90  180
849 0.000 20.29 -16.57  1.01   1.20  0.45  319.5  90  180
850 0.000 17.40 -14.10  9.94   1.20  0.45  319.5  90  180
851 0.000 18.32 -14.88  9.94   1.40  0.45  319.5  90  180
852 0.000 17.40 -14.10  9.41   1.20  0.52  319.5  90  180
853 0.000 18.32 -14.88  9.41   1.40  0.52  319.5  90  180
854 0.061 17.40 -14.10  5.44   0.60  0.23  319.5  90  180
855 0.074 17.86 -14.49  5.44   0.60  0.23  319.5  90  180
856 0.199 17.40 -14.10  5.21   0.60  0.22  319.5  90  180
857 0.270 17.86 -14.49  5.21   0.60  0.22  319.5  90  180
858 0.112 10.71  -8.39  5.44   0.60  0.23  319.5  90  180
859 0.252 11.17  -8.78  5.44   0.80  0.23  319.5  90  180
860 0.033 10.71  -8.39  5.21   0.60  0.22  319.5  90  180
861 0.087 11.17  -8.78  5.21   0.80  0.22  319.5  90  180
862 1.853 16.49 -13.32  6.86   0.60  0.22  319.5  90  180
863 0.420 16.95 -13.71  6.86   0.60  0.22  319.5  90  180
864 2.507 16.49 -13.32  6.64   0.60  0.22  319.5  90  180
865 0.392 16.95 -13.71  6.64   0.60  0.22  319.5  90  180
866 0.181 15.58 -12.54  5.44   0.60  0.23  319.5  90  180
867 0.093 16.03 -12.93  5.44   0.60  0.23  319.5  90  180
868 0.096 15.58 -12.54  5.21   0.60  0.22  319.5  90  180
869 0.031 16.03 -12.93  5.21   0.60  0.22  319.5  90  180
870 0.000  9.80  -7.61  3.34   1.20  0.45  319.5  90  180
871 0.000 10.71  -8.39  3.34   1.40  0.45  319.5  90  180
872 0.000  9.80  -7.61  2.89   1.20  0.45  319.5  90  180
873 0.000 10.71  -8.39  2.89   1.40  0.45  319.5  90  180
874 0.060  4.17  -2.80  4.54   0.60  0.22  319.5  90  180
875 0.006  4.63  -3.19  4.54   0.60  0.22  319.5  90  180
876 0.173  4.17  -2.80  4.31   0.60  0.23  319.5  90  180
877 0.058  4.63  -3.19  4.31   0.60  0.23  319.5  90  180
878 0.000 18.32 -14.88  4.09   0.60  0.22  319.5  90  180
879 0.014 18.77 -15.27  4.09   0.80  0.22  319.5  90  180
880 0.000 18.32 -14.88  3.79   0.60  0.30  319.5  90  180
881 0.059 18.77 -15.27  3.79   0.80  0.30  319.5  90  180
882 0.000 15.58 -12.54  9.19   0.60  0.23  319.5  90  180
883 1.471 16.03 -12.93  9.19   0.60  0.23  319.5  90  180
884 0.180 15.58 -12.54  8.96   0.60  0.22  319.5  90  180
885 0.407 16.03 -12.93  8.96   0.60  0.22  319.5  90  180
886 0.000 17.40 -14.10  5.96   0.60  0.23  319.5  90  180
887 0.000 17.86 -14.49  5.96   0.60  0.23  319.5  90  180
888 0.000 17.40 -14.10  5.66   0.60  0.30  319.5  90  180
889 0.000 17.86 -14.49  5.66   0.60  0.30  319.5  90  180
890 1.247 14.51 -11.64  4.54   0.60  0.22  319.5  90  180
891 0.000 14.97 -12.02  4.54   0.80  0.22  319.5  90  180
892 0.417 14.51 -11.64  4.31   0.60  0.23  319.5  90  180
893 0.000 14.97 -12.02  4.31   0.80  0.23  319.5  90  180
894 0.037 -0.69   1.35  5.44   0.60  0.23  319.5  90  180
895 0.074 -0.24   0.96  5.44   0.80  0.23  319.5  90  180
896 0.012 -0.69   1.35  5.21   0.60  0.22  319.5  90  180
897 0.080 -0.24   0.96  5.21   0.80  0.22  319.5  90  180
898 0.000 12.69 -10.08  9.19   0.60  0.23  319.5  90  180
899 0.000 13.15 -10.47  9.19   0.60  0.23  319.5  90  180
900 0.000 12.69 -10.08  8.96   0.60  0.22  319.5  90  180
901 0.000 13.15 -10.47  8.96   0.60  0.22  319.5  90  180
902 0.176 10.71  -8.39  6.41   0.60  0.22  319.5  90  180
903 1.649 11.17  -8.78  6.41   0.80  0.22  319.5  90  180
904 0.568 10.71  -8.39  6.19   0.60  0.22  319.5  90  180
905 4.134 11.17  -8.78  6.19   0.80  0.22  319.5  90  180
906 0.052 12.69 -10.08  4.54   0.60  0.22  319.5  90  180
907 0.164 13.15 -10.47  4.54   0.60  0.22  319.5  90  180
908 0.129 12.69 -10.08  4.31   0.60  0.23  319.5  90  180
909 0.273 13.15 -10.47  4.31   0.60  0.23  319.5  90  180
910 0.000  2.20  -1.11  5.44   0.60  0.23  319.5  90  180
911 0.000  2.65  -1.50  5.44   0.60  0.23  319.5  90  180
912 0.000  2.20  -1.11  5.21   0.60  0.22  319.5  90  180
913 0.000  2.65  -1.50  5.21   0.60  0.22  319.5  90  180
914 0.000 11.78  -9.30 12.26   2.40  0.90  319.5  90  180
915 0.000 13.60 -10.86 12.26   2.60  0.90  319.5  90  180
916 0.000 11.78  -9.30 11.29   2.40  0.98  319.5  90  180
917 0.000 13.60 -10.86 11.29   2.60  0.98  319.5  90  180
918 0.029  7.97  -6.05  5.44   0.60  0.23  319.5  90  180
919 0.033  8.43  -6.44  5.44   0.60  0.23  319.5  90  180
920 0.032  7.97  -6.05  5.21   0.60  0.22  319.5  90  180
921 0.142  8.43  -6.44  5.21   0.60  0.22  319.5  90  180
922 0.409 18.32 -14.88  6.86   0.60  0.22  319.5  90  180
923 1.303 18.77 -15.27  6.86   0.80  0.22  319.5  90  180
924 0.444 18.32 -14.88  6.64   0.60  0.22  319.5  90  180
925 4.047 18.77 -15.27  6.64   0.80  0.22  319.5  90  180
926 0.000  6.00  -4.36  2.44   1.20  0.45  319.5  90  180
927 0.000  6.91  -5.14  2.44   1.40  0.45  319.5  90  180
928 0.000  6.00  -4.36  1.91   1.20  0.52  319.5  90  180
929 0.000  6.91  -5.14  1.91   1.40  0.52  319.5  90  180
930 0.000  0.37   0.44 13.16   5.00  1.80  319.5  90  180
931 0.000  4.17  -2.80 13.16   5.00  1.80  319.5  90  180
932 0.000  0.37   0.44 11.29   5.00  1.88  319.5  90  180
933 0.000  4.17  -2.80 11.29   5.00  1.88  319.5  90  180
934 0.000  9.80  -7.61  8.06   1.20  0.45  319.5  90  180
935 0.247 10.71  -8.39  8.06   1.40  0.45  319.5  90  180
936 0.000  9.80  -7.61  7.54   1.20  0.52  319.5  90  180
937 1.091 10.71  -8.39  7.54   1.40  0.52  319.5  90  180
938 0.000 21.21 -17.35  5.21   1.20  0.45  319.5  90  180
939 0.000 22.12 -18.13  5.21   1.40  0.45  319.5  90  180
940 0.000 21.21 -17.35  4.76   1.20  0.45  319.5  90  180
941 0.000 22.12 -18.13  4.76   1.40  0.45  319.5  90  180
942 0.000 -1.61   2.13  2.44   1.20  0.45  319.5  90  180
943 0.000 -0.69   1.35  2.44   1.40  0.45  319.5  90  180
944 0.000 -1.61   2.13  1.91   1.20  0.52  319.5  90  180
945 0.000 -0.69   1.35  1.91   1.40  0.52  319.5  90  180
946 0.000 21.21 -17.35  1.46   1.20  0.45  319.5  90  180
947 0.000 22.12 -18.13  1.46   1.40  0.45  319.5  90  180
948 0.000 21.21 -17.35  1.01   1.20  0.45  319.5  90  180
949 0.000 22.12 -18.13  1.01   1.40  0.45  319.5  90  180
950 0.000 11.78  -9.30  8.29   0.60  0.23  319.5  90  180
951 0.606 12.23  -9.69  8.29   0.60  0.23  319.5  90  180
952 0.000 11.78  -9.30  8.06   0.60  0.23  319.5  90  180
953 1.229 12.23  -9.69  8.06   0.60  0.23  319.5  90  180
954 1.938  0.37   0.44  8.74   0.60  0.23  319.5  90  180
955 0.000  0.83   0.05  8.74   0.60  0.23  319.5  90  180
956 5.934  0.37   0.44  8.51   0.60  0.22  319.5  90  180
957 0.000  0.83   0.05  8.51   0.60  0.22  319.5  90  180
958 0.000  7.97  -6.05  3.34   1.20  0.45  319.5  90  180
959 0.000  8.89  -6.83  3.34   1.20  0.45  319.5  90  180
960 0.000  7.97  -6.05  2.89   1.20  0.45  319.5  90  180
961 0.000  8.89  -6.83  2.89   1.20  0.45  319.5  90  180
962 0.000  4.17  -2.80  4.99   0.60  0.22  319.5  90  180
963 0.000  4.63  -3.19  4.99   0.60  0.22  319.5  90  180
964 0.000  4.17  -2.80  4.76   0.60  0.22  319.5  90  180
965 0.000  4.63  -3.19  4.76   0.60  0.22  319.5  90  180
966 0.022 -1.61   2.13  4.54   0.60  0.22  319.5  90  180
967 0.000 -1.15   1.74  4.54   0.60  0.22  319.5  90  180
968 0.015 -1.61   2.13  4.31   0.60  0.23  319.5  90  180
969 0.049 -1.15   1.74  4.31   0.60  0.23  319.5  90  180
970 2.000 14.51 -11.64  6.86   0.60  0.22  319.5  90  180
971 0.000 14.97 -12.02  6.86   0.80  0.22  319.5  90  180
972 8.075 14.51 -11.64  6.64   0.60  0.22  319.5  90  180
973 0.000 14.97 -12.02  6.64   0.80  0.22  319.5  90  180
974 0.000 13.60 -10.86  5.44   0.60  0.23  319.5  90  180
975 0.016 14.06 -11.25  5.44   0.60  0.23  319.5  90  180
976 0.023 13.60 -10.86  5.21   0.60  0.22  319.5  90  180
977 0.054 14.06 -11.25  5.21   0.60  0.22  319.5  90  180
978 0.250  8.89  -6.83  6.86   0.60  0.22  319.5  90  180
979 0.404  9.34  -7.22  6.86   0.60  0.22  319.5  90  180
980 0.155  8.89  -6.83  6.64   0.60  0.22  319.5  90  180
981 0.423  9.34  -7.22  6.64   0.60  0.22  319.5  90  180
982 0.462 17.40 -14.10  4.99   0.60  0.22  319.5  90  180
983 0.737 17.86 -14.49  4.99   0.60  0.22  319.5  90  180
984 1.317 17.40 -14.10  4.76   0.60  0.22  319.5  90  180
985 2.641 17.86 -14.49  4.76   0.60  0.22  319.5  90  180
986 0.051 11.78  -9.30  4.54   0.60  0.22  319.5  90  180
987 0.027 12.23  -9.69  4.54   0.60  0.22  319.5  90  180
988 0.147 11.78  -9.30  4.31   0.60  0.23  319.5  90  180
989 0.097 12.23  -9.69  4.31   0.60  0.23  319.5  90  180
990 0.665 -4.34   4.47  7.84   0.60  0.22  319.5  90  180
991 0.090 -3.89   4.08  7.84   0.60  0.22  319.5  90  180
992 0.000 -4.34   4.47  7.54   0.60  0.30  319.5  90  180
993 0.000 -3.89   4.08  7.54   0.60  0.30  319.5  90  180
994 0.000 -3.43   3.69  4.54   0.60  0.22  319.5  90  180
995 0.011 -2.98   3.30  4.54   0.60  0.22  319.5  90  180
996 0.000 -3.43   3.69  4.31   0.60  0.23  319.5  90  180
997 0.003 -2.98   3.30  4.31   0.60  0.23  319.5  90  180
998 0.290 -1.61   2.13  8.29   0.60  0.23  319.5  90  180
999 0.152 -1.15   1.74  8.29   0.60  0.23  319.5  90  180
1000 0.617 -1.61   2.13  8.06   0.60  0.23  319.5  90  180
1001 0.293 -1.15   1.74  8.06   0.60  0.23  319.5  90  180
1002 0.000  6.91  -5.14  6.86   0.60  0.22  319.5  90  180
1003 0.000  7.37  -5.53  6.86   0.80  0.22  319.5  90  180
1004 3.307  6.91  -5.14  6.64   0.60  0.22  319.5  90  180
1005 6.035  7.37  -5.53  6.64   0.80  0.22  319.5  90  180
1006 0.000 -7.08   6.81  8.96   1.20  0.45  319.5  90  180
1007 0.000 -6.17   6.03  8.96   1.20  0.45  319.5  90  180
1008 0.000 -7.08   6.81  8.51   1.20  0.45  319.5  90  180
1009 0.000 -6.17   6.03  8.51   1.20  0.45  319.5  90  180
1010 0.000  9.80  -7.61  9.94   1.20  0.45  319.5  90  180
1011 0.000 10.71  -8.39  9.94   1.40  0.45  319.5  90  180
1012 0.000  9.80  -7.61  9.41   1.20  0.52  319.5  90  180
1013 0.000 10.71  -8.39  9.41   1.40  0.52  319.5  90  180
1014 0.260 17.40 -14.10  6.86   0.60  0.22  319.5  90  180
1015 0.252 17.86 -14.49  6.86   0.60  0.22  319.5  90  180
1016 0.134 17.40 -14.10  6.64   0.60  0.22  319.5  90  180
1017 0.131 17.86 -14.49  6.64   0.60  0.22  319.5  90  180
1018 0.000 -3.43   3.69  4.09   0.60  0.22  319.5  90  180
1019 0.003 -2.98   3.30  4.09   0.60  0.22  319.5  90  180
1020 0.000 -3.43   3.69  3.79   0.60  0.30  319.5  90  180
1021 0.000 -2.98   3.30  3.79   0.60  0.30  319.5  90  180
1022 0.000 19.38 -15.79  8.51   2.40  0.90  319.5  90  180
1023 0.000 21.21 -17.35  8.51   2.60  0.90  319.5  90  180
1024 0.000 19.38 -15.79  7.54   2.40  0.98  319.5  90  180
1025 0.000 21.21 -17.35  7.54   2.60  0.98  319.5  90  180
1026 0.000 12.69 -10.08  4.99   0.60  0.22  319.5  90  180
1027 0.021 13.15 -10.47  4.99   0.60  0.22  319.5  90  180
1028 0.007 12.69 -10.08  4.76   0.60  0.22  319.5  90  180
1029 0.074 13.15 -10.47  4.76   0.60  0.22  319.5  90  180
1030 0.637  7.97  -6.05  6.86   0.60  0.22  319.5  90  180
1031 0.333  8.43  -6.44  6.86   0.60  0.22  319.5  90  180
1032 0.730  7.97  -6.05  6.64   0.60  0.22  319.5  90  180
1033 0.230  8.43  -6.44  6.64   0.60  0.22  319.5  90  180
1034 0.000 17.40 -14.10  8.29   0.60  0.23  319.5  90  180
1035 0.000 17.86 -14.49  8.29   0.60  0.23  319.5  90  180
1036 0.000 17.40 -14.10  8.06   0.60  0.23  319.5  90  180
1037 0.000 17.86 -14.49  8.06   0.60  0.23  319.5  90  180
1038 3.286 14.51 -11.64  8.29   0.60  0.23  319.5  90  180
1039 0.000 14.97 -12.02  8.29   0.80  0.23  319.5  90  180
1040 0.000 14.51 -11.64  8.06   0.60  0.23  319.5  90  180
1041 0.000 14.97 -12.02  8.06   0.80  0.23  319.5  90  180
1042 0.164 18.32 -14.88  4.54   0.60  0.22  319.5  90  180
1043 0.000 18.77 -15.27  4.54   0.80  0.22  319.5  90  180
1044 0.121 18.32 -14.88  4.31   0.60  0.23  319.5  90  180
1045 0.000 18.77 -15.27  4.31   0.80  0.23  319.5  90  180
1046 0.013  9.80  -7.61  5.44   0.60  0.23  319.5  90  180
1047 0.022 10.26  -8.00  5.44   0.60  0.23  319.5  90  180
1048 0.069  9.80  -7.61  5.21   0.60  0.22  319.5  90  180
1049 0.008 10.26  -8.00  5.21   0.60  0.22  319.5  90  180
1050 0.000 21.21 -17.35  6.19   1.20  0.45  319.5  90  180
1051 0.000 22.12 -18.13  6.19   1.40  0.45  319.5  90  180
1052 0.000 21.21 -17.35  5.66   1.20  0.53  319.5  90  180
1053 0.000 22.12 -18.13  5.66   1.40  0.53  319.5  90  180
1054 0.000 19.38 -15.79  3.11   0.60  0.22  319.5  90  180
1055 0.649 19.84 -16.18  3.11   0.60  0.22  319.5  90  180
1056 0.000 19.38 -15.79  2.89   0.60  0.23  319.5  90  180
1057 0.064 19.84 -16.18  2.89   0.60  0.23  319.5  90  180
1058 0.000  2.20  -1.11  4.54   0.60  0.22  319.5  90  180
1059 0.000  2.65  -1.50  4.54   0.60  0.22  319.5  90  180
1060 0.000  2.20  -1.11  4.31   0.60  0.23  319.5  90  180
1061 0.000  2.65  -1.50  4.31   0.60  0.23  319.5  90  180
1062 1.366 16.49 -13.32  9.19   0.60  0.23  319.5  90  180
1063 2.155 16.95 -13.71  9.19   0.60  0.23  319.5  90  180
1064 0.435 16.49 -13.32  8.96   0.60  0.22  319.5  90  180
1065 0.561 16.95 -13.71  8.96   0.60  0.22  319.5  90  180
1066 0.000 -2.52   2.91  5.44   0.60  0.23  319.5  90  180
1067 3.950 -2.06   2.52  5.44   0.60  0.23  319.5  90  180
1068 0.000 -2.52   2.91  5.21   0.60  0.22  319.5  90  180
1069 1.234 -2.06   2.52  5.21   0.60  0.22  319.5  90  180
1070 1.307  1.28  -0.33  7.31   0.60  0.22  319.5  90  180
1071 0.000  1.74  -0.72  7.31   0.60  0.22  319.5  90  180
1072 0.529  1.28  -0.33  7.09   0.60  0.23  319.5  90  180
1073 0.000  1.74  -0.72  7.09   0.60  0.23  319.5  90  180
1074 0.000 17.40 -14.10  8.74   0.60  0.23  319.5  90  180
1075 0.000 17.86 -14.49  8.74   0.60  0.23  319.5  90  180
1076 0.018 17.40 -14.10  8.51   0.60  0.22  319.5  90  180
1077 0.000 17.86 -14.49  8.51   0.60  0.22  319.5  90  180
1078 0.000 15.58 -12.54  4.31   1.20  0.45  319.5  90  180
1079 0.000 16.49 -13.32  4.31   1.20  0.45  319.5  90  180
1080 0.000 15.58 -12.54  3.79   1.20  0.52  319.5  90  180
1081 0.000 16.49 -13.32  3.79   1.20  0.52  319.5  90  180
1082 2.050 13.60 -10.86  3.34   1.20  0.45  319.5  90  180
1083 0.000 14.51 -11.64  3.34   1.40  0.45  319.5  90  180
1084 0.000 13.60 -10.86  2.89   1.20  0.45  319.5  90  180
1085 0.000 14.51 -11.64  2.89   1.40  0.45  319.5  90  180
1086 0.000  1.28  -0.33  9.19   0.60  0.23  319.5  90  180
1087 0.000  1.74  -0.72  9.19   0.60  0.23  319.5  90  180
1088 0.000  1.28  -0.33  8.96   0.60  0.22  319.5  90  180
1089 0.105  1.74  -0.72  8.96   0.60  0.22  319.5  90  180
1090 0.000 11.78  -9.30  4.99   0.60  0.22  319.5  90  180
1091 0.000 12.23  -9.69  4.99   0.60  0.22  319.5  90  180
1092 0.000 11.78  -9.30  4.76   0.60  0.22  319.5  90  180
1093 0.000 12.23  -9.69  4.76   0.60  0.22  319.5  90  180
1094 0.182 11.78  -9.30  5.44   0.60  0.23  319.5  90  180
1095 0.082 12.23  -9.69  5.44   0.60  0.23  319.5  90  180
1096 0.054 11.78  -9.30  5.21   0.60  0.22  319.5  90  180
1097 0.017 12.23  -9.69  5.21   0.60  0.22  319.5  90  180
1098 0.000  4.17  -2.80  2.44   1.20  0.45  319.5  90  180
1099 0.000  5.09  -3.58  2.44   1.20  0.45  319.5  90  180
1100 0.000  4.17  -2.80  1.91   1.20  0.52  319.5  90  180
1101 0.000  5.09  -3.58  1.91   1.20  0.52  319.5  90  180
1102 0.000  9.80  -7.61  6.86   0.60  0.22  319.5  90  180
1103 0.000 10.26  -8.00  6.86   0.60  0.22  319.5  90  180
1104 4.095  9.80  -7.61  6.64   0.60  0.22  319.5  90  180
1105 0.000 10.26  -8.00  6.64   0.60  0.22  319.5  90  180
1106 0.118  0.37   0.44  4.09   0.60  0.22  319.5  90  180
1107 0.000  0.83   0.05  4.09   0.60  0.22  319.5  90  180
1108 0.000  0.37   0.44  3.79   0.60  0.30  319.5  90  180
1109 0.000  0.83   0.05  3.79   0.60  0.30  319.5  90  180
1110 0.085 21.21 -17.35  3.56   0.60  0.22  319.5  90  180
1111 0.106 21.66 -17.74  3.56   0.60  0.22  319.5  90  180
1112 0.017 21.21 -17.35  3.34   0.60  0.23  319.5  90  180
1113 0.044 21.66 -17.74  3.34   0.60  0.23  319.5  90  180
1114 5.901 12.69 -10.08  7.84   0.60  0.22  319.5  90  180
1115 1.089 13.15 -10.47  7.84   0.60  0.22  319.5  90  180
1116 0.000 12.69 -10.08  7.54   0.60  0.30  319.5  90  180
1117 0.000 13.15 -10.47  7.54   0.60  0.30  319.5  90  180
1118 0.051 17.40 -14.10  6.41   0.60  0.22  319.5  90  180
1119 0.051 17.86 -14.49  6.41   0.60  0.22  319.5  90  180
1120 0.006 17.40 -14.10  6.19   0.60  0.22  319.5  90  180
1121 0.005 17.86 -14.49  6.19   0.60  0.22  319.5  90  180
1122 0.000 21.21 -17.35  3.11   0.60  0.22  319.5  90  180
1123 0.021 21.66 -17.74  3.11   0.60  0.22  319.5  90  180
1124 0.000 21.21 -17.35  2.89   0.60  0.23  319.5  90  180
1125 0.017 21.66 -17.74  2.89   0.60  0.23  319.5  90  180
1126 0.000  6.00  -4.36  3.56   0.60  0.22  319.5  90  180
1127 3.397  6.45  -4.75  3.56   0.60  0.22  319.5  90  180
1128 0.000  6.00  -4.36  3.34   0.60  0.23  319.5  90  180
1129 0.000  6.45  -4.75  3.34   0.60  0.23  319.5  90  180
1130 0.000 -1.61   2.13  3.56   0.60  0.22  319.5  90  180
1131 3.203 -1.15   1.74  3.56   0.60  0.22  319.5  90  180
1132 0.000 -1.61   2.13  3.34   0.60  0.23  319.5  90  180
1133 0.000 -1.15   1.74  3.34   0.60  0.23  319.5  90  180
1134 5.141  0.37   0.44  8.29   0.60  0.23  319.5  90  180
1135 0.000  0.83   0.05  8.29   0.60  0.23  319.5  90  180
1136 9.317  0.37   0.44  8.06   0.60  0.23  319.5  90  180
1137 0.000  0.83   0.05  8.06   0.60  0.23  319.5  90  180
1138 0.000 14.51 -11.64 10.61   0.60  0.23  319.5  90  180
1139 0.000 14.97 -12.02 10.61   0.80  0.23  319.5  90  180
1140 0.000 14.51 -11.64 10.39   0.60  0.22  319.5  90  180
1141 0.000 14.97 -12.02 10.39   0.80  0.22  319.5  90  180
1142 0.000 22.12 -18.13  2.21   0.60  0.22  319.5  90  180
1143 0.000 22.57 -18.52  2.21   0.80  0.22  319.5  90  180
1144 0.000 22.12 -18.13  1.91   0.60  0.30  319.5  90  180
1145 0.000 22.57 -18.52  1.91   0.80  0.30  319.5  90  180
1146 3.754  8.89  -6.83  4.54   0.60  0.22  319.5  90  180
1147 0.000  9.34  -7.22  4.54   0.60  0.22  319.5  90  180
1148 0.000  8.89  -6.83  4.31   0.60  0.23  319.5  90  180
1149 0.000  9.34  -7.22  4.31   0.60  0.23  319.5  90  180
1150 0.000  4.17  -2.80  1.01   2.40  0.90  319.5  90  180
1151 0.000  6.00  -4.36  1.01   2.60  0.90  319.5  90  180
1152 0.274  4.17  -2.80  0.04   2.40  0.98  319.5  90  180
1153 0.227  6.00  -4.36  0.04   2.60  0.98  319.5  90  180
1154 0.010 12.69 -10.08  5.44   0.60  0.23  319.5  90  180
1155 0.000 13.15 -10.47  5.44   0.60  0.23  319.5  90  180
1156 0.000 12.69 -10.08  5.21   0.60  0.22  319.5  90  180
1157 0.000 13.15 -10.47  5.21   0.60  0.22  319.5  90  180
1158 0.000 -4.34   4.47  9.19   0.60  0.23  319.5  90  180
1159 0.000 -3.89   4.08  9.19   0.60  0.23  319.5  90  180
1160 1.223 -4.34   4.47  8.96   0.60  0.22  319.5  90  180
1161 0.107 -3.89   4.08  8.96   0.60  0.22  319.5  90  180
1162 0.016 21.21 -17.35  2.66   0.60  0.22  319.5  90  180
1163 0.027 21.66 -17.74  2.66   0.60  0.22  319.5  90  180
1164 0.056 21.21 -17.35  2.44   0.60  0.23  319.5  90  180
1165 0.056 21.66 -17.74  2.44   0.60  0.23  319.5  90  180
1166 0.000 17.40 -14.10  2.44   1.20  0.45  319.5  90  180
1167 0.000 18.32 -14.88  2.44   1.40  0.45  319.5  90  180
1168 0.000 17.40 -14.10  1.91   1.20  0.52  319.5  90  180
1169 0.000 18.32 -14.88  1.91   1.40  0.52  319.5  90  180
1170 0.045 19.38 -15.79  4.99   0.60  0.22  319.5  90  180
1171 0.000 19.84 -16.18  4.99   0.60  0.22  319.5  90  180
1172 0.000 19.38 -15.79  4.76   0.60  0.22  319.5  90  180
1173 0.003 19.84 -16.18  4.76   0.60  0.22  319.5  90  180
1174 3.673  6.91  -5.14  3.56   0.60  0.22  319.5  90  180
1175 0.588  7.37  -5.53  3.56   0.80  0.22  319.5  90  180
1176 0.000  6.91  -5.14  3.34   0.60  0.23  319.5  90  180
1177 0.000  7.37  -5.53  3.34   0.80  0.23  319.5  90  180
1178 0.000 11.78  -9.30  2.44   1.20  0.45  319.5  90  180
1179 0.000 12.69 -10.08  2.44   1.20  0.45  319.5  90  180
1180 0.000 11.78  -9.30  1.91   1.20  0.52  319.5  90  180
1181 0.000 12.69 -10.08  1.91   1.20  0.52  319.5  90  180
1182 0.180 18.32 -14.88  4.99   0.60  0.22  319.5  90  180
1183 0.028 18.77 -15.27  4.99   0.80  0.22  319.5  90  180
1184 0.217 18.32 -14.88  4.76   0.60  0.22  319.5  90  180
1185 0.009 18.77 -15.27  4.76   0.80  0.22  319.5  90  180
1186 0.000 20.29 -16.57  4.54   0.60  0.22  319.5  90  180
1187 0.000 20.75 -16.96  4.54   0.60  0.22  319.5  90  180
1188 0.643 20.29 -16.57  4.31   0.60  0.23  319.5  90  180
1189 0.000 20.75 -16.96  4.31   0.60  0.23  319.5  90  180
1190 2.074 -2.52   2.91  7.31   0.60  0.22  319.5  90  180
1191 20.648 -2.06   2.52  7.31   0.60  0.22  319.5  90  180
1192 0.000 -2.52   2.91  7.09   0.60  0.23  319.5  90  180
1193 1.300 -2.06   2.52  7.09   0.60  0.23  319.5  90  180
1194 4.715  4.17  -2.80  6.41   0.60  0.22  319.5  90  180
1195 10.455  4.63  -3.19  6.41   0.60  0.22  319.5  90  180
1196 1.992  4.17  -2.80  6.19   0.60  0.22  319.5  90  180
1197 3.268  4.63  -3.19  6.19   0.60  0.22  319.5  90  180
1198 0.000 19.38 -15.79  2.66   0.60  0.22  319.5  90  180
1199 0.105 19.84 -16.18  2.66   0.60  0.22  319.5  90  180
1200 0.000 19.38 -15.79  2.44   0.60  0.23  319.5  90  180
1201 0.016 19.84 -16.18  2.44   0.60  0.23  319.5  90  180
