# time (yr) north(m) east(m) up(m) northsigma(m) eastsigma(m) upsigma(m)
0.000000 0.000000 0.000000 0.000000 0.000948 0.001662 0.002181
0.002700 -0.000084 0.000003 -0.000003 0.000952 0.001663 0.002182
0.005500 -0.000167 0.000006 -0.000004 0.000962 0.001667 0.002184
0.008200 -0.000242 0.000009 -0.000005 0.000978 0.001672 0.002187
0.011000 -0.000317 0.000012 -0.000006 0.000997 0.001680 0.002190
0.013700 -0.000386 0.000015 -0.000005 0.001019 0.001689 0.002195
0.016400 -0.000452 0.000018 -0.000004 0.001043 0.001700 0.002201
0.019200 -0.000517 0.000022 -0.000003 0.001068 0.001713 0.002207
0.024700 -0.000639 0.000028 0.000002 0.001120 0.001743 0.002223
0.027400 -0.000695 0.000032 0.000005 0.001145 0.001760 0.002231
0.032900 -0.000805 0.000039 0.000013 0.001196 0.001796 0.002251
0.035600 -0.000856 0.000043 0.000017 0.001220 0.001815 0.002261
0.041100 -0.000956 0.000050 0.000027 0.001266 0.001856 0.002284
0.043800 -0.001003 0.000054 0.000033 0.001288 0.001877 0.002295
0.046600 -0.001051 0.000058 0.000039 0.001309 0.001899 0.002308
0.049300 -0.001096 0.000061 0.000045 0.001329 0.001920 0.002321
0.054800 -0.001184 0.000069 0.000058 0.001366 0.001964 0.002348
0.057500 -0.001226 0.000073 0.000064 0.001383 0.001985 0.002361
0.063000 -0.001309 0.000081 0.000079 0.001416 0.002029 0.002390
0.065800 -0.001350 0.000085 0.000086 0.001431 0.002051 0.002405
0.068500 -0.001389 0.000089 0.000093 0.001444 0.002072 0.002419
0.071200 -0.001427 0.000093 0.000101 0.001457 0.002093 0.002434
0.074000 -0.001466 0.000097 0.000109 0.001470 0.002114 0.002450
0.076700 -0.001503 0.000101 0.000116 0.001482 0.002134 0.002465
0.079500 -0.001541 0.000105 0.000124 0.001493 0.002155 0.002481
0.082200 -0.001576 0.000109 0.000132 0.001504 0.002174 0.002496
0.084900 -0.001612 0.000113 0.000140 0.001513 0.002193 0.002512
0.087700 -0.001648 0.000118 0.000148 0.001523 0.002212 0.002528
0.090400 -0.001682 0.000122 0.000155 0.001531 0.002231 0.002543
0.093200 -0.001717 0.000126 0.000164 0.001540 0.002249 0.002560
0.095900 -0.001751 0.000130 0.000171 0.001547 0.002266 0.002575
0.098600 -0.001784 0.000134 0.000179 0.001554 0.002283 0.002591
0.101400 -0.001818 0.000138 0.000187 0.001561 0.002300 0.002607
0.104100 -0.001850 0.000142 0.000195 0.001567 0.002316 0.002623
0.109600 -0.001914 0.000151 0.000210 0.001578 0.002347 0.002655
0.112300 -0.001946 0.000155 0.000217 0.001583 0.002362 0.002670
0.115100 -0.001978 0.000159 0.000225 0.001588 0.002376 0.002686
0.117800 -0.002008 0.000164 0.000232 0.001592 0.002390 0.002702
0.123300 -0.002069 0.000172 0.000246 0.001599 0.002416 0.002733
0.126000 -0.002099 0.000176 0.000253 0.001603 0.002428 0.002748
0.128800 -0.002130 0.000181 0.000260 0.001606 0.002440 0.002764
0.131500 -0.002159 0.000185 0.000267 0.001608 0.002451 0.002779
0.137000 -0.002217 0.000193 0.000280 0.001613 0.002473 0.002808
0.139700 -0.002245 0.000198 0.000286 0.001615 0.002483 0.002823
0.142500 -0.002274 0.000202 0.000292 0.001617 0.002492 0.002838
0.145200 -0.002302 0.000206 0.000297 0.001619 0.002501 0.002852
0.147900 -0.002330 0.000210 0.000303 0.001620 0.002510 0.002866
0.150700 -0.002358 0.000215 0.000309 0.001621 0.002518 0.002880
0.153400 -0.002385 0.000219 0.000314 0.001622 0.002526 0.002894
0.156200 -0.002413 0.000223 0.000319 0.001623 0.002534 0.002908
0.158900 -0.002439 0.000228 0.000324 0.001624 0.002541 0.002921
0.161600 -0.002466 0.000232 0.000328 0.001624 0.002548 0.002934
0.164400 -0.002493 0.000236 0.000333 0.001625 0.002554 0.002947
0.167100 -0.002519 0.000241 0.000337 0.001625 0.002560 0.002960
0.169900 -0.002545 0.000245 0.000341 0.001625 0.002566 0.002973
0.172600 -0.002571 0.000249 0.000344 0.001625 0.002571 0.002985
0.175300 -0.002596 0.000253 0.000348 0.001625 0.002576 0.002997
0.178100 -0.002622 0.000258 0.000351 0.001625 0.002580 0.003009
0.180800 -0.002647 0.000262 0.000354 0.001624 0.002585 0.003021
0.183600 -0.002673 0.000267 0.000357 0.001624 0.002589 0.003033
0.186300 -0.002697 0.000271 0.000360 0.001623 0.002592 0.003044
0.189000 -0.002721 0.000275 0.000362 0.001623 0.002596 0.003055
0.191800 -0.002746 0.000280 0.000364 0.001622 0.002599 0.003066
0.197300 -0.002795 0.000288 0.000367 0.001620 0.002604 0.003087
0.200000 -0.002819 0.000293 0.000369 0.001619 0.002606 0.003097
0.202700 -0.002842 0.000297 0.000370 0.001618 0.002608 0.003106
0.205500 -0.002866 0.000301 0.000371 0.001617 0.002610 0.003116
0.208200 -0.002889 0.000306 0.000371 0.001616 0.002611 0.003126
0.211000 -0.002913 0.000310 0.000372 0.001615 0.002612 0.003135
0.213700 -0.002935 0.000314 0.000372 0.001614 0.002613 0.003144
0.216400 -0.002958 0.000319 0.000371 0.001613 0.002614 0.003152
0.219200 -0.002981 0.000323 0.000371 0.001611 0.002615 0.003161
0.224700 -0.003026 0.000332 0.000369 0.001609 0.002615 0.003177
0.227400 -0.003048 0.000336 0.000368 0.001607 0.002615 0.003185
0.230100 -0.003069 0.000340 0.000367 0.001606 0.002615 0.003192
0.235600 -0.003113 0.000349 0.000363 0.001603 0.002614 0.003206
0.238400 -0.003135 0.000354 0.000361 0.001601 0.002613 0.003213
0.241100 -0.003156 0.000358 0.000358 0.001600 0.002612 0.003219
0.243800 -0.003176 0.000362 0.000355 0.001598 0.002611 0.003226
0.246600 -0.003198 0.000367 0.000352 0.001597 0.002609 0.003232
0.249300 -0.003218 0.000371 0.000349 0.001595 0.002608 0.003237
0.252100 -0.003239 0.000376 0.000346 0.001594 0.002606 0.003243
0.254800 -0.003260 0.000380 0.000342 0.001592 0.002604 0.003248
0.257500 -0.003280 0.000384 0.000338 0.001591 0.002602 0.003253
0.260300 -0.003300 0.000389 0.000333 0.001589 0.002600 0.003258
0.263000 -0.003320 0.000393 0.000329 0.001588 0.002598 0.003263
0.265800 -0.003340 0.000398 0.000324 0.001586 0.002596 0.003268
0.268500 -0.003360 0.000402 0.000319 0.001584 0.002594 0.003272
0.271200 -0.003379 0.000406 0.000314 0.001583 0.002591 0.003276
0.274000 -0.003399 0.000411 0.000308 0.001581 0.002588 0.003280
0.276700 -0.003418 0.000415 0.000303 0.001580 0.002586 0.003283
0.279500 -0.003437 0.000420 0.000297 0.001578 0.002583 0.003287
0.282200 -0.003456 0.000424 0.000290 0.001577 0.002580 0.003290
0.284900 -0.003475 0.000428 0.000284 0.001576 0.002577 0.003293
0.287700 -0.003494 0.000433 0.000277 0.001574 0.002574 0.003296
0.290400 -0.003512 0.000437 0.000270 0.001573 0.002571 0.003298
0.293200 -0.003531 0.000441 0.000263 0.001571 0.002568 0.003301
0.295900 -0.003549 0.000446 0.000255 0.001570 0.002564 0.003303
0.298600 -0.003567 0.000450 0.000248 0.001569 0.002561 0.003305
0.301400 -0.003585 0.000455 0.000240 0.001567 0.002557 0.003307
0.304100 -0.003603 0.000459 0.000232 0.001566 0.002554 0.003308
0.306900 -0.003621 0.000463 0.000223 0.001565 0.002550 0.003310
0.309600 -0.003638 0.000468 0.000215 0.001563 0.002547 0.003311
0.312300 -0.003656 0.000472 0.000206 0.001562 0.002543 0.003312
0.315100 -0.003673 0.000477 0.000197 0.001561 0.002539 0.003313
0.317800 -0.003690 0.000481 0.000188 0.001560 0.002536 0.003314
0.320600 -0.003708 0.000485 0.000178 0.001559 0.002532 0.003314
0.323300 -0.003725 0.000490 0.000168 0.001558 0.002528 0.003315
0.326000 -0.003741 0.000494 0.000159 0.001557 0.002524 0.003315
0.328800 -0.003758 0.000499 0.000148 0.001556 0.002520 0.003315
0.334300 -0.003792 0.000507 0.000127 0.001554 0.002512 0.003315
0.337000 -0.003808 0.000512 0.000117 0.001553 0.002508 0.003315
0.339700 -0.003824 0.000516 0.000106 0.001553 0.002504 0.003315
0.342500 -0.003840 0.000521 0.000095 0.001552 0.002500 0.003314
0.345200 -0.003856 0.000525 0.000083 0.001551 0.002496 0.003313
0.347900 -0.003872 0.000529 0.000072 0.001551 0.002492 0.003313
0.350700 -0.003888 0.000534 0.000060 0.001550 0.002488 0.003312
0.353400 -0.003904 0.000538 0.000048 0.001549 0.002484 0.003311
0.356200 -0.003919 0.000543 0.000036 0.001549 0.002480 0.003310
0.358900 -0.003935 0.000547 0.000024 0.001548 0.002476 0.003308
0.361600 -0.003950 0.000551 0.000011 0.001548 0.002472 0.003307
0.364400 -0.003965 0.000556 -0.000001 0.001548 0.002467 0.003306
0.367100 -0.003980 0.000560 -0.000014 0.001547 0.002463 0.003304
0.369900 -0.003996 0.000565 -0.000027 0.001547 0.002459 0.003302
0.372600 -0.004011 0.000569 -0.000041 0.001547 0.002455 0.003301
0.375300 -0.004025 0.000573 -0.000054 0.001547 0.002451 0.003299
0.378100 -0.004040 0.000578 -0.000068 0.001547 0.002447 0.003297
0.380800 -0.004055 0.000582 -0.000081 0.001547 0.002442 0.003295
0.490400 -0.004567 0.000757 -0.000743 0.001584 0.002295 0.003190
0.493200 -0.004579 0.000761 -0.000762 0.001586 0.002291 0.003187
0.512300 -0.004655 0.000792 -0.000895 0.001599 0.002271 0.003173
0.591800 -0.004946 0.000916 -0.001472 0.001666 0.002207 0.003160
0.594500 -0.004955 0.000921 -0.001492 0.001668 0.002205 0.003161
0.627400 -0.005063 0.000972 -0.001737 0.001699 0.002188 0.003183
0.630100 -0.005072 0.000976 -0.001757 0.001701 0.002187 0.003186
0.632900 -0.005081 0.000980 -0.001778 0.001704 0.002186 0.003189
0.635600 -0.005090 0.000984 -0.001798 0.001706 0.002184 0.003192
0.649300 -0.005133 0.001006 -0.001899 0.001719 0.002179 0.003208
0.657500 -0.005158 0.001018 -0.001960 0.001727 0.002176 0.003219
1.002700 -0.006066 0.001531 -0.004130 0.001963 0.002203 0.004208
1.005500 -0.006072 0.001535 -0.004144 0.001964 0.002204 0.004217
1.008200 -0.006079 0.001538 -0.004157 0.001965 0.002205 0.004226
1.011000 -0.006085 0.001542 -0.004170 0.001966 0.002206 0.004235
1.013700 -0.006092 0.001546 -0.004183 0.001967 0.002207 0.004243
1.016400 -0.006098 0.001550 -0.004195 0.001969 0.002207 0.004252
1.019200 -0.006105 0.001554 -0.004208 0.001970 0.002208 0.004261
1.021900 -0.006111 0.001558 -0.004221 0.001971 0.002209 0.004270
1.024700 -0.006118 0.001562 -0.004234 0.001972 0.002210 0.004278
1.027400 -0.006124 0.001566 -0.004246 0.001973 0.002211 0.004287
1.030100 -0.006131 0.001570 -0.004259 0.001974 0.002211 0.004295
1.032900 -0.006137 0.001573 -0.004271 0.001975 0.002212 0.004304
1.035600 -0.006144 0.001577 -0.004284 0.001976 0.002213 0.004313
1.038400 -0.006150 0.001581 -0.004296 0.001977 0.002214 0.004321
1.041100 -0.006157 0.001585 -0.004308 0.001978 0.002215 0.004330
1.043800 -0.006163 0.001589 -0.004320 0.001979 0.002215 0.004338
1.046600 -0.006170 0.001593 -0.004333 0.001980 0.002216 0.004347
1.049300 -0.006176 0.001597 -0.004345 0.001981 0.002217 0.004355
1.052100 -0.006183 0.001601 -0.004357 0.001982 0.002218 0.004364
1.054800 -0.006189 0.001604 -0.004368 0.001983 0.002219 0.004372
1.057500 -0.006195 0.001608 -0.004380 0.001984 0.002219 0.004380
1.065800 -0.006215 0.001620 -0.004416 0.001987 0.002222 0.004405
1.068500 -0.006221 0.001624 -0.004427 0.001988 0.002223 0.004414
1.071200 -0.006227 0.001627 -0.004438 0.001989 0.002224 0.004422
1.074000 -0.006234 0.001631 -0.004450 0.001990 0.002224 0.004430
1.076700 -0.006240 0.001635 -0.004461 0.001991 0.002225 0.004438
1.079500 -0.006247 0.001639 -0.004473 0.001992 0.002226 0.004446
1.082200 -0.006253 0.001643 -0.004484 0.001993 0.002227 0.004454
1.084900 -0.006259 0.001647 -0.004495 0.001994 0.002228 0.004462
1.090400 -0.006272 0.001654 -0.004517 0.001996 0.002229 0.004478
1.093200 -0.006279 0.001658 -0.004528 0.001997 0.002230 0.004486
1.095900 -0.006285 0.001662 -0.004539 0.001997 0.002231 0.004494
1.098600 -0.006291 0.001666 -0.004550 0.001998 0.002232 0.004502
1.101400 -0.006298 0.001670 -0.004561 0.001999 0.002233 0.004510
1.104100 -0.006304 0.001673 -0.004571 0.002000 0.002234 0.004518
1.106900 -0.006311 0.001677 -0.004582 0.002001 0.002235 0.004526
1.109600 -0.006317 0.001681 -0.004593 0.002002 0.002235 0.004533
1.112300 -0.006323 0.001685 -0.004603 0.002003 0.002236 0.004541
1.115100 -0.006330 0.001689 -0.004614 0.002004 0.002237 0.004549
1.117800 -0.006336 0.001692 -0.004624 0.002004 0.002238 0.004556
1.120600 -0.006343 0.001696 -0.004635 0.002005 0.002239 0.004564
1.123300 -0.006349 0.001700 -0.004645 0.002006 0.002240 0.004571
1.126000 -0.006355 0.001704 -0.004655 0.002007 0.002240 0.004579
1.128800 -0.006362 0.001708 -0.004665 0.002008 0.002241 0.004586
1.131500 -0.006368 0.001711 -0.004675 0.002009 0.002242 0.004594
1.134300 -0.006375 0.001715 -0.004685 0.002009 0.002243 0.004601
1.137000 -0.006381 0.001719 -0.004695 0.002010 0.002244 0.004609
1.139700 -0.006387 0.001723 -0.004705 0.002011 0.002245 0.004616
1.142500 -0.006394 0.001726 -0.004715 0.002012 0.002246 0.004623
1.145200 -0.006400 0.001730 -0.004725 0.002013 0.002246 0.004631
1.147900 -0.006406 0.001734 -0.004734 0.002013 0.002247 0.004638
1.150700 -0.006413 0.001738 -0.004744 0.002014 0.002248 0.004645
1.153400 -0.006419 0.001741 -0.004754 0.002015 0.002249 0.004652
1.156200 -0.006425 0.001745 -0.004763 0.002016 0.002250 0.004659
1.158900 -0.006432 0.001749 -0.004773 0.002016 0.002251 0.004666
1.161600 -0.006438 0.001753 -0.004782 0.002017 0.002251 0.004673
1.164400 -0.006444 0.001756 -0.004791 0.002018 0.002252 0.004680
1.167100 -0.006451 0.001760 -0.004801 0.002019 0.002253 0.004687
1.194500 -0.006514 0.001798 -0.004890 0.002026 0.002262 0.004755
1.197300 -0.006520 0.001801 -0.004899 0.002026 0.002262 0.004762
1.202700 -0.006533 0.001809 -0.004916 0.002028 0.002264 0.004774
1.205500 -0.006539 0.001812 -0.004925 0.002028 0.002265 0.004781
1.208200 -0.006546 0.001816 -0.004933 0.002029 0.002266 0.004787
1.211000 -0.006552 0.001820 -0.004942 0.002030 0.002267 0.004794
1.213700 -0.006558 0.001824 -0.004950 0.002030 0.002268 0.004800
1.216400 -0.006565 0.001827 -0.004958 0.002031 0.002268 0.004806
1.219200 -0.006571 0.001831 -0.004966 0.002032 0.002269 0.004812
1.221900 -0.006577 0.001835 -0.004974 0.002032 0.002270 0.004818
1.224700 -0.006584 0.001838 -0.004983 0.002033 0.002271 0.004825
1.227400 -0.006590 0.001842 -0.004991 0.002034 0.002272 0.004831
1.230100 -0.006596 0.001846 -0.004999 0.002034 0.002273 0.004837
1.232900 -0.006603 0.001849 -0.005007 0.002035 0.002273 0.004843
1.235600 -0.006609 0.001853 -0.005014 0.002036 0.002274 0.004849
1.238400 -0.006615 0.001857 -0.005023 0.002036 0.002275 0.004855
1.241100 -0.006622 0.001860 -0.005030 0.002037 0.002276 0.004861
1.243800 -0.006628 0.001864 -0.005038 0.002037 0.002277 0.004866
1.246600 -0.006634 0.001868 -0.005046 0.002038 0.002278 0.004872
1.249300 -0.006641 0.001871 -0.005053 0.002039 0.002278 0.004878
1.252100 -0.006647 0.001875 -0.005061 0.002039 0.002279 0.004884
1.254800 -0.006653 0.001879 -0.005068 0.002040 0.002280 0.004890
1.257500 -0.006659 0.001882 -0.005076 0.002040 0.002281 0.004895
1.260300 -0.006666 0.001886 -0.005083 0.002041 0.002282 0.004901
1.263000 -0.006672 0.001890 -0.005091 0.002042 0.002283 0.004906
1.265800 -0.006679 0.001893 -0.005098 0.002042 0.002283 0.004912
1.268500 -0.006685 0.001897 -0.005105 0.002043 0.002284 0.004918
1.274000 -0.006698 0.001904 -0.005120 0.002044 0.002286 0.004928
1.276700 -0.006704 0.001908 -0.005127 0.002044 0.002287 0.004934
1.284900 -0.006723 0.001919 -0.005148 0.002046 0.002289 0.004950
1.287700 -0.006729 0.001923 -0.005155 0.002047 0.002290 0.004955
1.290400 -0.006735 0.001926 -0.005162 0.002047 0.002291 0.004960
1.293200 -0.006742 0.001930 -0.005169 0.002048 0.002292 0.004965
1.295900 -0.006748 0.001933 -0.005176 0.002048 0.002293 0.004970
1.298600 -0.006754 0.001937 -0.005182 0.002049 0.002293 0.004975
1.301400 -0.006761 0.001941 -0.005189 0.002049 0.002294 0.004981
1.315100 -0.006792 0.001959 -0.005222 0.002052 0.002298 0.005005
1.320600 -0.006805 0.001966 -0.005235 0.002053 0.002300 0.005015
1.326000 -0.006818 0.001973 -0.005248 0.002054 0.002302 0.005024
1.328800 -0.006824 0.001977 -0.005254 0.002055 0.002302 0.005029
1.334300 -0.006837 0.001984 -0.005267 0.002056 0.002304 0.005038
1.337000 -0.006843 0.001987 -0.005273 0.002056 0.002305 0.005042
1.342500 -0.006856 0.001995 -0.005285 0.002057 0.002306 0.005051
1.350700 -0.006875 0.002005 -0.005303 0.002059 0.002309 0.005064
1.353400 -0.006881 0.002009 -0.005309 0.002059 0.002310 0.005069
1.356200 -0.006887 0.002013 -0.005315 0.002060 0.002310 0.005073
1.361600 -0.006900 0.002020 -0.005326 0.002060 0.002312 0.005081
1.364400 -0.006906 0.002023 -0.005332 0.002061 0.002313 0.005085
1.369900 -0.006919 0.002030 -0.005344 0.002062 0.002315 0.005094
1.372600 -0.006925 0.002034 -0.005349 0.002062 0.002315 0.005098
1.375300 -0.006931 0.002037 -0.005355 0.002063 0.002316 0.005102
1.383600 -0.006951 0.002048 -0.005372 0.002064 0.002319 0.005113
1.389000 -0.006963 0.002055 -0.005383 0.002065 0.002320 0.005121
1.391800 -0.006969 0.002059 -0.005388 0.002065 0.002321 0.005125
1.394500 -0.006976 0.002062 -0.005394 0.002066 0.002322 0.005128
1.397300 -0.006982 0.002066 -0.005399 0.002066 0.002323 0.005132
1.400000 -0.006988 0.002069 -0.005404 0.002067 0.002323 0.005136
1.402700 -0.006995 0.002073 -0.005410 0.002067 0.002324 0.005139
1.411000 -0.007014 0.002083 -0.005425 0.002068 0.002327 0.005150
1.416400 -0.007026 0.002090 -0.005435 0.002069 0.002328 0.005157
1.419200 -0.007033 0.002094 -0.005441 0.002070 0.002329 0.005160
1.421900 -0.007039 0.002097 -0.005446 0.002070 0.002330 0.005164
1.424700 -0.007046 0.002101 -0.005451 0.002071 0.002330 0.005167
1.427400 -0.007052 0.002104 -0.005456 0.002071 0.002331 0.005170
1.430100 -0.007058 0.002108 -0.005461 0.002071 0.002332 0.005174
1.432900 -0.007065 0.002111 -0.005466 0.002072 0.002333 0.005177
1.435600 -0.007071 0.002115 -0.005471 0.002072 0.002334 0.005180
1.438400 -0.007077 0.002118 -0.005476 0.002073 0.002334 0.005183
1.441100 -0.007084 0.002122 -0.005480 0.002073 0.002335 0.005186
1.443800 -0.007090 0.002125 -0.005485 0.002073 0.002336 0.005189
1.446600 -0.007096 0.002129 -0.005490 0.002074 0.002337 0.005192
1.449300 -0.007103 0.002132 -0.005495 0.002074 0.002338 0.005195
1.452100 -0.007109 0.002136 -0.005500 0.002074 0.002338 0.005198
1.454800 -0.007115 0.002139 -0.005504 0.002075 0.002339 0.005201
1.474000 -0.007160 0.002163 -0.005537 0.002077 0.002345 0.005221
1.476700 -0.007166 0.002167 -0.005541 0.002078 0.002345 0.005224
1.479500 -0.007173 0.002170 -0.005546 0.002078 0.002346 0.005226
1.482200 -0.007179 0.002174 -0.005550 0.002078 0.002347 0.005229
1.484900 -0.007185 0.002177 -0.005555 0.002079 0.002348 0.005231
1.487700 -0.007192 0.002181 -0.005559 0.002079 0.002349 0.005234
1.490400 -0.007198 0.002184 -0.005563 0.002079 0.002349 0.005236
1.493200 -0.007204 0.002188 -0.005568 0.002080 0.002350 0.005239
1.495900 -0.007211 0.002191 -0.005572 0.002080 0.002351 0.005241
1.498600 -0.007217 0.002194 -0.005576 0.002080 0.002352 0.005244
1.501400 -0.007223 0.002198 -0.005581 0.002081 0.002353 0.005246
1.504100 -0.007230 0.002201 -0.005585 0.002081 0.002353 0.005249
1.506900 -0.007236 0.002205 -0.005590 0.002081 0.002354 0.005251
1.509600 -0.007242 0.002208 -0.005594 0.002082 0.002355 0.005253
1.512300 -0.007249 0.002212 -0.005598 0.002082 0.002356 0.005255
1.515100 -0.007255 0.002215 -0.005602 0.002082 0.002356 0.005258
1.517800 -0.007262 0.002218 -0.005606 0.002083 0.002357 0.005260
1.520600 -0.007268 0.002222 -0.005611 0.002083 0.002358 0.005262
1.523300 -0.007274 0.002225 -0.005615 0.002083 0.002359 0.005264
1.526000 -0.007281 0.002229 -0.005619 0.002084 0.002360 0.005266
1.528800 -0.007287 0.002232 -0.005623 0.002084 0.002360 0.005268
1.531500 -0.007293 0.002235 -0.005627 0.002084 0.002361 0.005270
1.534300 -0.007300 0.002239 -0.005631 0.002085 0.002362 0.005272
1.537000 -0.007306 0.002242 -0.005635 0.002085 0.002363 0.005274
1.539700 -0.007312 0.002246 -0.005639 0.002085 0.002363 0.005276
1.542500 -0.007319 0.002249 -0.005643 0.002085 0.002364 0.005278
1.545200 -0.007325 0.002252 -0.005647 0.002086 0.002365 0.005280
1.547900 -0.007332 0.002256 -0.005651 0.002086 0.002366 0.005282
1.550700 -0.007338 0.002259 -0.005655 0.002086 0.002367 0.005283
1.553400 -0.007344 0.002263 -0.005659 0.002087 0.002367 0.005285
1.556200 -0.007351 0.002266 -0.005663 0.002087 0.002368 0.005287
1.558900 -0.007357 0.002269 -0.005667 0.002087 0.002369 0.005289
1.561600 -0.007363 0.002273 -0.005671 0.002087 0.002370 0.005290
1.564400 -0.007370 0.002276 -0.005675 0.002088 0.002370 0.005292
1.567100 -0.007376 0.002279 -0.005679 0.002088 0.002371 0.005294
1.569900 -0.007383 0.002283 -0.005683 0.002088 0.002372 0.005295
1.572600 -0.007389 0.002286 -0.005687 0.002089 0.002373 0.005297
1.575300 -0.007395 0.002290 -0.005690 0.002089 0.002374 0.005298
1.578100 -0.007402 0.002293 -0.005694 0.002089 0.002374 0.005300
1.580800 -0.007408 0.002296 -0.005698 0.002089 0.002375 0.005301
1.583600 -0.007415 0.002300 -0.005702 0.002090 0.002376 0.005303
1.586300 -0.007421 0.002303 -0.005706 0.002090 0.002377 0.005304
1.589000 -0.007427 0.002306 -0.005710 0.002090 0.002377 0.005306
1.591800 -0.007434 0.002310 -0.005713 0.002090 0.002378 0.005307
1.594500 -0.007440 0.002313 -0.005717 0.002091 0.002379 0.005308
1.597300 -0.007447 0.002316 -0.005721 0.002091 0.002380 0.005310
1.600000 -0.007453 0.002320 -0.005725 0.002091 0.002381 0.005311
1.602700 -0.007459 0.002323 -0.005728 0.002091 0.002381 0.005312
1.605500 -0.007466 0.002326 -0.005732 0.002091 0.002382 0.005313
1.608200 -0.007472 0.002330 -0.005736 0.002092 0.002383 0.005315
1.611000 -0.007479 0.002333 -0.005740 0.002092 0.002384 0.005316
1.613700 -0.007485 0.002336 -0.005743 0.002092 0.002384 0.005317
1.616400 -0.007491 0.002340 -0.005747 0.002092 0.002385 0.005318
1.619200 -0.007498 0.002343 -0.005751 0.002093 0.002386 0.005319
1.621900 -0.007504 0.002346 -0.005754 0.002093 0.002387 0.005320
1.624700 -0.007511 0.002350 -0.005758 0.002093 0.002388 0.005321
1.627400 -0.007517 0.002353 -0.005762 0.002093 0.002388 0.005322
1.630100 -0.007523 0.002356 -0.005765 0.002093 0.002389 0.005323
1.632900 -0.007530 0.002360 -0.005769 0.002094 0.002390 0.005324
1.635600 -0.007536 0.002363 -0.005773 0.002094 0.002391 0.005325
1.638400 -0.007543 0.002366 -0.005777 0.002094 0.002391 0.005326
1.641100 -0.007549 0.002370 -0.005780 0.002094 0.002392 0.005327
1.643800 -0.007555 0.002373 -0.005784 0.002094 0.002393 0.005328
1.646600 -0.007562 0.002376 -0.005787 0.002095 0.002394 0.005328
1.649300 -0.007568 0.002379 -0.005791 0.002095 0.002395 0.005329
1.652100 -0.007575 0.002383 -0.005795 0.002095 0.002395 0.005330
1.654800 -0.007581 0.002386 -0.005798 0.002095 0.002396 0.005331
1.657500 -0.007588 0.002389 -0.005802 0.002095 0.002397 0.005331
1.660300 -0.007594 0.002393 -0.005805 0.002096 0.002398 0.005332
1.663000 -0.007600 0.002396 -0.005809 0.002096 0.002398 0.005333
1.665800 -0.007607 0.002399 -0.005813 0.002096 0.002399 0.005333
1.668500 -0.007613 0.002402 -0.005816 0.002096 0.002400 0.005334
1.671200 -0.007620 0.002406 -0.005820 0.002096 0.002401 0.005335
1.674000 -0.007626 0.002409 -0.005823 0.002096 0.002402 0.005335
1.676700 -0.007633 0.002412 -0.005827 0.002097 0.002402 0.005336
1.679500 -0.007639 0.002416 -0.005831 0.002097 0.002403 0.005336
1.682200 -0.007645 0.002419 -0.005834 0.002097 0.002404 0.005337
1.684900 -0.007652 0.002422 -0.005838 0.002097 0.002405 0.005337
1.687700 -0.007658 0.002425 -0.005841 0.002097 0.002406 0.005338
1.690400 -0.007665 0.002429 -0.005845 0.002097 0.002406 0.005338
1.693200 -0.007671 0.002432 -0.005849 0.002097 0.002407 0.005338
1.695900 -0.007678 0.002435 -0.005852 0.002098 0.002408 0.005339
1.698600 -0.007684 0.002438 -0.005856 0.002098 0.002409 0.005339
1.701400 -0.007691 0.002442 -0.005859 0.002098 0.002409 0.005340
1.704100 -0.007697 0.002445 -0.005863 0.002098 0.002410 0.005340
1.706900 -0.007703 0.002448 -0.005867 0.002098 0.002411 0.005340
1.712300 -0.007716 0.002455 -0.005874 0.002098 0.002413 0.005341
1.715100 -0.007723 0.002458 -0.005877 0.002098 0.002413 0.005341
1.717800 -0.007729 0.002461 -0.005881 0.002099 0.002414 0.005341
1.720600 -0.007736 0.002464 -0.005885 0.002099 0.002415 0.005341
1.723300 -0.007742 0.002467 -0.005888 0.002099 0.002416 0.005341
1.726000 -0.007748 0.002471 -0.005892 0.002099 0.002417 0.005341
1.728800 -0.007755 0.002474 -0.005895 0.002099 0.002417 0.005341
1.731500 -0.007761 0.002477 -0.005899 0.002099 0.002418 0.005342
1.734300 -0.007768 0.002480 -0.005903 0.002099 0.002419 0.005342
1.737000 -0.007774 0.002484 -0.005906 0.002099 0.002420 0.005342
1.739700 -0.007781 0.002487 -0.005910 0.002099 0.002421 0.005342
1.742500 -0.007787 0.002490 -0.005913 0.002099 0.002421 0.005342
1.745200 -0.007794 0.002493 -0.005917 0.002100 0.002422 0.005342
1.747900 -0.007800 0.002496 -0.005921 0.002100 0.002423 0.005342
1.750700 -0.007807 0.002500 -0.005924 0.002100 0.002424 0.005341
1.753400 -0.007813 0.002503 -0.005928 0.002100 0.002425 0.005341
1.756100 -0.007819 0.002506 -0.005931 0.002100 0.002425 0.005341
1.758900 -0.007826 0.002509 -0.005935 0.002100 0.002426 0.005341
1.761600 -0.007832 0.002512 -0.005939 0.002100 0.002427 0.005341
1.764300 -0.007839 0.002516 -0.005942 0.002100 0.002428 0.005341
1.767100 -0.007845 0.002519 -0.005946 0.002100 0.002429 0.005341
1.769800 -0.007852 0.002522 -0.005950 0.002100 0.002429 0.005340
1.772500 -0.007858 0.002525 -0.005953 0.002100 0.002430 0.005340
1.775300 -0.007865 0.002528 -0.005957 0.002100 0.002431 0.005340
1.778000 -0.007871 0.002531 -0.005961 0.002100 0.002432 0.005340
1.780700 -0.007877 0.002535 -0.005965 0.002100 0.002433 0.005339
1.783400 -0.007884 0.002538 -0.005968 0.002101 0.002433 0.005339
1.786200 -0.007890 0.002541 -0.005972 0.002101 0.002434 0.005339
1.788900 -0.007897 0.002544 -0.005976 0.002101 0.002435 0.005338
1.791600 -0.007903 0.002547 -0.005979 0.002101 0.002436 0.005338
1.794400 -0.007910 0.002550 -0.005983 0.002101 0.002437 0.005337
1.797100 -0.007916 0.002554 -0.005987 0.002101 0.002438 0.005337
1.799800 -0.007922 0.002557 -0.005991 0.002101 0.002438 0.005336
1.802600 -0.007929 0.002560 -0.005995 0.002101 0.002439 0.005336
1.805300 -0.007935 0.002563 -0.005998 0.002101 0.002440 0.005336
1.808000 -0.007942 0.002566 -0.006002 0.002101 0.002441 0.005335
1.810800 -0.007948 0.002569 -0.006006 0.002101 0.002442 0.005335
1.813500 -0.007955 0.002572 -0.006010 0.002101 0.002442 0.005334
1.816200 -0.007961 0.002576 -0.006014 0.002101 0.002443 0.005333
1.819000 -0.007968 0.002579 -0.006018 0.002101 0.002444 0.005333
1.821700 -0.007974 0.002582 -0.006021 0.002101 0.002445 0.005332
1.824400 -0.007981 0.002585 -0.006025 0.002101 0.002446 0.005332
1.827200 -0.007987 0.002588 -0.006029 0.002101 0.002447 0.005331
1.829900 -0.007994 0.002591 -0.006033 0.002101 0.002447 0.005330
1.832600 -0.008000 0.002594 -0.006037 0.002101 0.002448 0.005330
1.835400 -0.008007 0.002598 -0.006041 0.002101 0.002449 0.005329
1.838100 -0.008013 0.002601 -0.006045 0.002101 0.002450 0.005328
1.840800 -0.008019 0.002604 -0.006049 0.002101 0.002451 0.005328
1.843600 -0.008026 0.002607 -0.006053 0.002101 0.002451 0.005327
1.846300 -0.008032 0.002610 -0.006057 0.002101 0.002452 0.005326
1.849000 -0.008039 0.002613 -0.006061 0.002101 0.002453 0.005325
1.851800 -0.008045 0.002616 -0.006065 0.002101 0.002454 0.005324
1.854500 -0.008052 0.002619 -0.006069 0.002101 0.002455 0.005324
1.860000 -0.008065 0.002626 -0.006077 0.002101 0.002456 0.005322
1.862700 -0.008071 0.002629 -0.006081 0.002101 0.002457 0.005321
1.865400 -0.008078 0.002632 -0.006085 0.002101 0.002458 0.005320
1.868100 -0.008084 0.002635 -0.006089 0.002101 0.002459 0.005319
1.870900 -0.008091 0.002638 -0.006093 0.002101 0.002460 0.005318
1.873600 -0.008097 0.002641 -0.006097 0.002101 0.002461 0.005318
1.876300 -0.008103 0.002644 -0.006101 0.002101 0.002462 0.005317
1.879100 -0.008110 0.002647 -0.006106 0.002100 0.002462 0.005316
1.881800 -0.008117 0.002650 -0.006110 0.002100 0.002463 0.005315
1.884500 -0.008123 0.002653 -0.006114 0.002100 0.002464 0.005314
1.887300 -0.008130 0.002656 -0.006118 0.002100 0.002465 0.005313
1.890000 -0.008136 0.002659 -0.006122 0.002100 0.002466 0.005312
1.892700 -0.008142 0.002663 -0.006127 0.002100 0.002467 0.005311
1.895500 -0.008149 0.002666 -0.006131 0.002100 0.002467 0.005309
1.898200 -0.008155 0.002669 -0.006135 0.002100 0.002468 0.005308
1.900900 -0.008162 0.002672 -0.006139 0.002100 0.002469 0.005307
1.903700 -0.008169 0.002675 -0.006144 0.002100 0.002470 0.005306
1.906400 -0.008175 0.002678 -0.006148 0.002100 0.002471 0.005305
1.909100 -0.008181 0.002681 -0.006152 0.002100 0.002472 0.005304
1.911900 -0.008188 0.002684 -0.006157 0.002100 0.002473 0.005303
1.914600 -0.008194 0.002687 -0.006161 0.002100 0.002473 0.005302
1.917300 -0.008201 0.002690 -0.006166 0.002100 0.002474 0.005300
1.920100 -0.008207 0.002693 -0.006170 0.002099 0.002475 0.005299
1.922800 -0.008214 0.002696 -0.006175 0.002099 0.002476 0.005298
1.925500 -0.008220 0.002699 -0.006179 0.002099 0.002477 0.005297
1.928300 -0.008227 0.002702 -0.006184 0.002099 0.002478 0.005296
1.931000 -0.008233 0.002705 -0.006188 0.002099 0.002479 0.005294
1.933700 -0.008240 0.002708 -0.006193 0.002099 0.002480 0.005293
1.936500 -0.008246 0.002711 -0.006197 0.002099 0.002480 0.005292
1.939200 -0.008253 0.002714 -0.006202 0.002099 0.002481 0.005290
1.941900 -0.008259 0.002717 -0.006206 0.002099 0.002482 0.005289
1.944700 -0.008266 0.002721 -0.006211 0.002099 0.002483 0.005288
1.947400 -0.008272 0.002724 -0.006216 0.002098 0.002484 0.005287
1.950100 -0.008279 0.002727 -0.006220 0.002098 0.002485 0.005285
1.952800 -0.008285 0.002730 -0.006225 0.002098 0.002486 0.005284
1.955600 -0.008292 0.002733 -0.006230 0.002098 0.002487 0.005282
1.958300 -0.008298 0.002736 -0.006234 0.002098 0.002487 0.005281
1.961000 -0.008305 0.002739 -0.006239 0.002098 0.002488 0.005280
1.963800 -0.008311 0.002742 -0.006244 0.002098 0.002489 0.005278
1.966500 -0.008318 0.002745 -0.006249 0.002098 0.002490 0.005277
1.969200 -0.008324 0.002748 -0.006254 0.002097 0.002491 0.005275
1.972000 -0.008331 0.002751 -0.006259 0.002097 0.002492 0.005274
1.974700 -0.008337 0.002754 -0.006263 0.002097 0.002493 0.005272
1.977400 -0.008344 0.002757 -0.006268 0.002097 0.002494 0.005271
1.980200 -0.008351 0.002760 -0.006273 0.002097 0.002495 0.005269
1.982900 -0.008357 0.002763 -0.006278 0.002097 0.002495 0.005268
1.985600 -0.008363 0.002766 -0.006283 0.002097 0.002496 0.005266
1.988400 -0.008370 0.002769 -0.006288 0.002096 0.002497 0.005265
1.991100 -0.008377 0.002772 -0.006293 0.002096 0.002498 0.005263
1.993800 -0.008383 0.002775 -0.006298 0.002096 0.002499 0.005262
1.996600 -0.008390 0.002778 -0.006303 0.002096 0.002500 0.005260
1.999300 -0.008396 0.002781 -0.006308 0.002096 0.002501 0.005259
2.002000 -0.008403 0.002784 -0.006313 0.002096 0.002502 0.005257
2.004800 -0.008409 0.002787 -0.006319 0.002096 0.002503 0.005255
2.007500 -0.008416 0.002790 -0.006324 0.002095 0.002504 0.005254
2.010200 -0.008422 0.002793 -0.006329 0.002095 0.002505 0.005252
2.013000 -0.008429 0.002796 -0.006334 0.002095 0.002505 0.005250
2.015700 -0.008435 0.002798 -0.006340 0.002095 0.002506 0.005249
2.018400 -0.008442 0.002801 -0.006345 0.002095 0.002507 0.005247
2.021200 -0.008448 0.002804 -0.006350 0.002095 0.002508 0.005245
2.023900 -0.008455 0.002807 -0.006356 0.002094 0.002509 0.005244
2.026600 -0.008461 0.002810 -0.006361 0.002094 0.002510 0.005242
2.032100 -0.008474 0.002816 -0.006372 0.002094 0.002512 0.005238
2.034800 -0.008481 0.002819 -0.006377 0.002094 0.002513 0.005237
2.037500 -0.008487 0.002822 -0.006383 0.002093 0.002514 0.005235
2.040300 -0.008494 0.002825 -0.006388 0.002093 0.002515 0.005233
2.043000 -0.008500 0.002828 -0.006394 0.002093 0.002516 0.005231
2.045700 -0.008507 0.002831 -0.006399 0.002093 0.002517 0.005230
2.048500 -0.008514 0.002834 -0.006405 0.002093 0.002518 0.005228
2.051200 -0.008520 0.002837 -0.006411 0.002092 0.002518 0.005226
2.053900 -0.008527 0.002840 -0.006416 0.002092 0.002519 0.005224
2.056700 -0.008533 0.002843 -0.006422 0.002092 0.002520 0.005222
2.059400 -0.008540 0.002846 -0.006428 0.002092 0.002521 0.005221
2.064900 -0.008553 0.002852 -0.006439 0.002091 0.002523 0.005217
2.067600 -0.008559 0.002854 -0.006445 0.002091 0.002524 0.005215
2.070300 -0.008566 0.002857 -0.006451 0.002091 0.002525 0.005213
2.073100 -0.008572 0.002860 -0.006457 0.002091 0.002526 0.005211
2.075800 -0.008579 0.002863 -0.006463 0.002091 0.002527 0.005209
2.081300 -0.008592 0.002869 -0.006475 0.002090 0.002529 0.005205
2.084000 -0.008599 0.002872 -0.006481 0.002090 0.002530 0.005204
2.089500 -0.008612 0.002878 -0.006493 0.002090 0.002532 0.005200
2.092200 -0.008618 0.002881 -0.006499 0.002089 0.002533 0.005198
2.094900 -0.008625 0.002884 -0.006505 0.002089 0.002534 0.005196
2.100400 -0.008638 0.002889 -0.006517 0.002089 0.002536 0.005192
2.103100 -0.008644 0.002892 -0.006523 0.002088 0.002537 0.005190
2.105900 -0.008651 0.002895 -0.006530 0.002088 0.002538 0.005188
2.108600 -0.008657 0.002898 -0.006536 0.002088 0.002539 0.005186
2.111300 -0.008664 0.002901 -0.006542 0.002088 0.002540 0.005184
2.114100 -0.008671 0.002904 -0.006549 0.002087 0.002541 0.005182
2.116800 -0.008677 0.002907 -0.006555 0.002087 0.002542 0.005180
2.119500 -0.008684 0.002910 -0.006561 0.002087 0.002543 0.005178
2.122200 -0.008690 0.002913 -0.006568 0.002087 0.002543 0.005175
2.125000 -0.008697 0.002915 -0.006574 0.002087 0.002545 0.005173
2.127700 -0.008703 0.002918 -0.006581 0.002086 0.002545 0.005171
2.130400 -0.008710 0.002921 -0.006587 0.002086 0.002546 0.005169
2.133200 -0.008716 0.002924 -0.006594 0.002086 0.002547 0.005167
2.135900 -0.008723 0.002927 -0.006601 0.002086 0.002548 0.005165
2.138600 -0.008729 0.002930 -0.006607 0.002085 0.002549 0.005163
2.141400 -0.008736 0.002933 -0.006614 0.002085 0.002550 0.005161
2.144100 -0.008743 0.002936 -0.006621 0.002085 0.002551 0.005159
2.146800 -0.008749 0.002938 -0.006627 0.002085 0.002552 0.005156
2.149600 -0.008756 0.002941 -0.006634 0.002084 0.002554 0.005154
2.152300 -0.008762 0.002944 -0.006641 0.002084 0.002555 0.005152
2.155000 -0.008769 0.002947 -0.006648 0.002084 0.002556 0.005150
2.157800 -0.008775 0.002950 -0.006655 0.002084 0.002557 0.005148
2.160500 -0.008782 0.002953 -0.006662 0.002083 0.002558 0.005146
2.163200 -0.008788 0.002956 -0.006669 0.002083 0.002559 0.005143
2.166000 -0.008795 0.002958 -0.006676 0.002083 0.002560 0.005141
2.168700 -0.008802 0.002961 -0.006683 0.002083 0.002561 0.005139
2.171400 -0.008808 0.002964 -0.006690 0.002082 0.002562 0.005137
2.174200 -0.008815 0.002967 -0.006697 0.002082 0.002563 0.005135
2.176900 -0.008821 0.002970 -0.006704 0.002082 0.002564 0.005132
2.179600 -0.008828 0.002973 -0.006711 0.002081 0.002565 0.005130
2.182400 -0.008835 0.002976 -0.006719 0.002081 0.002566 0.005128
2.185100 -0.008841 0.002978 -0.006726 0.002081 0.002567 0.005126
2.187800 -0.008848 0.002981 -0.006733 0.002081 0.002568 0.005123
2.190600 -0.008854 0.002984 -0.006741 0.002080 0.002569 0.005121
2.193300 -0.008861 0.002987 -0.006748 0.002080 0.002570 0.005119
2.196000 -0.008867 0.002990 -0.006755 0.002080 0.002571 0.005117
2.198800 -0.008874 0.002993 -0.006763 0.002080 0.002572 0.005114
2.201500 -0.008880 0.002995 -0.006770 0.002079 0.002573 0.005112
2.204200 -0.008887 0.002998 -0.006778 0.002079 0.002574 0.005110
2.206900 -0.008893 0.003001 -0.006785 0.002079 0.002575 0.005107
2.209700 -0.008900 0.003004 -0.006793 0.002079 0.002576 0.005105
2.212400 -0.008907 0.003007 -0.006801 0.002078 0.002577 0.005103
2.215100 -0.008913 0.003009 -0.006808 0.002078 0.002578 0.005100
2.217900 -0.008920 0.003012 -0.006816 0.002078 0.002579 0.005098
2.220600 -0.008926 0.003015 -0.006824 0.002077 0.002580 0.005096
2.223300 -0.008933 0.003018 -0.006832 0.002077 0.002581 0.005093
2.226100 -0.008940 0.003021 -0.006840 0.002077 0.002583 0.005091
2.228800 -0.008946 0.003023 -0.006847 0.002077 0.002584 0.005089
2.231500 -0.008953 0.003026 -0.006855 0.002076 0.002585 0.005086
2.234300 -0.008959 0.003029 -0.006863 0.002076 0.002586 0.005084
2.237000 -0.008966 0.003032 -0.006871 0.002076 0.002587 0.005082
2.239700 -0.008972 0.003035 -0.006879 0.002076 0.002588 0.005079
2.242500 -0.008979 0.003037 -0.006888 0.002075 0.002589 0.005077
2.245200 -0.008986 0.003040 -0.006896 0.002075 0.002590 0.005074
2.247900 -0.008992 0.003043 -0.006904 0.002075 0.002591 0.005072
2.250700 -0.008999 0.003046 -0.006912 0.002074 0.002592 0.005069
2.253400 -0.009005 0.003048 -0.006920 0.002074 0.002593 0.005067
2.256100 -0.009012 0.003051 -0.006928 0.002074 0.002594 0.005065
2.258900 -0.009019 0.003054 -0.006937 0.002074 0.002596 0.005062
2.261600 -0.009025 0.003057 -0.006945 0.002073 0.002597 0.005060
2.264300 -0.009032 0.003060 -0.006953 0.002073 0.002598 0.005057
2.267100 -0.009038 0.003062 -0.006962 0.002073 0.002599 0.005055
2.269800 -0.009045 0.003065 -0.006971 0.002073 0.002600 0.005052
2.272500 -0.009051 0.003068 -0.006979 0.002072 0.002601 0.005050
2.275300 -0.009058 0.003071 -0.006988 0.002072 0.002602 0.005048
2.278000 -0.009065 0.003073 -0.006996 0.002072 0.002603 0.005045
2.280700 -0.009071 0.003076 -0.007005 0.002072 0.002604 0.005043
2.283400 -0.009078 0.003079 -0.007013 0.002071 0.002605 0.005040
2.286200 -0.009084 0.003082 -0.007022 0.002071 0.002607 0.005038
2.288900 -0.009091 0.003084 -0.007031 0.002071 0.002608 0.005035
2.291600 -0.009097 0.003087 -0.007040 0.002070 0.002609 0.005033
2.294400 -0.009104 0.003090 -0.007049 0.002070 0.002610 0.005030
2.297100 -0.009111 0.003093 -0.007058 0.002070 0.002611 0.005028
2.299800 -0.009117 0.003095 -0.007066 0.002070 0.002612 0.005025
2.302600 -0.009124 0.003098 -0.007076 0.002069 0.002613 0.005023
2.305300 -0.009130 0.003101 -0.007085 0.002069 0.002615 0.005020
2.308000 -0.009137 0.003104 -0.007094 0.002069 0.002616 0.005018
2.310800 -0.009144 0.003106 -0.007103 0.002069 0.002617 0.005015
2.313500 -0.009150 0.003109 -0.007112 0.002068 0.002618 0.005013
2.316200 -0.009157 0.003112 -0.007121 0.002068 0.002619 0.005010
2.319000 -0.009163 0.003115 -0.007131 0.002068 0.002620 0.005007
2.321700 -0.009170 0.003117 -0.007140 0.002068 0.002621 0.005005
2.324400 -0.009176 0.003120 -0.007149 0.002067 0.002622 0.005002
2.327200 -0.009183 0.003123 -0.007159 0.002067 0.002624 0.005000
2.329900 -0.009190 0.003126 -0.007168 0.002067 0.002625 0.004997
2.332600 -0.009196 0.003128 -0.007177 0.002067 0.002626 0.004995
2.335400 -0.009203 0.003131 -0.007187 0.002066 0.002627 0.004992
2.338100 -0.009210 0.003134 -0.007196 0.002066 0.002628 0.004990
2.340800 -0.009216 0.003136 -0.007206 0.002066 0.002629 0.004987
2.343600 -0.009223 0.003139 -0.007216 0.002066 0.002631 0.004984
2.346300 -0.009229 0.003142 -0.007225 0.002065 0.002632 0.004982
2.349000 -0.009236 0.003145 -0.007235 0.002065 0.002633 0.004979
2.351800 -0.009243 0.003147 -0.007245 0.002065 0.002634 0.004977
2.354500 -0.009249 0.003150 -0.007255 0.002065 0.002635 0.004974
2.357200 -0.009256 0.003153 -0.007265 0.002064 0.002636 0.004972
2.360000 -0.009262 0.003155 -0.007275 0.002064 0.002638 0.004969
2.362700 -0.009269 0.003158 -0.007285 0.002064 0.002639 0.004966
2.365400 -0.009275 0.003161 -0.007294 0.002064 0.002640 0.004964
2.368100 -0.009282 0.003163 -0.007304 0.002063 0.002641 0.004961
2.370900 -0.009289 0.003166 -0.007315 0.002063 0.002642 0.004959
2.373600 -0.009295 0.003169 -0.007325 0.002063 0.002644 0.004956
2.376300 -0.009302 0.003171 -0.007335 0.002063 0.002645 0.004953
2.379100 -0.009309 0.003174 -0.007345 0.002062 0.002646 0.004951
2.381800 -0.009315 0.003177 -0.007356 0.002062 0.002647 0.004948
2.384500 -0.009322 0.003180 -0.007366 0.002062 0.002648 0.004945
2.387300 -0.009328 0.003182 -0.007376 0.002062 0.002650 0.004943
2.390000 -0.009335 0.003185 -0.007387 0.002061 0.002651 0.004940
2.392700 -0.009341 0.003188 -0.007397 0.002061 0.002652 0.004938
2.395500 -0.009348 0.003190 -0.007408 0.002061 0.002653 0.004935
2.398200 -0.009355 0.003193 -0.007418 0.002061 0.002654 0.004932
2.400900 -0.009361 0.003196 -0.007429 0.002061 0.002656 0.004930
2.403700 -0.009368 0.003198 -0.007440 0.002060 0.002657 0.004927
2.406400 -0.009375 0.003201 -0.007450 0.002060 0.002658 0.004924
2.409100 -0.009381 0.003204 -0.007461 0.002060 0.002659 0.004922
2.411900 -0.009388 0.003206 -0.007472 0.002060 0.002661 0.004919
2.414600 -0.009394 0.003209 -0.007483 0.002060 0.002662 0.004916
2.417300 -0.009401 0.003212 -0.007493 0.002059 0.002663 0.004914
2.420100 -0.009408 0.003214 -0.007505 0.002059 0.002664 0.004911
2.422800 -0.009414 0.003217 -0.007515 0.002059 0.002666 0.004908
2.425500 -0.009421 0.003220 -0.007526 0.002059 0.002667 0.004906
2.428300 -0.009428 0.003222 -0.007538 0.002059 0.002668 0.004903
2.431000 -0.009434 0.003225 -0.007549 0.002058 0.002669 0.004900
2.433700 -0.009441 0.003227 -0.007560 0.002058 0.002671 0.004898
2.436500 -0.009447 0.003230 -0.007571 0.002058 0.002672 0.004895
2.439200 -0.009454 0.003233 -0.007582 0.002058 0.002673 0.004892
2.441900 -0.009460 0.003235 -0.007593 0.002058 0.002674 0.004890
2.444700 -0.009467 0.003238 -0.007605 0.002057 0.002676 0.004887
2.447400 -0.009474 0.003241 -0.007616 0.002057 0.002677 0.004884
2.450100 -0.009480 0.003243 -0.007628 0.002057 0.002678 0.004882
2.452800 -0.009487 0.003246 -0.007639 0.002057 0.002679 0.004879
2.458300 -0.009500 0.003251 -0.007662 0.002057 0.002682 0.004874
2.461000 -0.009507 0.003254 -0.007674 0.002057 0.002683 0.004871
2.463800 -0.009513 0.003257 -0.007686 0.002056 0.002684 0.004868
2.466500 -0.009520 0.003259 -0.007698 0.002056 0.002686 0.004865
2.469200 -0.009526 0.003262 -0.007709 0.002056 0.002687 0.004863
2.472000 -0.009533 0.003264 -0.007721 0.002056 0.002688 0.004860
2.474700 -0.009540 0.003267 -0.007733 0.002056 0.002690 0.004857
2.477400 -0.009546 0.003270 -0.007745 0.002056 0.002691 0.004855
2.480200 -0.009553 0.003272 -0.007757 0.002055 0.002692 0.004852
2.482900 -0.009560 0.003275 -0.007769 0.002055 0.002693 0.004849
2.485600 -0.009566 0.003277 -0.007781 0.002055 0.002695 0.004847
2.488400 -0.009573 0.003280 -0.007794 0.002055 0.002696 0.004844
2.491100 -0.009580 0.003283 -0.007806 0.002055 0.002697 0.004841
2.493800 -0.009586 0.003285 -0.007818 0.002055 0.002699 0.004838
2.496600 -0.009593 0.003288 -0.007830 0.002055 0.002700 0.004836
2.499300 -0.009599 0.003290 -0.007842 0.002055 0.002701 0.004833
2.502000 -0.009606 0.003293 -0.007855 0.002055 0.002703 0.004830
2.504800 -0.009613 0.003296 -0.007868 0.002054 0.002704 0.004828
2.507500 -0.009619 0.003298 -0.007880 0.002054 0.002705 0.004825
2.510200 -0.009626 0.003301 -0.007892 0.002054 0.002707 0.004822
2.513000 -0.009633 0.003303 -0.007905 0.002054 0.002708 0.004819
2.515700 -0.009639 0.003306 -0.007918 0.002054 0.002709 0.004817
2.518400 -0.009646 0.003309 -0.007930 0.002054 0.002711 0.004814
2.521200 -0.009652 0.003311 -0.007943 0.002054 0.002712 0.004811
2.523900 -0.009659 0.003314 -0.007956 0.002054 0.002713 0.004809
2.526600 -0.009666 0.003316 -0.007969 0.002054 0.002715 0.004806
2.529400 -0.009672 0.003319 -0.007982 0.002054 0.002716 0.004803
2.532100 -0.009679 0.003321 -0.007995 0.002054 0.002717 0.004801
2.534800 -0.009685 0.003324 -0.008007 0.002054 0.002719 0.004798
2.537500 -0.009692 0.003327 -0.008020 0.002054 0.002720 0.004795
2.540300 -0.009699 0.003329 -0.008034 0.002054 0.002721 0.004792
2.543000 -0.009705 0.003332 -0.008047 0.002053 0.002723 0.004790
2.545700 -0.009712 0.003334 -0.008060 0.002053 0.002724 0.004787
2.548500 -0.009719 0.003337 -0.008073 0.002053 0.002725 0.004784
2.551200 -0.009725 0.003339 -0.008087 0.002053 0.002727 0.004782
2.553900 -0.009732 0.003342 -0.008100 0.002053 0.002728 0.004779
2.556700 -0.009739 0.003345 -0.008114 0.002053 0.002730 0.004776
2.559400 -0.009745 0.003347 -0.008127 0.002053 0.002731 0.004773
2.564900 -0.009758 0.003352 -0.008154 0.002053 0.002734 0.004768
2.567600 -0.009765 0.003355 -0.008168 0.002053 0.002735 0.004765
2.570300 -0.009771 0.003357 -0.008181 0.002053 0.002736 0.004763
2.575800 -0.009785 0.003362 -0.008209 0.002053 0.002739 0.004757
2.578500 -0.009791 0.003365 -0.008222 0.002053 0.002741 0.004755
2.581300 -0.009798 0.003368 -0.008237 0.002053 0.002742 0.004752
2.584000 -0.009805 0.003370 -0.008250 0.002053 0.002743 0.004749
2.586700 -0.009811 0.003373 -0.008264 0.002053 0.002745 0.004746
2.589500 -0.009818 0.003375 -0.008279 0.002053 0.002746 0.004744
2.592200 -0.009825 0.003378 -0.008292 0.002054 0.002748 0.004741
2.594900 -0.009831 0.003380 -0.008306 0.002054 0.002749 0.004738
2.597700 -0.009838 0.003383 -0.008321 0.002054 0.002750 0.004736
2.600400 -0.009845 0.003385 -0.008335 0.002054 0.002752 0.004733
2.603100 -0.009851 0.003388 -0.008349 0.002054 0.002753 0.004730
2.605900 -0.009858 0.003390 -0.008364 0.002054 0.002755 0.004728
2.608600 -0.009864 0.003393 -0.008378 0.002054 0.002756 0.004725
2.611300 -0.009871 0.003395 -0.008392 0.002054 0.002757 0.004722
2.614100 -0.009878 0.003398 -0.008407 0.002054 0.002759 0.004719
2.616800 -0.009884 0.003400 -0.008422 0.002054 0.002760 0.004717
2.619500 -0.009891 0.003403 -0.008436 0.002054 0.002762 0.004714
2.622200 -0.009897 0.003405 -0.008451 0.002054 0.002763 0.004711
2.625000 -0.009904 0.003408 -0.008466 0.002055 0.002765 0.004709
2.630400 -0.009917 0.003413 -0.008495 0.002055 0.002768 0.004703
2.633200 -0.009924 0.003415 -0.008510 0.002055 0.002769 0.004701
2.635900 -0.009931 0.003418 -0.008525 0.002055 0.002770 0.004698
2.638600 -0.009937 0.003420 -0.008540 0.002055 0.002772 0.004695
2.641400 -0.009944 0.003423 -0.008555 0.002055 0.002773 0.004693
2.644100 -0.009951 0.003425 -0.008570 0.002056 0.002775 0.004690
2.646800 -0.009957 0.003428 -0.008585 0.002056 0.002776 0.004687
2.649600 -0.009964 0.003430 -0.008601 0.002056 0.002778 0.004685
2.652300 -0.009971 0.003433 -0.008616 0.002056 0.002779 0.004682
2.655000 -0.009977 0.003435 -0.008631 0.002056 0.002781 0.004680
2.657800 -0.009984 0.003438 -0.008646 0.002056 0.002782 0.004677
2.660500 -0.009990 0.003440 -0.008662 0.002057 0.002784 0.004674
2.663200 -0.009997 0.003443 -0.008677 0.002057 0.002785 0.004672
2.666000 -0.010004 0.003445 -0.008693 0.002057 0.002787 0.004669
2.671400 -0.010017 0.003450 -0.008724 0.002057 0.002790 0.004664
2.674200 -0.010024 0.003453 -0.008740 0.002058 0.002791 0.004661
2.676900 -0.010030 0.003455 -0.008755 0.002058 0.002793 0.004658
2.679600 -0.010037 0.003458 -0.008771 0.002058 0.002794 0.004656
2.682400 -0.010044 0.003460 -0.008787 0.002058 0.002796 0.004653
2.685100 -0.010050 0.003463 -0.008803 0.002059 0.002797 0.004651
2.690600 -0.010064 0.003468 -0.008835 0.002059 0.002800 0.004645
2.693300 -0.010070 0.003470 -0.008851 0.002060 0.002802 0.004643
2.696000 -0.010077 0.003473 -0.008867 0.002060 0.002803 0.004640
2.698800 -0.010083 0.003475 -0.008883 0.002060 0.002805 0.004637
2.701500 -0.010090 0.003478 -0.008899 0.002060 0.002806 0.004635
2.704200 -0.010097 0.003480 -0.008916 0.002061 0.002808 0.004632
2.706900 -0.010103 0.003482 -0.008932 0.002061 0.002809 0.004630
2.712400 -0.010117 0.003487 -0.008965 0.002062 0.002812 0.004625
2.715100 -0.010123 0.003490 -0.008981 0.002062 0.002814 0.004622
2.717900 -0.010130 0.003492 -0.008998 0.002062 0.002815 0.004619
2.720600 -0.010136 0.003495 -0.009014 0.002063 0.002817 0.004617
2.723300 -0.010143 0.003497 -0.009031 0.002063 0.002818 0.004614
2.726100 -0.010150 0.003500 -0.009048 0.002064 0.002820 0.004612
2.728800 -0.010156 0.003502 -0.009065 0.002064 0.002821 0.004609
2.731500 -0.010163 0.003504 -0.009081 0.002064 0.002823 0.004607
2.734300 -0.010170 0.003507 -0.009099 0.002065 0.002825 0.004604
2.737000 -0.010176 0.003509 -0.009115 0.002065 0.002826 0.004602
2.739700 -0.010183 0.003512 -0.009132 0.002066 0.002828 0.004599
2.742500 -0.010190 0.003514 -0.009150 0.002066 0.002829 0.004596
2.745200 -0.010196 0.003517 -0.009166 0.002066 0.002831 0.004594
2.747900 -0.010203 0.003519 -0.009183 0.002067 0.002832 0.004592
2.750700 -0.010210 0.003521 -0.009201 0.002067 0.002834 0.004589
2.753400 -0.010216 0.003524 -0.009218 0.002068 0.002836 0.004586
2.756200 -0.010223 0.003526 -0.009236 0.002068 0.002837 0.004584
2.758900 -0.010230 0.003529 -0.009253 0.002069 0.002839 0.004581
2.761600 -0.010236 0.003531 -0.009270 0.002069 0.002840 0.004579
2.764400 -0.010243 0.003534 -0.009288 0.002070 0.002842 0.004576
2.767100 -0.010250 0.003536 -0.009306 0.002070 0.002843 0.004574
2.769900 -0.010256 0.003538 -0.009324 0.002071 0.002845 0.004571
2.772600 -0.010263 0.003541 -0.009341 0.002071 0.002847 0.004569
2.775300 -0.010269 0.003543 -0.009359 0.002072 0.002848 0.004567
2.778100 -0.010276 0.003546 -0.009377 0.002072 0.002850 0.004564
2.780800 -0.010283 0.003548 -0.009394 0.002073 0.002852 0.004562
2.783600 -0.010290 0.003551 -0.009413 0.002073 0.002853 0.004559
2.786300 -0.010296 0.003553 -0.009430 0.002074 0.002855 0.004557
2.789000 -0.010303 0.003555 -0.009448 0.002074 0.002856 0.004554
2.791800 -0.010310 0.003558 -0.009467 0.002075 0.002858 0.004552
2.794500 -0.010316 0.003560 -0.009485 0.002076 0.002860 0.004549
2.797300 -0.010323 0.003563 -0.009503 0.002076 0.002861 0.004547
2.800000 -0.010330 0.003565 -0.009521 0.002077 0.002863 0.004545
2.802700 -0.010336 0.003567 -0.009539 0.002077 0.002864 0.004542
2.805500 -0.010343 0.003570 -0.009558 0.002078 0.002866 0.004540
2.808200 -0.010349 0.003572 -0.009576 0.002079 0.002868 0.004537
2.811000 -0.010356 0.003575 -0.009595 0.002079 0.002869 0.004535
2.813700 -0.010363 0.003577 -0.009613 0.002080 0.002871 0.004533
2.816400 -0.010369 0.003579 -0.009632 0.002081 0.002873 0.004530
2.819200 -0.010376 0.003582 -0.009651 0.002081 0.002874 0.004528
2.821900 -0.010383 0.003584 -0.009669 0.002082 0.002876 0.004526
2.824700 -0.010390 0.003587 -0.009689 0.002083 0.002878 0.004523
2.827400 -0.010396 0.003589 -0.009707 0.002083 0.002879 0.004521
2.830100 -0.010403 0.003591 -0.009726 0.002084 0.002881 0.004519
2.832900 -0.010410 0.003594 -0.009745 0.002085 0.002883 0.004516
2.835600 -0.010416 0.003596 -0.009764 0.002086 0.002884 0.004514
2.838400 -0.010423 0.003598 -0.009783 0.002086 0.002886 0.004512
2.841100 -0.010430 0.003601 -0.009802 0.002087 0.002888 0.004509
2.843800 -0.010436 0.003603 -0.009821 0.002088 0.002889 0.004507
2.846600 -0.010443 0.003606 -0.009841 0.002089 0.002891 0.004505
2.849300 -0.010449 0.003608 -0.009860 0.002089 0.002893 0.004502
2.852100 -0.010456 0.003610 -0.009880 0.002090 0.002894 0.004500
2.854800 -0.010463 0.003613 -0.009899 0.002091 0.002896 0.004498
2.857500 -0.010469 0.003615 -0.009918 0.002092 0.002898 0.004496
2.860300 -0.010476 0.003617 -0.009938 0.002093 0.002899 0.004493
2.863000 -0.010483 0.003620 -0.009957 0.002094 0.002901 0.004491
2.865800 -0.010490 0.003622 -0.009977 0.002094 0.002903 0.004489
2.868500 -0.010496 0.003624 -0.009997 0.002095 0.002905 0.004487
2.871200 -0.010503 0.003627 -0.010016 0.002096 0.002906 0.004485
2.874000 -0.010510 0.003629 -0.010036 0.002097 0.002908 0.004482
2.876700 -0.010516 0.003631 -0.010056 0.002098 0.002910 0.004480
2.879500 -0.010523 0.003634 -0.010076 0.002099 0.002911 0.004478
2.882200 -0.010530 0.003636 -0.010096 0.002100 0.002913 0.004476
2.884900 -0.010536 0.003639 -0.010116 0.002101 0.002915 0.004474
2.887700 -0.010543 0.003641 -0.010136 0.002101 0.002917 0.004471
2.890400 -0.010550 0.003643 -0.010156 0.002102 0.002918 0.004469
2.893200 -0.010556 0.003646 -0.010177 0.002103 0.002920 0.004467
2.895900 -0.010563 0.003648 -0.010197 0.002104 0.002922 0.004465
2.898600 -0.010569 0.003650 -0.010217 0.002105 0.002924 0.004463
2.901400 -0.010576 0.003653 -0.010238 0.002106 0.002925 0.004461
2.904100 -0.010583 0.003655 -0.010258 0.002107 0.002927 0.004459
2.906900 -0.010590 0.003657 -0.010279 0.002108 0.002929 0.004457
2.909600 -0.010596 0.003660 -0.010299 0.002109 0.002931 0.004455
2.912300 -0.010603 0.003662 -0.010319 0.002110 0.002932 0.004453
2.915100 -0.010610 0.003664 -0.010341 0.002111 0.002934 0.004450
2.917800 -0.010616 0.003667 -0.010361 0.002112 0.002936 0.004448
2.920600 -0.010623 0.003669 -0.010382 0.002113 0.002938 0.004446
2.923300 -0.010630 0.003671 -0.010403 0.002115 0.002939 0.004444
2.926000 -0.010636 0.003674 -0.010423 0.002116 0.002941 0.004442
2.928800 -0.010643 0.003676 -0.010445 0.002117 0.002943 0.004440
2.931500 -0.010650 0.003678 -0.010466 0.002118 0.002945 0.004438
2.934300 -0.010656 0.003681 -0.010487 0.002119 0.002946 0.004436
2.937000 -0.010663 0.003683 -0.010508 0.002120 0.002948 0.004434
2.939700 -0.010670 0.003685 -0.010529 0.002121 0.002950 0.004433
2.942500 -0.010676 0.003687 -0.010551 0.002122 0.002952 0.004431
2.945200 -0.010683 0.003690 -0.010572 0.002124 0.002954 0.004429
2.947900 -0.010690 0.003692 -0.010593 0.002125 0.002955 0.004427
2.950700 -0.010696 0.003694 -0.010615 0.002126 0.002957 0.004425
2.953400 -0.010703 0.003697 -0.010636 0.002127 0.002959 0.004423
2.956200 -0.010710 0.003699 -0.010658 0.002128 0.002961 0.004421
2.958900 -0.010716 0.003701 -0.010679 0.002129 0.002963 0.004419
2.961600 -0.010723 0.003704 -0.010700 0.002131 0.002964 0.004417
2.964400 -0.010730 0.003706 -0.010723 0.002132 0.002966 0.004415
2.967100 -0.010736 0.003708 -0.010744 0.002133 0.002968 0.004414
2.969900 -0.010743 0.003710 -0.010766 0.002135 0.002970 0.004412
2.972600 -0.010750 0.003713 -0.010788 0.002136 0.002972 0.004410
2.975300 -0.010756 0.003715 -0.010810 0.002137 0.002973 0.004408
2.978100 -0.010763 0.003717 -0.010832 0.002138 0.002975 0.004406
2.980800 -0.010770 0.003720 -0.010854 0.002140 0.002977 0.004405
2.983600 -0.010776 0.003722 -0.010876 0.002141 0.002979 0.004403
2.986300 -0.010783 0.003724 -0.010898 0.002142 0.002981 0.004401
2.989000 -0.010790 0.003726 -0.010920 0.002144 0.002983 0.004399
2.991800 -0.010796 0.003729 -0.010943 0.002145 0.002984 0.004398
2.994500 -0.010803 0.003731 -0.010965 0.002146 0.002986 0.004396
2.997300 -0.010810 0.003733 -0.010988 0.002148 0.002988 0.004394
3.000000 -0.010816 0.003736 -0.011010 0.002149 0.002990 0.004393
3.002700 -0.010823 0.003738 -0.011032 0.002151 0.002992 0.004391
3.005500 -0.010830 0.003740 -0.011055 0.002152 0.002994 0.004389
3.008200 -0.010836 0.003742 -0.011078 0.002153 0.002996 0.004388
3.011000 -0.010843 0.003745 -0.011101 0.002155 0.002997 0.004386
3.013700 -0.010850 0.003747 -0.011123 0.002156 0.002999 0.004384
3.016400 -0.010856 0.003749 -0.011146 0.002158 0.003001 0.004383
3.019200 -0.010863 0.003751 -0.011169 0.002159 0.003003 0.004381
3.021900 -0.010870 0.003754 -0.011192 0.002161 0.003005 0.004380
3.024700 -0.010877 0.003756 -0.011216 0.002162 0.003007 0.004378
3.027400 -0.010883 0.003758 -0.011238 0.002164 0.003009 0.004377
3.030100 -0.010890 0.003760 -0.011261 0.002165 0.003011 0.004375
3.032900 -0.010897 0.003763 -0.011285 0.002167 0.003012 0.004373
3.035600 -0.010903 0.003765 -0.011308 0.002169 0.003014 0.004372
3.038400 -0.010910 0.003767 -0.011331 0.002170 0.003016 0.004371
3.041100 -0.010917 0.003770 -0.011355 0.002172 0.003018 0.004369
3.043800 -0.010923 0.003772 -0.011378 0.002173 0.003020 0.004368
3.046600 -0.010930 0.003774 -0.011402 0.002175 0.003022 0.004366
3.049300 -0.010937 0.003776 -0.011425 0.002177 0.003024 0.004365
3.052100 -0.010943 0.003779 -0.011449 0.002178 0.003026 0.004363
3.054800 -0.010950 0.003781 -0.011472 0.002180 0.003028 0.004362
3.057500 -0.010957 0.003783 -0.011496 0.002181 0.003030 0.004361
3.060300 -0.010963 0.003785 -0.011520 0.002183 0.003032 0.004359
3.063000 -0.010970 0.003787 -0.011543 0.002185 0.003033 0.004358
3.065800 -0.010977 0.003790 -0.011568 0.002187 0.003035 0.004357
3.068500 -0.010983 0.003792 -0.011591 0.002188 0.003037 0.004355
3.071200 -0.010990 0.003794 -0.011615 0.002190 0.003039 0.004354
3.074000 -0.010997 0.003796 -0.011640 0.002192 0.003041 0.004353
3.076700 -0.011003 0.003799 -0.011663 0.002193 0.003043 0.004352
3.079500 -0.011010 0.003801 -0.011688 0.002195 0.003045 0.004350
3.082200 -0.011017 0.003803 -0.011712 0.002197 0.003047 0.004349
3.084900 -0.011023 0.003805 -0.011736 0.002199 0.003049 0.004348
3.087700 -0.011030 0.003808 -0.011761 0.002201 0.003051 0.004347
3.090400 -0.011037 0.003810 -0.011785 0.002202 0.003053 0.004346
3.093200 -0.011043 0.003812 -0.011810 0.002204 0.003055 0.004344
3.095900 -0.011050 0.003814 -0.011834 0.002206 0.003057 0.004343
3.098600 -0.011057 0.003816 -0.011858 0.002208 0.003059 0.004342
3.101400 -0.011063 0.003819 -0.011884 0.002210 0.003061 0.004341
3.104100 -0.011070 0.003821 -0.011908 0.002212 0.003063 0.004340
3.106900 -0.011077 0.003823 -0.011933 0.002214 0.003065 0.004339
3.109600 -0.011083 0.003825 -0.011958 0.002216 0.003067 0.004338
3.112300 -0.011090 0.003827 -0.011982 0.002217 0.003069 0.004337
3.115100 -0.011097 0.003830 -0.012008 0.002219 0.003071 0.004336
3.117800 -0.011103 0.003832 -0.012033 0.002221 0.003073 0.004335
3.120600 -0.011110 0.003834 -0.012058 0.002223 0.003075 0.004334
3.123300 -0.011117 0.003836 -0.012083 0.002225 0.003077 0.004333
3.126000 -0.011123 0.003838 -0.012108 0.002227 0.003079 0.004332
3.128800 -0.011130 0.003841 -0.012134 0.002229 0.003081 0.004331
3.131500 -0.011137 0.003843 -0.012159 0.002231 0.003083 0.004330
3.134300 -0.011144 0.003845 -0.012184 0.002233 0.003085 0.004329
3.137000 -0.011150 0.003847 -0.012210 0.002235 0.003087 0.004328
3.142500 -0.011164 0.003852 -0.012261 0.002239 0.003091 0.004327
3.145200 -0.011170 0.003854 -0.012286 0.002242 0.003093 0.004326
3.147900 -0.011177 0.003856 -0.012311 0.002244 0.003095 0.004325
3.150700 -0.011184 0.003858 -0.012338 0.002246 0.003097 0.004325
3.153400 -0.011190 0.003860 -0.012363 0.002248 0.003099 0.004324
3.156200 -0.011197 0.003863 -0.012389 0.002250 0.003101 0.004323
3.158900 -0.011204 0.003865 -0.012415 0.002252 0.003103 0.004322
3.161600 -0.011210 0.003867 -0.012441 0.002254 0.003105 0.004322
3.164400 -0.011217 0.003869 -0.012467 0.002257 0.003107 0.004321
3.167100 -0.011224 0.003871 -0.012493 0.002259 0.003109 0.004320
3.169900 -0.011230 0.003873 -0.012520 0.002261 0.003111 0.004320
3.172600 -0.011237 0.003876 -0.012545 0.002263 0.003113 0.004319
3.175300 -0.011244 0.003878 -0.012571 0.002265 0.003115 0.004319
3.178100 -0.011250 0.003880 -0.012598 0.002268 0.003117 0.004318
3.180800 -0.011257 0.003882 -0.012624 0.002270 0.003119 0.004318
3.183600 -0.011264 0.003884 -0.012651 0.002272 0.003121 0.004317
3.186300 -0.011270 0.003886 -0.012677 0.002274 0.003123 0.004317
3.189000 -0.011277 0.003889 -0.012703 0.002277 0.003125 0.004316
3.191800 -0.011284 0.003891 -0.012731 0.002279 0.003127 0.004316
3.194500 -0.011290 0.003893 -0.012757 0.002281 0.003129 0.004315
3.197300 -0.011297 0.003895 -0.012784 0.002284 0.003132 0.004315
3.200000 -0.011304 0.003897 -0.012811 0.002286 0.003134 0.004315
3.202700 -0.011310 0.003899 -0.012837 0.002288 0.003136 0.004314
3.205500 -0.011317 0.003902 -0.012865 0.002291 0.003138 0.004314
3.208200 -0.011324 0.003904 -0.012891 0.002293 0.003140 0.004314
3.211000 -0.011331 0.003906 -0.012919 0.002296 0.003142 0.004313
3.213700 -0.011337 0.003908 -0.012946 0.002298 0.003144 0.004313
3.216400 -0.011344 0.003910 -0.012972 0.002300 0.003146 0.004313
3.219200 -0.011351 0.003912 -0.013000 0.002303 0.003148 0.004313
3.221900 -0.011357 0.003914 -0.013027 0.002305 0.003150 0.004313
3.227400 -0.011371 0.003919 -0.013082 0.002310 0.003155 0.004312
3.230100 -0.011377 0.003921 -0.013109 0.002313 0.003157 0.004312
3.232900 -0.011384 0.003923 -0.013137 0.002315 0.003159 0.004312
3.235600 -0.011391 0.003925 -0.013164 0.002318 0.003161 0.004312
3.238400 -0.011397 0.003927 -0.013193 0.002321 0.003163 0.004312
3.241100 -0.011404 0.003929 -0.013220 0.002323 0.003165 0.004312
3.243800 -0.011411 0.003932 -0.013247 0.002326 0.003167 0.004312
3.246600 -0.011417 0.003934 -0.013276 0.002328 0.003169 0.004312
3.249300 -0.011424 0.003936 -0.013303 0.002331 0.003172 0.004312
3.252100 -0.011431 0.003938 -0.013332 0.002333 0.003174 0.004312
3.254800 -0.011437 0.003940 -0.013359 0.002336 0.003176 0.004312
3.257500 -0.011444 0.003942 -0.013387 0.002339 0.003178 0.004312
3.260300 -0.011451 0.003944 -0.013416 0.002341 0.003180 0.004313
3.263000 -0.011457 0.003946 -0.013443 0.002344 0.003182 0.004313
3.265800 -0.011464 0.003949 -0.013472 0.002347 0.003184 0.004313
3.268500 -0.011471 0.003951 -0.013500 0.002349 0.003187 0.004313
3.271200 -0.011477 0.003953 -0.013528 0.002352 0.003189 0.004313
3.274000 -0.011484 0.003955 -0.013557 0.002355 0.003191 0.004314
3.276700 -0.011491 0.003957 -0.013585 0.002358 0.003193 0.004314
3.279500 -0.011498 0.003959 -0.013614 0.002360 0.003195 0.004314
3.282200 -0.011504 0.003961 -0.013642 0.002363 0.003197 0.004315
3.284900 -0.011511 0.003963 -0.013671 0.002366 0.003200 0.004315
3.287700 -0.011518 0.003966 -0.013700 0.002369 0.003202 0.004316
3.290400 -0.011524 0.003968 -0.013728 0.002372 0.003204 0.004316
3.293200 -0.011531 0.003970 -0.013758 0.002374 0.003206 0.004317
3.295900 -0.011538 0.003972 -0.013786 0.002377 0.003208 0.004317
3.298600 -0.011544 0.003974 -0.013815 0.002380 0.003211 0.004318
3.301400 -0.011551 0.003976 -0.013844 0.002383 0.003213 0.004318
3.304100 -0.011558 0.003978 -0.013873 0.002386 0.003215 0.004319
3.306900 -0.011564 0.003980 -0.013903 0.002389 0.003217 0.004319
3.309600 -0.011571 0.003982 -0.013931 0.002392 0.003219 0.004320
3.312300 -0.011577 0.003984 -0.013960 0.002395 0.003222 0.004321
3.315100 -0.011584 0.003987 -0.013990 0.002398 0.003224 0.004321
3.317800 -0.011591 0.003989 -0.014019 0.002400 0.003226 0.004322
3.320600 -0.011598 0.003991 -0.014049 0.002403 0.003228 0.004323
3.323300 -0.011604 0.003993 -0.014078 0.002406 0.003230 0.004324
3.326000 -0.011611 0.003995 -0.014107 0.002409 0.003233 0.004324
3.328800 -0.011618 0.003997 -0.014137 0.002412 0.003235 0.004325
3.331500 -0.011624 0.003999 -0.014167 0.002415 0.003237 0.004326
3.334300 -0.011631 0.004001 -0.014197 0.002418 0.003239 0.004327
3.337000 -0.011638 0.004003 -0.014226 0.002421 0.003242 0.004328
3.339700 -0.011644 0.004005 -0.014256 0.002425 0.003244 0.004329
3.342500 -0.011651 0.004007 -0.014286 0.002428 0.003246 0.004330
3.345200 -0.011658 0.004009 -0.014316 0.002431 0.003248 0.004331
3.347900 -0.011664 0.004011 -0.014345 0.002434 0.003251 0.004332
3.350700 -0.011671 0.004014 -0.014376 0.002437 0.003253 0.004333
3.353400 -0.011678 0.004016 -0.014406 0.002440 0.003255 0.004334
3.356200 -0.011684 0.004018 -0.014437 0.002443 0.003257 0.004335
3.358900 -0.011691 0.004020 -0.014466 0.002446 0.003260 0.004336
3.361600 -0.011698 0.004022 -0.014496 0.002449 0.003262 0.004338
3.364400 -0.011704 0.004024 -0.014527 0.002453 0.003264 0.004339
3.367100 -0.011711 0.004026 -0.014557 0.002456 0.003266 0.004340
3.369900 -0.011718 0.004028 -0.014588 0.002459 0.003269 0.004341
3.372600 -0.011724 0.004030 -0.014619 0.002462 0.003271 0.004343
3.375300 -0.011731 0.004032 -0.014649 0.002466 0.003273 0.004344
3.378100 -0.011738 0.004034 -0.014680 0.002469 0.003276 0.004345
3.380800 -0.011744 0.004036 -0.014710 0.002472 0.003278 0.004347
3.383600 -0.011751 0.004038 -0.014742 0.002475 0.003280 0.004348
3.386300 -0.011758 0.004040 -0.014772 0.002479 0.003282 0.004350
3.389000 -0.011764 0.004042 -0.014803 0.002482 0.003285 0.004351
3.391800 -0.011771 0.004045 -0.014834 0.002485 0.003287 0.004353
3.394500 -0.011778 0.004047 -0.014865 0.002489 0.003289 0.004354
3.397300 -0.011785 0.004049 -0.014897 0.002492 0.003292 0.004356
3.400000 -0.011791 0.004051 -0.014927 0.002495 0.003294 0.004358
3.402700 -0.011798 0.004053 -0.014958 0.002499 0.003296 0.004359
3.405500 -0.011805 0.004055 -0.014990 0.002502 0.003299 0.004361
3.408200 -0.011811 0.004057 -0.015021 0.002506 0.003301 0.004363
3.411000 -0.011818 0.004059 -0.015053 0.002509 0.003303 0.004364
3.413700 -0.011825 0.004061 -0.015084 0.002512 0.003305 0.004366
3.416400 -0.011831 0.004063 -0.015115 0.002516 0.003308 0.004368
3.419200 -0.011838 0.004065 -0.015147 0.002519 0.003310 0.004370
3.421900 -0.011845 0.004067 -0.015178 0.002523 0.003312 0.004372
3.424700 -0.011851 0.004069 -0.015211 0.002526 0.003315 0.004374
3.427400 -0.011858 0.004071 -0.015242 0.002530 0.003317 0.004376
3.430100 -0.011865 0.004073 -0.015273 0.002533 0.003319 0.004378
3.432900 -0.011871 0.004075 -0.015306 0.002537 0.003322 0.004380
3.435600 -0.011878 0.004077 -0.015337 0.002540 0.003324 0.004382
3.438400 -0.011885 0.004079 -0.015370 0.002544 0.003327 0.004384
3.441100 -0.011891 0.004081 -0.015401 0.002548 0.003329 0.004386
3.443800 -0.011898 0.004083 -0.015433 0.002551 0.003331 0.004388
3.446600 -0.011905 0.004085 -0.015466 0.002555 0.003334 0.004390
3.449300 -0.011911 0.004087 -0.015497 0.002558 0.003336 0.004392
3.452100 -0.011918 0.004089 -0.015530 0.002562 0.003338 0.004395
3.454800 -0.011925 0.004091 -0.015562 0.002566 0.003341 0.004397
3.457500 -0.011931 0.004093 -0.015594 0.002569 0.003343 0.004399
3.460300 -0.011938 0.004095 -0.015627 0.002573 0.003346 0.004402
3.463000 -0.011945 0.004097 -0.015659 0.002577 0.003348 0.004404
3.465800 -0.011952 0.004099 -0.015693 0.002580 0.003350 0.004406
3.468500 -0.011958 0.004101 -0.015725 0.002584 0.003353 0.004409
3.471200 -0.011965 0.004103 -0.015757 0.002588 0.003355 0.004411
3.474000 -0.011972 0.004105 -0.015790 0.002591 0.003357 0.004414
3.476700 -0.011978 0.004107 -0.015823 0.002595 0.003360 0.004416
3.479500 -0.011985 0.004109 -0.015856 0.002599 0.003362 0.004419
3.482200 -0.011992 0.004111 -0.015889 0.002603 0.003365 0.004422
3.484900 -0.011998 0.004113 -0.015921 0.002606 0.003367 0.004424
3.487700 -0.012005 0.004115 -0.015955 0.002610 0.003370 0.004427
3.490400 -0.012012 0.004117 -0.015987 0.002614 0.003372 0.004430
3.493200 -0.012018 0.004119 -0.016021 0.002618 0.003374 0.004433
3.495900 -0.012025 0.004121 -0.016054 0.002622 0.003377 0.004435
3.498600 -0.012031 0.004123 -0.016087 0.002626 0.003379 0.004438
3.501400 -0.012038 0.004125 -0.016121 0.002630 0.003382 0.004441
3.504100 -0.012045 0.004127 -0.016154 0.002633 0.003384 0.004444
3.506900 -0.012052 0.004129 -0.016188 0.002637 0.003386 0.004447
3.509600 -0.012058 0.004131 -0.016221 0.002641 0.003389 0.004450
3.512300 -0.012065 0.004133 -0.016254 0.002645 0.003391 0.004453
3.515100 -0.012072 0.004135 -0.016288 0.002649 0.003394 0.004456
3.517800 -0.012078 0.004137 -0.016322 0.002653 0.003396 0.004459
3.520600 -0.012085 0.004139 -0.016356 0.002657 0.003399 0.004462
3.523300 -0.012092 0.004141 -0.016389 0.002661 0.003401 0.004465
3.526000 -0.012098 0.004143 -0.016423 0.002665 0.003404 0.004469
3.528800 -0.012105 0.004145 -0.016457 0.002669 0.003406 0.004472
3.531500 -0.012112 0.004147 -0.016491 0.002673 0.003408 0.004475
3.534300 -0.012118 0.004149 -0.016526 0.002677 0.003411 0.004479
3.537000 -0.012125 0.004151 -0.016559 0.002681 0.003413 0.004482
3.539700 -0.012132 0.004153 -0.016593 0.002685 0.003416 0.004485
3.542500 -0.012138 0.004155 -0.016628 0.002689 0.003418 0.004489
3.545200 -0.012145 0.004157 -0.016661 0.002693 0.003421 0.004492
3.547900 -0.012152 0.004159 -0.016695 0.002697 0.003423 0.004496
3.550700 -0.012158 0.004161 -0.016730 0.002701 0.003426 0.004499
3.553400 -0.012165 0.004163 -0.016764 0.002705 0.003428 0.004503
3.556200 -0.012172 0.004165 -0.016800 0.002710 0.003431 0.004506
3.558900 -0.012178 0.004167 -0.016834 0.002714 0.003433 0.004510
3.561600 -0.012185 0.004169 -0.016868 0.002718 0.003436 0.004514
3.564400 -0.012192 0.004171 -0.016903 0.002722 0.003438 0.004517
3.567100 -0.012198 0.004173 -0.016937 0.002726 0.003441 0.004521
3.569900 -0.012205 0.004175 -0.016973 0.002730 0.003443 0.004525
3.572600 -0.012212 0.004177 -0.017007 0.002735 0.003446 0.004529
3.575300 -0.012218 0.004179 -0.017042 0.002739 0.003448 0.004533
3.578100 -0.012225 0.004181 -0.017077 0.002743 0.003451 0.004537
3.580800 -0.012232 0.004183 -0.017112 0.002747 0.003453 0.004541
3.583600 -0.012239 0.004185 -0.017148 0.002752 0.003456 0.004545
3.586300 -0.012245 0.004187 -0.017182 0.002756 0.003458 0.004549
3.589000 -0.012252 0.004188 -0.017217 0.002760 0.003461 0.004553
3.591800 -0.012259 0.004190 -0.017253 0.002764 0.003463 0.004557
3.594500 -0.012265 0.004192 -0.017288 0.002769 0.003466 0.004561
3.597300 -0.012272 0.004194 -0.017324 0.002773 0.003469 0.004565
3.600000 -0.012278 0.004196 -0.017359 0.002777 0.003471 0.004569
3.602700 -0.012285 0.004198 -0.017394 0.002782 0.003474 0.004574
3.605500 -0.012292 0.004200 -0.017430 0.002786 0.003476 0.004578
3.608200 -0.012298 0.004202 -0.017465 0.002790 0.003479 0.004582
3.611000 -0.012305 0.004204 -0.017502 0.002795 0.003481 0.004587
3.613700 -0.012312 0.004206 -0.017537 0.002799 0.003484 0.004591
3.616400 -0.012318 0.004208 -0.017572 0.002804 0.003486 0.004595
3.619200 -0.012325 0.004210 -0.017609 0.002808 0.003489 0.004600
3.621900 -0.012332 0.004212 -0.017644 0.002812 0.003491 0.004605
3.635600 -0.012365 0.004221 -0.017824 0.002835 0.003504 0.004628
3.638400 -0.012372 0.004223 -0.017862 0.002839 0.003507 0.004633
3.641100 -0.012379 0.004225 -0.017897 0.002844 0.003510 0.004637
3.643800 -0.012385 0.004227 -0.017933 0.002848 0.003512 0.004642
3.646600 -0.012392 0.004229 -0.017970 0.002853 0.003515 0.004647
3.649300 -0.012399 0.004231 -0.018006 0.002858 0.003517 0.004652
3.652100 -0.012405 0.004233 -0.018044 0.002862 0.003520 0.004657
3.654800 -0.012412 0.004235 -0.018080 0.002867 0.003522 0.004662
3.657500 -0.012419 0.004237 -0.018116 0.002871 0.003525 0.004667
3.660300 -0.012425 0.004239 -0.018153 0.002876 0.003528 0.004672
3.663000 -0.012432 0.004241 -0.018190 0.002880 0.003530 0.004677
3.665800 -0.012439 0.004243 -0.018227 0.002885 0.003533 0.004683
3.668500 -0.012445 0.004244 -0.018263 0.002890 0.003536 0.004688
3.671200 -0.012452 0.004246 -0.018300 0.002894 0.003538 0.004693
3.674000 -0.012459 0.004248 -0.018338 0.002899 0.003541 0.004698
3.676700 -0.012465 0.004250 -0.018374 0.002904 0.003543 0.004704
3.679500 -0.012472 0.004252 -0.018412 0.002909 0.003546 0.004709
3.682200 -0.012479 0.004254 -0.018449 0.002913 0.003549 0.004714
3.684900 -0.012485 0.004256 -0.018485 0.002918 0.003551 0.004720
3.687700 -0.012492 0.004258 -0.018524 0.002923 0.003554 0.004725
3.690400 -0.012499 0.004260 -0.018560 0.002927 0.003557 0.004731
3.693200 -0.012505 0.004262 -0.018599 0.002932 0.003559 0.004737
3.695900 -0.012512 0.004263 -0.018635 0.002937 0.003562 0.004742
3.698600 -0.012519 0.004265 -0.018672 0.002942 0.003565 0.004748
3.701400 -0.012525 0.004267 -0.018711 0.002947 0.003567 0.004754
3.704100 -0.012532 0.004269 -0.018748 0.002951 0.003570 0.004759
3.706900 -0.012539 0.004271 -0.018786 0.002956 0.003573 0.004765
3.709600 -0.012545 0.004273 -0.018824 0.002961 0.003575 0.004771
3.712300 -0.012552 0.004275 -0.018861 0.002966 0.003578 0.004777
3.715100 -0.012559 0.004277 -0.018900 0.002971 0.003581 0.004783
3.717800 -0.012565 0.004279 -0.018937 0.002975 0.003583 0.004789
3.720600 -0.012572 0.004280 -0.018976 0.002980 0.003586 0.004795
3.726000 -0.012585 0.004284 -0.019051 0.002990 0.003591 0.004807
3.728800 -0.012592 0.004286 -0.019090 0.002995 0.003594 0.004813
3.731500 -0.012599 0.004288 -0.019127 0.003000 0.003597 0.004819
3.734300 -0.012605 0.004290 -0.019167 0.003005 0.003599 0.004825
3.737000 -0.012612 0.004292 -0.019204 0.003010 0.003602 0.004831
3.739700 -0.012619 0.004294 -0.019242 0.003015 0.003605 0.004838
3.742500 -0.012625 0.004295 -0.019281 0.003020 0.003607 0.004844
3.745200 -0.012632 0.004297 -0.019319 0.003025 0.003610 0.004850
3.747900 -0.012639 0.004299 -0.019357 0.003030 0.003613 0.004857
3.750700 -0.012645 0.004301 -0.019397 0.003035 0.003616 0.004863
3.753400 -0.012652 0.004303 -0.019435 0.003040 0.003618 0.004870
3.756200 -0.012659 0.004305 -0.019474 0.003045 0.003621 0.004876
3.758900 -0.012665 0.004307 -0.019513 0.003050 0.003624 0.004883
3.761600 -0.012672 0.004309 -0.019551 0.003055 0.003626 0.004889
3.764400 -0.012679 0.004310 -0.019591 0.003060 0.003629 0.004896
3.767100 -0.012685 0.004312 -0.019629 0.003065 0.003632 0.004903
3.769900 -0.012692 0.004314 -0.019669 0.003070 0.003635 0.004909
3.772600 -0.012699 0.004316 -0.019707 0.003075 0.003637 0.004916
3.775300 -0.012705 0.004318 -0.019746 0.003080 0.003640 0.004923
3.778100 -0.012712 0.004320 -0.019786 0.003085 0.003643 0.004930
3.780800 -0.012719 0.004322 -0.019825 0.003090 0.003646 0.004937
3.783600 -0.012725 0.004323 -0.019865 0.003096 0.003648 0.004944
3.786300 -0.012732 0.004325 -0.019904 0.003101 0.003651 0.004951
3.789000 -0.012739 0.004327 -0.019942 0.003106 0.003654 0.004957
3.791800 -0.012745 0.004329 -0.019983 0.003111 0.003657 0.004965
3.794500 -0.012752 0.004331 -0.020022 0.003116 0.003659 0.004972
3.797300 -0.012759 0.004333 -0.020062 0.003122 0.003662 0.004979
3.800000 -0.012765 0.004335 -0.020101 0.003127 0.003665 0.004986
3.802700 -0.012772 0.004336 -0.020140 0.003132 0.003668 0.004993
3.805500 -0.012779 0.004338 -0.020181 0.003137 0.003670 0.005001
3.808200 -0.012785 0.004340 -0.020220 0.003142 0.003673 0.005008
3.811000 -0.012792 0.004342 -0.020261 0.003148 0.003676 0.005015
3.813700 -0.012799 0.004344 -0.020300 0.003153 0.003679 0.005023
3.816400 -0.012805 0.004346 -0.020340 0.003158 0.003682 0.005030
3.819200 -0.012812 0.004347 -0.020381 0.003163 0.003684 0.005038
3.821900 -0.012819 0.004349 -0.020420 0.003169 0.003687 0.005045
3.824700 -0.012825 0.004351 -0.020461 0.003174 0.003690 0.005053
3.827400 -0.012832 0.004353 -0.020501 0.003179 0.003693 0.005060
3.830100 -0.012839 0.004355 -0.020540 0.003185 0.003695 0.005068
3.832900 -0.012845 0.004357 -0.020582 0.003190 0.003698 0.005076
3.835600 -0.012852 0.004358 -0.020621 0.003195 0.003701 0.005083
3.838400 -0.012859 0.004360 -0.020663 0.003201 0.003704 0.005091
3.841100 -0.012865 0.004362 -0.020703 0.003206 0.003707 0.005099
3.843800 -0.012872 0.004364 -0.020743 0.003211 0.003710 0.005107
3.846600 -0.012879 0.004366 -0.020784 0.003217 0.003712 0.005115
3.849300 -0.012885 0.004368 -0.020824 0.003222 0.003715 0.005122
3.852100 -0.012892 0.004369 -0.020866 0.003228 0.003718 0.005131
3.854800 -0.012899 0.004371 -0.020906 0.003233 0.003721 0.005138
3.857500 -0.012905 0.004373 -0.020946 0.003238 0.003724 0.005146
3.860300 -0.012912 0.004375 -0.020988 0.003244 0.003727 0.005155
3.863000 -0.012919 0.004377 -0.021028 0.003249 0.003729 0.005163
3.865800 -0.012925 0.004378 -0.021070 0.003255 0.003732 0.005171
3.868500 -0.012932 0.004380 -0.021111 0.003260 0.003735 0.005179
3.871200 -0.012939 0.004382 -0.021151 0.003266 0.003738 0.005187
3.874000 -0.012945 0.004384 -0.021193 0.003271 0.003741 0.005196
3.876700 -0.012952 0.004386 -0.021234 0.003277 0.003744 0.005204
3.879500 -0.012959 0.004388 -0.021276 0.003282 0.003747 0.005213
3.882200 -0.012965 0.004389 -0.021317 0.003288 0.003749 0.005221
3.884900 -0.012972 0.004391 -0.021358 0.003293 0.003752 0.005229
3.887700 -0.012979 0.004393 -0.021400 0.003299 0.003755 0.005238
3.890400 -0.012985 0.004395 -0.021441 0.003305 0.003758 0.005246
3.893200 -0.012992 0.004397 -0.021483 0.003310 0.003761 0.005255
3.895900 -0.012999 0.004398 -0.021524 0.003316 0.003764 0.005264
3.898600 -0.013005 0.004400 -0.021566 0.003321 0.003767 0.005272
3.901400 -0.013012 0.004402 -0.021608 0.003327 0.003769 0.005281
3.904100 -0.013019 0.004404 -0.021649 0.003333 0.003772 0.005290
3.906900 -0.013025 0.004406 -0.021692 0.003338 0.003775 0.005299
3.909600 -0.013032 0.004407 -0.021733 0.003344 0.003778 0.005307
3.912300 -0.013038 0.004409 -0.021775 0.003349 0.003781 0.005316
3.915100 -0.013045 0.004411 -0.021818 0.003355 0.003784 0.005325
3.917800 -0.013052 0.004413 -0.021859 0.003361 0.003787 0.005334
3.920600 -0.013059 0.004415 -0.021902 0.003367 0.003790 0.005343
3.923300 -0.013065 0.004416 -0.021944 0.003372 0.003793 0.005352
3.926000 -0.013072 0.004418 -0.021985 0.003378 0.003795 0.005361
3.928800 -0.013079 0.004420 -0.022029 0.003384 0.003798 0.005371
3.931500 -0.013085 0.004422 -0.022070 0.003389 0.003801 0.005380
3.934300 -0.013092 0.004423 -0.022114 0.003395 0.003804 0.005389
3.937000 -0.013098 0.004425 -0.022156 0.003401 0.003807 0.005398
3.939700 -0.013105 0.004427 -0.022197 0.003406 0.003810 0.005407
3.942500 -0.013112 0.004429 -0.022241 0.003412 0.003813 0.005417
3.945200 -0.013118 0.004431 -0.022283 0.003418 0.003816 0.005426
3.947900 -0.013125 0.004432 -0.022325 0.003424 0.003819 0.005435
3.950700 -0.013132 0.004434 -0.022369 0.003430 0.003822 0.005445
3.953400 -0.013138 0.004436 -0.022411 0.003435 0.003825 0.005454
3.956200 -0.013145 0.004438 -0.022455 0.003441 0.003828 0.005464
3.958900 -0.013152 0.004439 -0.022497 0.003447 0.003831 0.005474
3.961600 -0.013158 0.004441 -0.022539 0.003453 0.003834 0.005483
3.964400 -0.013165 0.004443 -0.022583 0.003459 0.003837 0.005493
3.967100 -0.013172 0.004445 -0.022626 0.003464 0.003839 0.005503
3.969900 -0.013178 0.004447 -0.022670 0.003470 0.003843 0.005512
3.972600 -0.013185 0.004448 -0.022712 0.003476 0.003845 0.005522
3.975300 -0.013192 0.004450 -0.022755 0.003482 0.003848 0.005532
3.978100 -0.013198 0.004452 -0.022799 0.003488 0.003851 0.005542
3.980800 -0.013205 0.004454 -0.022842 0.003494 0.003854 0.005552
3.983600 -0.013212 0.004455 -0.022886 0.003500 0.003857 0.005562
3.986300 -0.013218 0.004457 -0.022929 0.003506 0.003860 0.005572
3.989000 -0.013225 0.004459 -0.022972 0.003512 0.003863 0.005582
3.991800 -0.013232 0.004461 -0.023017 0.003518 0.003866 0.005592
3.994500 -0.013238 0.004462 -0.023060 0.003523 0.003869 0.005602
3.997300 -0.013245 0.004464 -0.023104 0.003530 0.003872 0.005612
4.000000 -0.013252 0.004466 -0.023147 0.003535 0.003875 0.005622
4.002700 -0.013258 0.004468 -0.023190 0.003541 0.003878 0.005632
4.005500 -0.013265 0.004469 -0.023235 0.003547 0.003881 0.005643
4.008200 -0.013271 0.004471 -0.023278 0.003553 0.003884 0.005653
4.011000 -0.013278 0.004473 -0.023323 0.003559 0.003887 0.005664
4.013700 -0.013285 0.004475 -0.023367 0.003565 0.003890 0.005674
4.016400 -0.013291 0.004476 -0.023410 0.003571 0.003893 0.005684
4.019200 -0.013298 0.004478 -0.023455 0.003577 0.003896 0.005695
4.021900 -0.013305 0.004480 -0.023499 0.003583 0.003899 0.005705
4.024700 -0.013312 0.004482 -0.023544 0.003590 0.003902 0.005716
4.027400 -0.013318 0.004483 -0.023588 0.003596 0.003905 0.005726
4.030100 -0.013325 0.004485 -0.023631 0.003602 0.003908 0.005737
4.032900 -0.013331 0.004487 -0.023677 0.003608 0.003911 0.005748
4.035600 -0.013338 0.004489 -0.023721 0.003614 0.003914 0.005758
4.038400 -0.013345 0.004490 -0.023766 0.003620 0.003917 0.005769
4.041100 -0.013351 0.004492 -0.023810 0.003626 0.003920 0.005780
4.043800 -0.013358 0.004494 -0.023854 0.003632 0.003923 0.005791
4.046600 -0.013365 0.004496 -0.023900 0.003638 0.003927 0.005802
4.049300 -0.013371 0.004497 -0.023944 0.003644 0.003930 0.005813
4.052100 -0.013378 0.004499 -0.023989 0.003651 0.003933 0.005824
4.054800 -0.013385 0.004501 -0.024034 0.003657 0.003936 0.005835
4.057500 -0.013391 0.004502 -0.024078 0.003663 0.003939 0.005845
4.060300 -0.013398 0.004504 -0.024124 0.003669 0.003942 0.005857
4.063000 -0.013405 0.004506 -0.024168 0.003675 0.003945 0.005868
4.065800 -0.013411 0.004508 -0.024214 0.003682 0.003948 0.005879
4.068500 -0.013418 0.004509 -0.024259 0.003688 0.003951 0.005890
4.071200 -0.013424 0.004511 -0.024303 0.003694 0.003954 0.005901
4.074000 -0.013431 0.004513 -0.024349 0.003700 0.003957 0.005913
4.076700 -0.013438 0.004515 -0.024394 0.003706 0.003960 0.005924
4.079500 -0.013445 0.004516 -0.024440 0.003713 0.003963 0.005935
4.082200 -0.013451 0.004518 -0.024485 0.003719 0.003966 0.005947
4.084900 -0.013458 0.004520 -0.024530 0.003725 0.003969 0.005958
4.087700 -0.013465 0.004521 -0.024576 0.003731 0.003973 0.005970
4.090400 -0.013471 0.004523 -0.024621 0.003738 0.003976 0.005981
4.093200 -0.013478 0.004525 -0.024668 0.003744 0.003979 0.005993
4.095900 -0.013484 0.004527 -0.024713 0.003750 0.003982 0.006004
4.098600 -0.013491 0.004528 -0.024758 0.003756 0.003985 0.006016
4.101400 -0.013498 0.004530 -0.024805 0.003763 0.003988 0.006028
4.104100 -0.013504 0.004532 -0.024850 0.003769 0.003991 0.006039
4.106900 -0.013511 0.004533 -0.024897 0.003775 0.003994 0.006051
4.109600 -0.013518 0.004535 -0.024942 0.003782 0.003997 0.006063
4.112300 -0.013524 0.004537 -0.024987 0.003788 0.004000 0.006074
4.115100 -0.013531 0.004539 -0.025034 0.003794 0.004004 0.006087
4.117800 -0.013538 0.004540 -0.025080 0.003801 0.004007 0.006098
4.120600 -0.013544 0.004542 -0.025127 0.003807 0.004010 0.006110
4.123300 -0.013551 0.004544 -0.025173 0.003814 0.004013 0.006122
4.126000 -0.013557 0.004545 -0.025218 0.003820 0.004016 0.006134
4.128800 -0.013564 0.004547 -0.025265 0.003826 0.004019 0.006146
4.131500 -0.013571 0.004549 -0.025311 0.003833 0.004022 0.006158
4.134300 -0.013578 0.004550 -0.025359 0.003839 0.004026 0.006171
4.137000 -0.013584 0.004552 -0.025404 0.003846 0.004029 0.006183
4.139700 -0.013591 0.004554 -0.025450 0.003852 0.004032 0.006195
4.142500 -0.013598 0.004556 -0.025498 0.003858 0.004035 0.006207
4.145200 -0.013604 0.004557 -0.025544 0.003865 0.004038 0.006219
4.147900 -0.013611 0.004559 -0.025590 0.003871 0.004041 0.006232
4.156200 -0.013631 0.004564 -0.025732 0.003891 0.004051 0.006269
4.158900 -0.013637 0.004566 -0.025778 0.003897 0.004054 0.006281
4.161600 -0.013644 0.004567 -0.025824 0.003904 0.004057 0.006294
4.164400 -0.013651 0.004569 -0.025872 0.003910 0.004060 0.006307
4.167100 -0.013657 0.004571 -0.025918 0.003917 0.004063 0.006319
4.169900 -0.013664 0.004572 -0.025967 0.003923 0.004067 0.006332
4.172600 -0.013671 0.004574 -0.026013 0.003930 0.004070 0.006344
4.175300 -0.013677 0.004576 -0.026060 0.003936 0.004073 0.006357
4.178100 -0.013684 0.004577 -0.026108 0.003943 0.004076 0.006370
4.180800 -0.013690 0.004579 -0.026155 0.003949 0.004079 0.006383
4.183600 -0.013697 0.004581 -0.026203 0.003956 0.004083 0.006396
4.186300 -0.013704 0.004582 -0.026250 0.003963 0.004086 0.006408
4.189000 -0.013710 0.004584 -0.026297 0.003969 0.004089 0.006421
4.191800 -0.013717 0.004586 -0.026345 0.003976 0.004092 0.006434
4.194500 -0.013724 0.004587 -0.026392 0.003982 0.004095 0.006447
4.197300 -0.013730 0.004589 -0.026441 0.003989 0.004099 0.006460
4.200000 -0.013737 0.004591 -0.026488 0.003996 0.004102 0.006473
4.202700 -0.013744 0.004592 -0.026535 0.004002 0.004105 0.006486
4.205500 -0.013750 0.004594 -0.026584 0.004009 0.004108 0.006499
4.208200 -0.013757 0.004596 -0.026631 0.004015 0.004111 0.006512
4.211000 -0.013764 0.004597 -0.026680 0.004022 0.004115 0.006526
4.213700 -0.013770 0.004599 -0.026727 0.004029 0.004118 0.006539
4.216400 -0.013777 0.004601 -0.026774 0.004035 0.004121 0.006552
4.219200 -0.013784 0.004602 -0.026824 0.004042 0.004124 0.006566
4.221900 -0.013790 0.004604 -0.026871 0.004049 0.004127 0.006579
4.224700 -0.013797 0.004606 -0.026920 0.004056 0.004131 0.006592
4.227400 -0.013803 0.004607 -0.026968 0.004062 0.004134 0.006606
4.230100 -0.013810 0.004609 -0.027015 0.004069 0.004137 0.006619
4.232900 -0.013817 0.004611 -0.027065 0.004076 0.004140 0.006633
4.235600 -0.013823 0.004612 -0.027113 0.004082 0.004144 0.006646
4.238400 -0.013830 0.004614 -0.027162 0.004089 0.004147 0.006660
4.241100 -0.013837 0.004616 -0.027210 0.004096 0.004150 0.006673
4.243800 -0.013843 0.004617 -0.027258 0.004103 0.004153 0.006687
4.246600 -0.013850 0.004619 -0.027307 0.004109 0.004157 0.006701
4.249300 -0.013857 0.004621 -0.027355 0.004116 0.004160 0.006714
4.252100 -0.013863 0.004622 -0.027405 0.004123 0.004163 0.006728
4.254800 -0.013870 0.004624 -0.027453 0.004130 0.004167 0.006742
4.257500 -0.013876 0.004626 -0.027501 0.004136 0.004170 0.006755
4.260300 -0.013883 0.004627 -0.027551 0.004143 0.004173 0.006770
4.263000 -0.013890 0.004629 -0.027599 0.004150 0.004176 0.006783
4.265800 -0.013897 0.004631 -0.027649 0.004157 0.004180 0.006797
4.268500 -0.013903 0.004632 -0.027698 0.004164 0.004183 0.006811
4.271200 -0.013910 0.004634 -0.027746 0.004170 0.004186 0.006825
4.274000 -0.013916 0.004635 -0.027796 0.004177 0.004190 0.006839
4.276700 -0.013923 0.004637 -0.027845 0.004184 0.004193 0.006853
4.279500 -0.013930 0.004639 -0.027895 0.004191 0.004196 0.006868
4.282200 -0.013936 0.004640 -0.027944 0.004198 0.004199 0.006882
4.284900 -0.013943 0.004642 -0.027992 0.004205 0.004203 0.006896
4.287700 -0.013950 0.004644 -0.028043 0.004212 0.004206 0.006910
4.290400 -0.013956 0.004645 -0.028092 0.004219 0.004209 0.006924
4.293200 -0.013963 0.004647 -0.028142 0.004226 0.004213 0.006939
4.295900 -0.013969 0.004649 -0.028191 0.004232 0.004216 0.006953
4.298600 -0.013976 0.004650 -0.028240 0.004239 0.004219 0.006967
4.301400 -0.013983 0.004652 -0.028291 0.004246 0.004223 0.006982
4.306900 -0.013996 0.004655 -0.028391 0.004260 0.004229 0.007011
4.309600 -0.014003 0.004657 -0.028440 0.004267 0.004233 0.007025
4.312300 -0.014009 0.004658 -0.028489 0.004274 0.004236 0.007039
4.315100 -0.014016 0.004660 -0.028540 0.004281 0.004239 0.007054
4.317800 -0.014022 0.004662 -0.028589 0.004288 0.004243 0.007069
4.320600 -0.014029 0.004663 -0.028640 0.004295 0.004246 0.007084
4.323300 -0.014036 0.004665 -0.028690 0.004302 0.004249 0.007098
4.326000 -0.014042 0.004666 -0.028739 0.004309 0.004253 0.007113
4.328800 -0.014049 0.004668 -0.028790 0.004316 0.004256 0.007128
4.331500 -0.014056 0.004670 -0.028840 0.004323 0.004259 0.007142
4.334300 -0.014062 0.004671 -0.028891 0.004330 0.004263 0.007157
4.337000 -0.014069 0.004673 -0.028941 0.004337 0.004266 0.007172
4.339700 -0.014076 0.004674 -0.028990 0.004344 0.004269 0.007187
4.342500 -0.014082 0.004676 -0.029042 0.004351 0.004273 0.007202
4.345200 -0.014089 0.004678 -0.029092 0.004358 0.004276 0.007217
4.347900 -0.014095 0.004679 -0.029142 0.004365 0.004279 0.007232
4.350700 -0.014102 0.004681 -0.029193 0.004372 0.004283 0.007247
4.353400 -0.014109 0.004682 -0.029243 0.004379 0.004286 0.007262
4.356200 -0.014115 0.004684 -0.029295 0.004386 0.004290 0.007277
4.358900 -0.014122 0.004686 -0.029345 0.004393 0.004293 0.007292
4.361600 -0.014129 0.004687 -0.029395 0.004400 0.004296 0.007307
4.364400 -0.014135 0.004689 -0.029447 0.004407 0.004300 0.007323
4.367100 -0.014142 0.004691 -0.029497 0.004414 0.004303 0.007338
4.369900 -0.014149 0.004692 -0.029549 0.004422 0.004306 0.007353
4.372600 -0.014155 0.004694 -0.029600 0.004429 0.004310 0.007368
4.375300 -0.014162 0.004695 -0.029650 0.004436 0.004313 0.007383
4.378100 -0.014168 0.004697 -0.029702 0.004443 0.004317 0.007399
4.380800 -0.014175 0.004698 -0.029753 0.004450 0.004320 0.007414
4.383600 -0.014182 0.004700 -0.029805 0.004457 0.004323 0.007430
4.386300 -0.014188 0.004702 -0.029855 0.004464 0.004327 0.007445
4.389000 -0.014195 0.004703 -0.029906 0.004471 0.004330 0.007461
4.391800 -0.014202 0.004705 -0.029959 0.004479 0.004334 0.007477
4.394500 -0.014208 0.004706 -0.030009 0.004486 0.004337 0.007492
4.397300 -0.014215 0.004708 -0.030062 0.004493 0.004341 0.007508
4.400000 -0.014221 0.004710 -0.030113 0.004500 0.004344 0.007523
4.402700 -0.014228 0.004711 -0.030163 0.004507 0.004347 0.007539
4.405500 -0.014235 0.004713 -0.030216 0.004515 0.004351 0.007555
4.408200 -0.014241 0.004714 -0.030267 0.004522 0.004354 0.007570
4.411000 -0.014248 0.004716 -0.030320 0.004529 0.004358 0.007586
4.413700 -0.014255 0.004718 -0.030371 0.004536 0.004361 0.007602
4.416400 -0.014261 0.004719 -0.030422 0.004543 0.004364 0.007618
4.419200 -0.014268 0.004721 -0.030475 0.004551 0.004368 0.007634
4.421900 -0.014274 0.004722 -0.030526 0.004558 0.004371 0.007650
4.424700 -0.014281 0.004724 -0.030579 0.004565 0.004375 0.007666
4.427400 -0.014288 0.004725 -0.030631 0.004572 0.004378 0.007682
4.430100 -0.014294 0.004727 -0.030682 0.004579 0.004382 0.007697
4.432900 -0.014301 0.004729 -0.030735 0.004587 0.004385 0.007714
4.435600 -0.014308 0.004730 -0.030787 0.004594 0.004389 0.007730
4.438400 -0.014314 0.004732 -0.030840 0.004601 0.004392 0.007746
4.441100 -0.014321 0.004733 -0.030892 0.004609 0.004396 0.007762
4.443800 -0.014327 0.004735 -0.030943 0.004616 0.004399 0.007778
4.446600 -0.014334 0.004737 -0.030997 0.004623 0.004403 0.007795
4.449300 -0.014341 0.004738 -0.031048 0.004630 0.004406 0.007811
4.452100 -0.014348 0.004740 -0.031102 0.004638 0.004410 0.007827
4.454800 -0.014354 0.004741 -0.031154 0.004645 0.004413 0.007843
4.457500 -0.014361 0.004743 -0.031206 0.004652 0.004416 0.007859
4.460300 -0.014367 0.004744 -0.031260 0.004660 0.004420 0.007876
4.463000 -0.014374 0.004746 -0.031312 0.004667 0.004423 0.007892
4.465800 -0.014381 0.004747 -0.031365 0.004675 0.004427 0.007909
4.542500 -0.014566 0.004791 -0.032863 0.004883 0.004526 0.008383
4.545200 -0.014573 0.004792 -0.032916 0.004891 0.004529 0.008400
4.547900 -0.014579 0.004794 -0.032969 0.004898 0.004533 0.008417
4.550700 -0.014586 0.004795 -0.033025 0.004906 0.004537 0.008435
4.553400 -0.014592 0.004797 -0.033079 0.004913 0.004540 0.008452
4.556200 -0.014599 0.004798 -0.033134 0.004921 0.004544 0.008470
4.558900 -0.014606 0.004800 -0.033188 0.004928 0.004547 0.008488
4.561600 -0.014612 0.004801 -0.033241 0.004936 0.004551 0.008505
4.564400 -0.014619 0.004803 -0.033297 0.004944 0.004554 0.008523
4.567100 -0.014625 0.004805 -0.033351 0.004951 0.004558 0.008540
4.569900 -0.014632 0.004806 -0.033407 0.004959 0.004562 0.008558
4.572600 -0.014639 0.004808 -0.033461 0.004966 0.004565 0.008576
4.575300 -0.014645 0.004809 -0.033515 0.004974 0.004569 0.008593
4.597300 -0.014698 0.004821 -0.033956 0.005035 0.004598 0.008737
4.600000 -0.014705 0.004823 -0.034011 0.005043 0.004601 0.008755
4.602700 -0.014711 0.004824 -0.034065 0.005050 0.004605 0.008772
4.605500 -0.014718 0.004826 -0.034121 0.005058 0.004609 0.008791
4.608200 -0.014725 0.004827 -0.034176 0.005066 0.004612 0.008809
4.611000 -0.014731 0.004829 -0.034233 0.005074 0.004616 0.008827
4.613700 -0.014738 0.004830 -0.034287 0.005081 0.004620 0.008845
4.616400 -0.014744 0.004832 -0.034342 0.005089 0.004623 0.008863
4.619200 -0.014751 0.004833 -0.034399 0.005097 0.004627 0.008882
4.621900 -0.014758 0.004835 -0.034453 0.005104 0.004630 0.008900
4.624700 -0.014765 0.004836 -0.034510 0.005112 0.004634 0.008919
4.627400 -0.014771 0.004838 -0.034565 0.005120 0.004638 0.008937
4.630100 -0.014778 0.004839 -0.034620 0.005127 0.004641 0.008955
4.632900 -0.014784 0.004841 -0.034677 0.005135 0.004645 0.008973
4.635600 -0.014791 0.004842 -0.034732 0.005143 0.004649 0.008992
4.638400 -0.014798 0.004844 -0.034789 0.005151 0.004653 0.009010
4.641100 -0.014804 0.004845 -0.034844 0.005159 0.004656 0.009029
4.643800 -0.014811 0.004847 -0.034900 0.005166 0.004660 0.009047
4.646600 -0.014817 0.004848 -0.034957 0.005174 0.004664 0.009066
4.649300 -0.014824 0.004850 -0.035012 0.005182 0.004667 0.009084
4.652100 -0.014831 0.004851 -0.035069 0.005190 0.004671 0.009103
4.654800 -0.014837 0.004853 -0.035125 0.005197 0.004675 0.009122
4.657500 -0.014844 0.004854 -0.035180 0.005205 0.004678 0.009140
4.660300 -0.014850 0.004856 -0.035238 0.005213 0.004682 0.009159
4.663000 -0.014857 0.004857 -0.035293 0.005221 0.004686 0.009177
4.665800 -0.014864 0.004859 -0.035351 0.005229 0.004689 0.009197
4.668500 -0.014870 0.004860 -0.035406 0.005236 0.004693 0.009215
4.671200 -0.014877 0.004862 -0.035462 0.005244 0.004697 0.009234
4.674000 -0.014883 0.004863 -0.035520 0.005252 0.004700 0.009253
4.676700 -0.014890 0.004865 -0.035575 0.005260 0.004704 0.009271
4.679500 -0.014897 0.004866 -0.035633 0.005268 0.004708 0.009291
4.682200 -0.014903 0.004868 -0.035689 0.005276 0.004712 0.009309
4.684900 -0.014910 0.004869 -0.035745 0.005283 0.004715 0.009328
4.687700 -0.014917 0.004871 -0.035803 0.005291 0.004719 0.009348
4.690400 -0.014923 0.004872 -0.035859 0.005299 0.004723 0.009366
4.693200 -0.014930 0.004874 -0.035917 0.005307 0.004726 0.009386
4.695900 -0.014936 0.004875 -0.035973 0.005315 0.004730 0.009405
4.698600 -0.014943 0.004877 -0.036029 0.005323 0.004734 0.009423
4.701400 -0.014950 0.004878 -0.036087 0.005331 0.004738 0.009443
4.704100 -0.014956 0.004880 -0.036144 0.005339 0.004741 0.009462
4.706900 -0.014963 0.004881 -0.036202 0.005347 0.004745 0.009481
4.709600 -0.014969 0.004882 -0.036258 0.005354 0.004749 0.009500
4.712300 -0.014976 0.004884 -0.036315 0.005362 0.004752 0.009519
4.715100 -0.014983 0.004885 -0.036373 0.005370 0.004756 0.009539
4.717800 -0.014989 0.004887 -0.036430 0.005378 0.004760 0.009558
4.720600 -0.014996 0.004888 -0.036488 0.005386 0.004764 0.009578
4.723300 -0.015002 0.004890 -0.036545 0.005394 0.004767 0.009597
4.726000 -0.015009 0.004891 -0.036601 0.005402 0.004771 0.009616
4.728800 -0.015016 0.004893 -0.036660 0.005410 0.004775 0.009636
4.731500 -0.015022 0.004894 -0.036717 0.005418 0.004779 0.009655
4.734300 -0.015029 0.004896 -0.036776 0.005426 0.004783 0.009675
4.737000 -0.015035 0.004897 -0.036832 0.005434 0.004786 0.009694
4.739700 -0.015042 0.004899 -0.036889 0.005442 0.004790 0.009714
4.742500 -0.015049 0.004900 -0.036948 0.005450 0.004794 0.009734
4.745200 -0.015055 0.004902 -0.037005 0.005458 0.004798 0.009753
4.747900 -0.015062 0.004903 -0.037062 0.005466 0.004801 0.009772
4.750700 -0.015068 0.004904 -0.037121 0.005474 0.004805 0.009792
4.753400 -0.015075 0.004906 -0.037178 0.005482 0.004809 0.009812
4.756200 -0.015082 0.004907 -0.037237 0.005490 0.004813 0.009832
4.758900 -0.015088 0.004909 -0.037295 0.005498 0.004816 0.009851
4.761600 -0.015095 0.004910 -0.037352 0.005506 0.004820 0.009871
4.764400 -0.015101 0.004912 -0.037411 0.005514 0.004824 0.009891
4.767100 -0.015108 0.004913 -0.037468 0.005522 0.004828 0.009911
4.769900 -0.015115 0.004915 -0.037528 0.005530 0.004832 0.009931
4.772600 -0.015121 0.004916 -0.037585 0.005538 0.004835 0.009951
4.775300 -0.015128 0.004918 -0.037643 0.005546 0.004839 0.009970
4.778100 -0.015134 0.004919 -0.037702 0.005554 0.004843 0.009991
4.780800 -0.015141 0.004920 -0.037760 0.005562 0.004847 0.010010
4.783600 -0.015148 0.004922 -0.037819 0.005570 0.004851 0.010031
4.786300 -0.015154 0.004923 -0.037877 0.005578 0.004854 0.010050
4.789000 -0.015161 0.004925 -0.037935 0.005586 0.004858 0.010070
4.791800 -0.015167 0.004926 -0.037995 0.005594 0.004862 0.010091
4.794500 -0.015174 0.004928 -0.038052 0.005602 0.004866 0.010111
4.797300 -0.015181 0.004929 -0.038112 0.005611 0.004870 0.010131
4.800000 -0.015187 0.004931 -0.038170 0.005619 0.004874 0.010151
4.802700 -0.015194 0.004932 -0.038228 0.005627 0.004877 0.010171
4.805500 -0.015200 0.004933 -0.038288 0.005635 0.004881 0.010192
4.808200 -0.015207 0.004935 -0.038346 0.005643 0.004885 0.010212
4.811000 -0.015214 0.004936 -0.038406 0.005651 0.004889 0.010232
4.813700 -0.015220 0.004938 -0.038464 0.005659 0.004893 0.010252
4.816400 -0.015227 0.004939 -0.038522 0.005667 0.004897 0.010272
4.819200 -0.015233 0.004941 -0.038583 0.005675 0.004900 0.010293
4.821900 -0.015240 0.004942 -0.038641 0.005684 0.004904 0.010313
4.824700 -0.015247 0.004944 -0.038701 0.005692 0.004908 0.010334
