# time (yr) north(m) east(m) up(m) northsigma(m) eastsigma(m) upsigma(m)
0.000000 0.000000 0.000000 0.000000 0.000554 0.002160 0.000759
0.002700 0.000002 -0.000030 0.000003 0.000554 0.002168 0.000759
0.005500 0.000005 -0.000060 0.000006 0.000554 0.002189 0.000759
0.008200 0.000007 -0.000089 0.000009 0.000555 0.002219 0.000760
0.011000 0.000010 -0.000118 0.000012 0.000555 0.002258 0.000761
0.013700 0.000013 -0.000145 0.000014 0.000556 0.002300 0.000762
0.016400 0.000015 -0.000172 0.000017 0.000557 0.002345 0.000764
0.019200 0.000018 -0.000200 0.000020 0.000558 0.002394 0.000766
0.021900 0.000020 -0.000226 0.000023 0.000559 0.002443 0.000768
0.024700 0.000023 -0.000253 0.000026 0.000561 0.002493 0.000770
0.027400 0.000026 -0.000278 0.000028 0.000563 0.002542 0.000772
0.030100 0.000028 -0.000303 0.000031 0.000564 0.002589 0.000775
0.032900 0.000031 -0.000329 0.000034 0.000566 0.002638 0.000778
0.035600 0.000033 -0.000353 0.000037 0.000568 0.002683 0.000781
0.038400 0.000036 -0.000378 0.000040 0.000571 0.002729 0.000784
0.041100 0.000038 -0.000402 0.000043 0.000573 0.002771 0.000787
0.043800 0.000041 -0.000425 0.000045 0.000576 0.002812 0.000791
0.046600 0.000043 -0.000449 0.000048 0.000578 0.002853 0.000795
0.049300 0.000046 -0.000472 0.000051 0.000581 0.002890 0.000799
0.052100 0.000049 -0.000495 0.000054 0.000584 0.002927 0.000803
0.054800 0.000051 -0.000518 0.000057 0.000587 0.002961 0.000807
0.057500 0.000054 -0.000540 0.000060 0.000590 0.002993 0.000812
0.060300 0.000056 -0.000562 0.000063 0.000593 0.003025 0.000816
0.063000 0.000059 -0.000584 0.000066 0.000597 0.003054 0.000821
0.065800 0.000061 -0.000606 0.000069 0.000600 0.003082 0.000826
0.068500 0.000063 -0.000627 0.000072 0.000604 0.003108 0.000831
0.071200 0.000066 -0.000648 0.000074 0.000607 0.003133 0.000836
0.074000 0.000068 -0.000669 0.000077 0.000611 0.003157 0.000841
0.076700 0.000071 -0.000690 0.000080 0.000615 0.003178 0.000846
0.079500 0.000073 -0.000711 0.000083 0.000619 0.003200 0.000852
0.082200 0.000076 -0.000731 0.000086 0.000623 0.003219 0.000857
0.084900 0.000078 -0.000751 0.000089 0.000627 0.003237 0.000863
0.087700 0.000080 -0.000771 0.000092 0.000631 0.003254 0.000868
0.090400 0.000083 -0.000791 0.000095 0.000635 0.003270 0.000874
0.093200 0.000085 -0.000811 0.000098 0.000639 0.003286 0.000880
0.095900 0.000087 -0.000830 0.000101 0.000644 0.003300 0.000886
0.098600 0.000089 -0.000849 0.000104 0.000648 0.003312 0.000891
0.101400 0.000092 -0.000869 0.000107 0.000652 0.003325 0.000898
0.104100 0.000094 -0.000888 0.000110 0.000656 0.003336 0.000903
0.106900 0.000096 -0.000907 0.000113 0.000661 0.003347 0.000910
0.109600 0.000099 -0.000925 0.000116 0.000665 0.003357 0.000916
0.112300 0.000101 -0.000944 0.000118 0.000670 0.003365 0.000922
0.115100 0.000103 -0.000962 0.000121 0.000674 0.003374 0.000928
0.117800 0.000105 -0.000980 0.000124 0.000679 0.003382 0.000934
0.120600 0.000107 -0.000999 0.000127 0.000683 0.003389 0.000941
0.123300 0.000109 -0.001017 0.000130 0.000688 0.003395 0.000947
0.126000 0.000112 -0.001034 0.000133 0.000692 0.003401 0.000953
0.128800 0.000114 -0.001052 0.000135 0.000697 0.003406 0.000959
0.131500 0.000116 -0.001070 0.000138 0.000701 0.003411 0.000966
0.134300 0.000118 -0.001087 0.000141 0.000706 0.003416 0.000972
0.137000 0.000120 -0.001105 0.000144 0.000711 0.003420 0.000978
0.139700 0.000122 -0.001122 0.000146 0.000715 0.003423 0.000985
0.142500 0.000124 -0.001139 0.000149 0.000720 0.003426 0.000991
0.145200 0.000126 -0.001156 0.000152 0.000724 0.003429 0.000997
0.147900 0.000128 -0.001172 0.000154 0.000729 0.003431 0.001004
0.150700 0.000130 -0.001189 0.000157 0.000734 0.003433 0.001010
0.153400 0.000132 -0.001206 0.000159 0.000738 0.003435 0.001016
0.156200 0.000134 -0.001223 0.000162 0.000743 0.003436 0.001023
0.158900 0.000136 -0.001239 0.000164 0.000747 0.003438 0.001029
0.161600 0.000138 -0.001255 0.000167 0.000752 0.003438 0.001035
0.164400 0.000140 -0.001271 0.000169 0.000757 0.003439 0.001042
0.167100 0.000141 -0.001287 0.000172 0.000761 0.003439 0.001048
0.169900 0.000143 -0.001303 0.000174 0.000766 0.003440 0.001054
0.172600 0.000145 -0.001319 0.000176 0.000770 0.003440 0.001061
0.175300 0.000147 -0.001334 0.000179 0.000775 0.003439 0.001067
0.178100 0.000149 -0.001350 0.000181 0.000779 0.003439 0.001073
0.180800 0.000151 -0.001366 0.000183 0.000784 0.003438 0.001079
0.183600 0.000153 -0.001382 0.000185 0.000788 0.003438 0.001085
0.186300 0.000154 -0.001397 0.000187 0.000793 0.003437 0.001092
0.189000 0.000156 -0.001412 0.000189 0.000797 0.003436 0.001098
0.191800 0.000158 -0.001427 0.000191 0.000802 0.003434 0.001104
0.194500 0.000160 -0.001442 0.000193 0.000806 0.003433 0.001110
0.200000 0.000163 -0.001472 0.000197 0.000815 0.003430 0.001122
0.202700 0.000165 -0.001486 0.000199 0.000819 0.003429 0.001128
0.205500 0.000166 -0.001501 0.000201 0.000823 0.003427 0.001134
0.208200 0.000168 -0.001516 0.000203 0.000828 0.003425 0.001140
0.211000 0.000170 -0.001530 0.000205 0.000832 0.003423 0.001146
0.213700 0.000171 -0.001545 0.000206 0.000836 0.003421 0.001151
0.216400 0.000173 -0.001559 0.000208 0.000841 0.003419 0.001157
0.219200 0.000175 -0.001573 0.000210 0.000845 0.003417 0.001163
0.221900 0.000176 -0.001587 0.000211 0.000849 0.003415 0.001168
0.224700 0.000178 -0.001602 0.000213 0.000853 0.003413 0.001174
0.227400 0.000179 -0.001615 0.000214 0.000858 0.003411 0.001180
0.230100 0.000181 -0.001629 0.000215 0.000862 0.003408 0.001185
0.232900 0.000183 -0.001643 0.000217 0.000866 0.003406 0.001191
0.235600 0.000184 -0.001657 0.000218 0.000870 0.003404 0.001196
0.238400 0.000186 -0.001671 0.000219 0.000874 0.003401 0.001202
0.241100 0.000187 -0.001684 0.000221 0.000878 0.003399 0.001207
0.243800 0.000189 -0.001697 0.000222 0.000882 0.003397 0.001212
0.246600 0.000190 -0.001711 0.000223 0.000887 0.003394 0.001218
0.249300 0.000192 -0.001724 0.000224 0.000891 0.003392 0.001223
0.252100 0.000193 -0.001738 0.000225 0.000895 0.003389 0.001228
0.254800 0.000194 -0.001751 0.000226 0.000899 0.003387 0.001233
0.257500 0.000196 -0.001763 0.000227 0.000903 0.003384 0.001238
0.260300 0.000197 -0.001777 0.000227 0.000907 0.003382 0.001243
0.263000 0.000199 -0.001789 0.000228 0.000911 0.003379 0.001248
0.265800 0.000200 -0.001803 0.000229 0.000915 0.003377 0.001253
0.268500 0.000201 -0.001815 0.000230 0.000918 0.003374 0.001258
0.271200 0.000203 -0.001828 0.000230 0.000922 0.003372 0.001263
0.274000 0.000204 -0.001841 0.000231 0.000926 0.003369 0.001268
0.276700 0.000206 -0.001853 0.000231 0.000930 0.003366 0.001272
0.279500 0.000207 -0.001866 0.000232 0.000934 0.003364 0.001277
0.282200 0.000208 -0.001878 0.000232 0.000938 0.003361 0.001282
0.284900 0.000209 -0.001890 0.000232 0.000942 0.003359 0.001286
0.287700 0.000211 -0.001903 0.000233 0.000946 0.003356 0.001291
0.290400 0.000212 -0.001915 0.000233 0.000949 0.003354 0.001295
0.293200 0.000213 -0.001928 0.000233 0.000953 0.003351 0.001299
0.295900 0.000215 -0.001940 0.000233 0.000957 0.003349 0.001304
0.298600 0.000216 -0.001951 0.000233 0.000961 0.003347 0.001308
0.301400 0.000217 -0.001964 0.000233 0.000964 0.003344 0.001312
0.304100 0.000218 -0.001975 0.000233 0.000968 0.003342 0.001316
0.306900 0.000220 -0.001988 0.000233 0.000972 0.003339 0.001321
0.309600 0.000221 -0.001999 0.000233 0.000975 0.003337 0.001325
0.312300 0.000222 -0.002011 0.000233 0.000979 0.003335 0.001328
0.315100 0.000223 -0.002023 0.000232 0.000983 0.003332 0.001332
0.317800 0.000224 -0.002034 0.000232 0.000986 0.003330 0.001336
0.320600 0.000226 -0.002046 0.000232 0.000990 0.003328 0.001340
0.323300 0.000227 -0.002057 0.000231 0.000994 0.003325 0.001344
0.326000 0.000228 -0.002069 0.000231 0.000997 0.003323 0.001348
0.328800 0.000229 -0.002080 0.000230 0.001001 0.003321 0.001351
0.331500 0.000230 -0.002091 0.000230 0.001004 0.003319 0.001355
0.334300 0.000231 -0.002103 0.000229 0.001008 0.003316 0.001358
0.337000 0.000232 -0.002114 0.000228 0.001011 0.003314 0.001362
0.339700 0.000233 -0.002125 0.000227 0.001015 0.003312 0.001365
0.342500 0.000235 -0.002136 0.000226 0.001018 0.003310 0.001369
0.345200 0.000236 -0.002147 0.000226 0.001022 0.003308 0.001372
0.347900 0.000237 -0.002158 0.000225 0.001025 0.003306 0.001375
0.350700 0.000238 -0.002169 0.000224 0.001029 0.003303 0.001378
0.353400 0.000239 -0.002180 0.000223 0.001032 0.003301 0.001381
0.356200 0.000240 -0.002191 0.000221 0.001036 0.003299 0.001385
0.358900 0.000241 -0.002202 0.000220 0.001039 0.003297 0.001388
0.361600 0.000242 -0.002212 0.000219 0.001042 0.003295 0.001391
0.364400 0.000243 -0.002223 0.000218 0.001046 0.003293 0.001393
0.367100 0.000244 -0.002234 0.000216 0.001049 0.003291 0.001396
0.369900 0.000245 -0.002244 0.000215 0.001053 0.003289 0.001399
0.372600 0.000246 -0.002255 0.000213 0.001056 0.003288 0.001402
0.375300 0.000247 -0.002265 0.000212 0.001059 0.003286 0.001404
0.378100 0.000248 -0.002276 0.000210 0.001063 0.003284 0.001407
0.380800 0.000249 -0.002286 0.000209 0.001066 0.003282 0.001410
0.383600 0.000250 -0.002297 0.000207 0.001069 0.003280 0.001412
0.386300 0.000251 -0.002307 0.000205 0.001073 0.003278 0.001415
0.389000 0.000252 -0.002317 0.000203 0.001076 0.003277 0.001417
0.391800 0.000252 -0.002327 0.000202 0.001079 0.003275 0.001419
0.394500 0.000253 -0.002337 0.000200 0.001082 0.003273 0.001422
0.397300 0.000254 -0.002347 0.000198 0.001086 0.003271 0.001424
0.402700 0.000256 -0.002367 0.000194 0.001092 0.003268 0.001428
0.411000 0.000259 -0.002397 0.000187 0.001102 0.003263 0.001434
0.413700 0.000260 -0.002407 0.000185 0.001105 0.003262 0.001436
0.416400 0.000260 -0.002417 0.000182 0.001108 0.003260 0.001438
0.419200 0.000261 -0.002426 0.000180 0.001111 0.003259 0.001440
0.421900 0.000262 -0.002436 0.000178 0.001114 0.003257 0.001442
0.438400 0.000267 -0.002493 0.000162 0.001133 0.003249 0.001451
0.441100 0.000268 -0.002503 0.000159 0.001136 0.003247 0.001453
0.443800 0.000268 -0.002512 0.000156 0.001139 0.003246 0.001454
0.446600 0.000269 -0.002521 0.000153 0.001142 0.003245 0.001455
0.449300 0.000270 -0.002531 0.000150 0.001145 0.003243 0.001457
0.452100 0.000271 -0.002540 0.000147 0.001148 0.003242 0.001458
0.454800 0.000271 -0.002549 0.000144 0.001151 0.003241 0.001459
0.457500 0.000272 -0.002558 0.000141 0.001154 0.003239 0.001460
0.460300 0.000273 -0.002567 0.000138 0.001157 0.003238 0.001461
0.463000 0.000273 -0.002576 0.000135 0.001160 0.003237 0.001462
0.465800 0.000274 -0.002586 0.000131 0.001163 0.003236 0.001463
0.468500 0.000275 -0.002594 0.000128 0.001166 0.003235 0.001464
0.471200 0.000275 -0.002603 0.000125 0.001169 0.003234 0.001465
0.474000 0.000276 -0.002612 0.000121 0.001172 0.003232 0.001466
0.476700 0.000277 -0.002621 0.000118 0.001175 0.003231 0.001466
0.479500 0.000278 -0.002630 0.000114 0.001178 0.003230 0.001467
0.482200 0.000278 -0.002639 0.000111 0.001181 0.003229 0.001468
0.484900 0.000279 -0.002648 0.000107 0.001184 0.003228 0.001469
0.487700 0.000279 -0.002656 0.000103 0.001187 0.003227 0.001469
0.490400 0.000280 -0.002665 0.000100 0.001190 0.003226 0.001470
0.493200 0.000281 -0.002674 0.000096 0.001193 0.003225 0.001470
0.495900 0.000281 -0.002682 0.000092 0.001195 0.003224 0.001471
0.498600 0.000282 -0.002691 0.000088 0.001198 0.003223 0.001471
0.501400 0.000283 -0.002700 0.000085 0.001201 0.003222 0.001471
0.504100 0.000283 -0.002708 0.000081 0.001204 0.003221 0.001472
0.506900 0.000284 -0.002717 0.000077 0.001207 0.003221 0.001472
0.509600 0.000284 -0.002725 0.000073 0.001210 0.003220 0.001472
0.512300 0.000285 -0.002733 0.000069 0.001213 0.003219 0.001473
0.517800 0.000286 -0.002750 0.000060 0.001218 0.003217 0.001473
0.520600 0.000287 -0.002759 0.000056 0.001221 0.003216 0.001473
0.523300 0.000287 -0.002767 0.000052 0.001224 0.003215 0.001473
0.526000 0.000288 -0.002775 0.000048 0.001227 0.003215 0.001473
0.528800 0.000288 -0.002783 0.000043 0.001229 0.003214 0.001473
0.531500 0.000289 -0.002791 0.000039 0.001232 0.003213 0.001473
0.534300 0.000289 -0.002800 0.000034 0.001235 0.003212 0.001473
0.537000 0.000290 -0.002808 0.000030 0.001238 0.003212 0.001473
0.539700 0.000290 -0.002816 0.000026 0.001240 0.003211 0.001473
0.542500 0.000291 -0.002824 0.000021 0.001243 0.003210 0.001472
0.545200 0.000291 -0.002832 0.000016 0.001246 0.003210 0.001472
0.547900 0.000292 -0.002840 0.000012 0.001248 0.003209 0.001472
0.550700 0.000292 -0.002848 0.000007 0.001251 0.003208 0.001471
0.553400 0.000293 -0.002856 0.000002 0.001254 0.003208 0.001471
0.556200 0.000293 -0.002864 -0.000002 0.001257 0.003207 0.001471
0.558900 0.000294 -0.002872 -0.000007 0.001259 0.003206 0.001470
0.561600 0.000294 -0.002879 -0.000012 0.001262 0.003206 0.001470
0.564400 0.000295 -0.002888 -0.000017 0.001265 0.003205 0.001469
0.567100 0.000295 -0.002895 -0.000022 0.001267 0.003205 0.001469
0.569900 0.000296 -0.002903 -0.000027 0.001270 0.003204 0.001468
0.572600 0.000296 -0.002911 -0.000032 0.001273 0.003204 0.001468
0.575300 0.000297 -0.002918 -0.000037 0.001275 0.003203 0.001467
0.578100 0.000297 -0.002926 -0.000042 0.001278 0.003203 0.001466
0.580800 0.000297 -0.002934 -0.000047 0.001280 0.003202 0.001465
0.583600 0.000298 -0.002942 -0.000052 0.001283 0.003202 0.001465
0.586300 0.000298 -0.002949 -0.000057 0.001286 0.003201 0.001464
0.589000 0.000299 -0.002957 -0.000062 0.001288 0.003201 0.001463
0.591800 0.000299 -0.002964 -0.000068 0.001291 0.003200 0.001462
0.594500 0.000299 -0.002972 -0.000073 0.001293 0.003200 0.001462
0.597300 0.000300 -0.002979 -0.000078 0.001296 0.003199 0.001461
0.600000 0.000300 -0.002987 -0.000083 0.001298 0.003199 0.001460
0.602700 0.000301 -0.002994 -0.000089 0.001301 0.003198 0.001459
0.605500 0.000301 -0.003002 -0.000094 0.001304 0.003198 0.001458
0.608200 0.000301 -0.003009 -0.000100 0.001306 0.003198 0.001457
0.611000 0.000302 -0.003016 -0.000105 0.001309 0.003197 0.001456
0.613700 0.000302 -0.003024 -0.000111 0.001311 0.003197 0.001455
0.616400 0.000303 -0.003031 -0.000116 0.001314 0.003197 0.001454
0.619200 0.000303 -0.003038 -0.000122 0.001316 0.003196 0.001452
0.621900 0.000303 -0.003045 -0.000128 0.001319 0.003196 0.001451
0.624700 0.000304 -0.003053 -0.000133 0.001321 0.003196 0.001450
0.627400 0.000304 -0.003060 -0.000139 0.001324 0.003195 0.001449
0.630100 0.000304 -0.003067 -0.000145 0.001326 0.003195 0.001448
0.632900 0.000305 -0.003074 -0.000150 0.001329 0.003195 0.001446
0.635600 0.000305 -0.003081 -0.000156 0.001331 0.003194 0.001445
0.638400 0.000305 -0.003089 -0.000162 0.001333 0.003194 0.001444
0.641100 0.000306 -0.003096 -0.000168 0.001336 0.003194 0.001443
0.643800 0.000306 -0.003103 -0.000174 0.001338 0.003194 0.001441
0.646600 0.000306 -0.003110 -0.000180 0.001341 0.003193 0.001440
0.649300 0.000306 -0.003117 -0.000186 0.001343 0.003193 0.001438
0.652100 0.000307 -0.003124 -0.000192 0.001346 0.003193 0.001437
0.654800 0.000307 -0.003131 -0.000198 0.001348 0.003193 0.001436
0.657500 0.000307 -0.003138 -0.000204 0.001350 0.003193 0.001434
0.660300 0.000308 -0.003145 -0.000210 0.001353 0.003192 0.001433
0.663000 0.000308 -0.003151 -0.000216 0.001355 0.003192 0.001431
0.665800 0.000308 -0.003158 -0.000222 0.001357 0.003192 0.001430
0.668500 0.000308 -0.003165 -0.000228 0.001360 0.003192 0.001428
0.671200 0.000309 -0.003172 -0.000234 0.001362 0.003192 0.001427
0.674000 0.000309 -0.003179 -0.000241 0.001365 0.003192 0.001425
0.676700 0.000309 -0.003186 -0.000247 0.001367 0.003191 0.001423
0.679500 0.000310 -0.003192 -0.000253 0.001369 0.003191 0.001422
0.682200 0.000310 -0.003199 -0.000260 0.001371 0.003191 0.001420
0.684900 0.000310 -0.003206 -0.000266 0.001374 0.003191 0.001418
0.687700 0.000310 -0.003213 -0.000272 0.001376 0.003191 0.001417
0.690400 0.000310 -0.003219 -0.000279 0.001378 0.003191 0.001415
0.693200 0.000311 -0.003226 -0.000285 0.001381 0.003191 0.001413
0.695900 0.000311 -0.003232 -0.000291 0.001383 0.003191 0.001412
0.698600 0.000311 -0.003239 -0.000298 0.001385 0.003191 0.001410
0.701400 0.000311 -0.003246 -0.000304 0.001388 0.003191 0.001408
0.704100 0.000312 -0.003252 -0.000311 0.001390 0.003190 0.001406
0.706900 0.000312 -0.003259 -0.000318 0.001392 0.003190 0.001404
0.709600 0.000312 -0.003265 -0.000324 0.001394 0.003190 0.001403
0.712300 0.000312 -0.003272 -0.000331 0.001396 0.003190 0.001401
0.715100 0.000312 -0.003278 -0.000337 0.001399 0.003190 0.001399
0.717800 0.000313 -0.003285 -0.000344 0.001401 0.003190 0.001397
0.720600 0.000313 -0.003291 -0.000351 0.001403 0.003190 0.001395
0.723300 0.000313 -0.003298 -0.000357 0.001405 0.003190 0.001393
0.726000 0.000313 -0.003304 -0.000364 0.001408 0.003190 0.001391
0.728800 0.000313 -0.003310 -0.000371 0.001410 0.003190 0.001389
0.731500 0.000313 -0.003317 -0.000378 0.001412 0.003190 0.001387
0.734300 0.000314 -0.003323 -0.000384 0.001414 0.003190 0.001385
0.737000 0.000314 -0.003329 -0.000391 0.001416 0.003190 0.001384
0.739700 0.000314 -0.003336 -0.000398 0.001418 0.003190 0.001382
0.742500 0.000314 -0.003342 -0.000405 0.001421 0.003190 0.001380
0.745200 0.000314 -0.003348 -0.000412 0.001423 0.003190 0.001378
0.747900 0.000314 -0.003354 -0.000419 0.001425 0.003190 0.001376
0.750700 0.000315 -0.003361 -0.000426 0.001427 0.003191 0.001374
0.753400 0.000315 -0.003367 -0.000432 0.001429 0.003191 0.001372
0.756200 0.000315 -0.003373 -0.000440 0.001431 0.003191 0.001369
0.758900 0.000315 -0.003379 -0.000446 0.001433 0.003191 0.001367
0.761600 0.000315 -0.003385 -0.000453 0.001435 0.003191 0.001365
0.764400 0.000315 -0.003392 -0.000461 0.001438 0.003191 0.001363
0.767100 0.000315 -0.003398 -0.000468 0.001440 0.003191 0.001361
0.769900 0.000316 -0.003404 -0.000475 0.001442 0.003191 0.001359
0.772600 0.000316 -0.003410 -0.000482 0.001444 0.003191 0.001357
0.775300 0.000316 -0.003416 -0.000489 0.001446 0.003191 0.001355
0.778100 0.000316 -0.003422 -0.000496 0.001448 0.003191 0.001353
0.780800 0.000316 -0.003428 -0.000503 0.001450 0.003191 0.001351
0.783600 0.000316 -0.003434 -0.000510 0.001452 0.003192 0.001348
0.786300 0.000316 -0.003440 -0.000517 0.001454 0.003192 0.001346
0.789000 0.000316 -0.003446 -0.000525 0.001456 0.003192 0.001344
0.791800 0.000316 -0.003452 -0.000532 0.001458 0.003192 0.001342
0.794500 0.000316 -0.003458 -0.000539 0.001460 0.003192 0.001340
0.797300 0.000317 -0.003464 -0.000547 0.001462 0.003192 0.001338
0.800000 0.000317 -0.003470 -0.000554 0.001464 0.003192 0.001335
0.802700 0.000317 -0.003475 -0.000561 0.001466 0.003193 0.001333
0.805500 0.000317 -0.003481 -0.000568 0.001468 0.003193 0.001331
0.808200 0.000317 -0.003487 -0.000576 0.001470 0.003193 0.001329
0.811000 0.000317 -0.003493 -0.000583 0.001472 0.003193 0.001327
0.813700 0.000317 -0.003499 -0.000590 0.001474 0.003193 0.001324
0.816400 0.000317 -0.003505 -0.000598 0.001476 0.003193 0.001322
0.819200 0.000317 -0.003511 -0.000605 0.001478 0.003194 0.001320
0.821900 0.000317 -0.003516 -0.000613 0.001480 0.003194 0.001318
0.824700 0.000317 -0.003522 -0.000620 0.001482 0.003194 0.001315
0.827400 0.000317 -0.003528 -0.000627 0.001484 0.003194 0.001313
0.830100 0.000317 -0.003533 -0.000635 0.001486 0.003194 0.001311
0.832900 0.000317 -0.003539 -0.000642 0.001487 0.003194 0.001309
0.835600 0.000317 -0.003545 -0.000650 0.001489 0.003195 0.001307
0.838400 0.000318 -0.003551 -0.000658 0.001491 0.003195 0.001304
0.841100 0.000318 -0.003556 -0.000665 0.001493 0.003195 0.001302
0.843800 0.000318 -0.003562 -0.000672 0.001495 0.003195 0.001300
0.846600 0.000318 -0.003568 -0.000680 0.001497 0.003195 0.001298
0.849300 0.000318 -0.003573 -0.000688 0.001499 0.003196 0.001295
0.852100 0.000318 -0.003579 -0.000695 0.001501 0.003196 0.001293
0.854800 0.000318 -0.003584 -0.000703 0.001503 0.003196 0.001291
0.857500 0.000318 -0.003590 -0.000710 0.001504 0.003196 0.001289
0.860300 0.000318 -0.003595 -0.000718 0.001506 0.003197 0.001286
0.863000 0.000318 -0.003601 -0.000726 0.001508 0.003197 0.001284
0.865800 0.000318 -0.003607 -0.000733 0.001510 0.003197 0.001282
0.868500 0.000318 -0.003612 -0.000741 0.001512 0.003197 0.001279
0.871200 0.000318 -0.003617 -0.000749 0.001513 0.003198 0.001277
0.874000 0.000318 -0.003623 -0.000756 0.001515 0.003198 0.001275
0.879500 0.000318 -0.003634 -0.000772 0.001519 0.003198 0.001270
0.884900 0.000318 -0.003645 -0.000787 0.001522 0.003199 0.001266
0.887700 0.000318 -0.003650 -0.000795 0.001524 0.003199 0.001264
0.890400 0.000318 -0.003656 -0.000803 0.001526 0.003199 0.001261
0.893200 0.000318 -0.003661 -0.000811 0.001528 0.003200 0.001259
0.895900 0.000318 -0.003666 -0.000818 0.001530 0.003200 0.001257
0.898600 0.000318 -0.003672 -0.000826 0.001531 0.003200 0.001255
0.901400 0.000318 -0.003677 -0.000834 0.001533 0.003200 0.001252
0.904100 0.000318 -0.003682 -0.000842 0.001535 0.003201 0.001250
0.906900 0.000318 -0.003688 -0.000850 0.001537 0.003201 0.001248
0.909600 0.000318 -0.003693 -0.000857 0.001538 0.003201 0.001246
0.912300 0.000318 -0.003698 -0.000865 0.001540 0.003201 0.001243
0.915100 0.000317 -0.003703 -0.000873 0.001542 0.003202 0.001241
0.917800 0.000317 -0.003709 -0.000881 0.001543 0.003202 0.001239
0.920600 0.000317 -0.003714 -0.000889 0.001545 0.003202 0.001237
0.923300 0.000317 -0.003719 -0.000897 0.001547 0.003203 0.001234
0.926000 0.000317 -0.003724 -0.000904 0.001548 0.003203 0.001232
0.928800 0.000317 -0.003730 -0.000912 0.001550 0.003203 0.001230
0.931500 0.000317 -0.003735 -0.000920 0.001552 0.003203 0.001228
0.934300 0.000317 -0.003740 -0.000928 0.001553 0.003204 0.001225
0.937000 0.000317 -0.003745 -0.000936 0.001555 0.003204 0.001223
0.939700 0.000317 -0.003750 -0.000944 0.001557 0.003204 0.001221
0.942500 0.000317 -0.003755 -0.000952 0.001558 0.003205 0.001219
0.945200 0.000317 -0.003761 -0.000960 0.001560 0.003205 0.001217
0.947900 0.000317 -0.003766 -0.000968 0.001562 0.003205 0.001215
0.950700 0.000317 -0.003771 -0.000976 0.001563 0.003205 0.001212
0.953400 0.000317 -0.003776 -0.000984 0.001565 0.003206 0.001210
0.956200 0.000317 -0.003781 -0.000992 0.001566 0.003206 0.001208
0.958900 0.000317 -0.003786 -0.001000 0.001568 0.003206 0.001206
0.961600 0.000316 -0.003791 -0.001008 0.001570 0.003207 0.001204
0.964400 0.000316 -0.003796 -0.001016 0.001571 0.003207 0.001201
0.967100 0.000316 -0.003801 -0.001024 0.001573 0.003207 0.001199
0.972600 0.000316 -0.003811 -0.001040 0.001576 0.003208 0.001195
0.975300 0.000316 -0.003816 -0.001048 0.001578 0.003208 0.001193
0.978100 0.000316 -0.003821 -0.001056 0.001579 0.003209 0.001191
0.980800 0.000316 -0.003826 -0.001064 0.001581 0.003209 0.001189
0.983600 0.000316 -0.003831 -0.001072 0.001582 0.003209 0.001187
0.986300 0.000316 -0.003836 -0.001080 0.001584 0.003209 0.001184
0.989000 0.000316 -0.003841 -0.001088 0.001585 0.003210 0.001182
0.991800 0.000315 -0.003846 -0.001096 0.001587 0.003210 0.001180
0.994500 0.000315 -0.003851 -0.001104 0.001588 0.003210 0.001178
0.997300 0.000315 -0.003856 -0.001112 0.001590 0.003211 0.001176
1.000000 0.000315 -0.003860 -0.001120 0.001591 0.003211 0.001174
1.002700 0.000315 -0.003865 -0.001128 0.001593 0.003211 0.001172
1.005500 0.000315 -0.003870 -0.001136 0.001594 0.003212 0.001170
1.008200 0.000315 -0.003875 -0.001144 0.001596 0.003212 0.001168
1.011000 0.000315 -0.003880 -0.001153 0.001597 0.003212 0.001166
1.013700 0.000315 -0.003885 -0.001161 0.001599 0.003213 0.001164
1.016400 0.000314 -0.003889 -0.001169 0.001600 0.003213 0.001162
1.019200 0.000314 -0.003894 -0.001177 0.001602 0.003213 0.001160
1.021900 0.000314 -0.003899 -0.001185 0.001603 0.003214 0.001158
1.024700 0.000314 -0.003904 -0.001193 0.001605 0.003214 0.001156
1.027400 0.000314 -0.003909 -0.001201 0.001606 0.003214 0.001154
1.030100 0.000314 -0.003913 -0.001209 0.001608 0.003215 0.001152
1.032900 0.000314 -0.003918 -0.001218 0.001609 0.003215 0.001150
1.035600 0.000313 -0.003923 -0.001226 0.001610 0.003215 0.001148
1.038400 0.000313 -0.003928 -0.001234 0.001612 0.003216 0.001146
1.041100 0.000313 -0.003932 -0.001242 0.001613 0.003216 0.001144
1.043800 0.000313 -0.003937 -0.001250 0.001615 0.003216 0.001142
1.046600 0.000313 -0.003942 -0.001258 0.001616 0.003217 0.001140
1.049300 0.000313 -0.003946 -0.001266 0.001618 0.003217 0.001139
1.052100 0.000313 -0.003951 -0.001275 0.001619 0.003217 0.001137
1.054800 0.000312 -0.003956 -0.001283 0.001620 0.003218 0.001135
1.057500 0.000312 -0.003960 -0.001291 0.001622 0.003218 0.001133
1.060300 0.000312 -0.003965 -0.001299 0.001623 0.003218 0.001131
1.063000 0.000312 -0.003970 -0.001307 0.001624 0.003219 0.001129
1.065800 0.000312 -0.003974 -0.001315 0.001626 0.003219 0.001127
1.068500 0.000312 -0.003979 -0.001323 0.001627 0.003219 0.001126
1.071200 0.000312 -0.003984 -0.001331 0.001629 0.003220 0.001124
1.074000 0.000311 -0.003988 -0.001340 0.001630 0.003220 0.001122
1.076700 0.000311 -0.003993 -0.001348 0.001631 0.003220 0.001120
1.079500 0.000311 -0.003997 -0.001356 0.001633 0.003221 0.001118
1.082200 0.000311 -0.004002 -0.001364 0.001634 0.003221 0.001117
1.084900 0.000311 -0.004006 -0.001372 0.001635 0.003221 0.001115
1.087700 0.000311 -0.004011 -0.001381 0.001637 0.003222 0.001113
1.090400 0.000310 -0.004016 -0.001389 0.001638 0.003222 0.001112
1.093200 0.000310 -0.004020 -0.001397 0.001639 0.003222 0.001110
1.095900 0.000310 -0.004025 -0.001405 0.001641 0.003223 0.001108
1.098600 0.000310 -0.004029 -0.001413 0.001642 0.003223 0.001106
1.101400 0.000310 -0.004034 -0.001421 0.001643 0.003223 0.001105
1.104100 0.000309 -0.004038 -0.001429 0.001644 0.003224 0.001103
1.106900 0.000309 -0.004043 -0.001438 0.001646 0.003224 0.001101
1.109600 0.000309 -0.004047 -0.001446 0.001647 0.003224 0.001100
1.112300 0.000309 -0.004051 -0.001454 0.001648 0.003225 0.001098
1.115100 0.000309 -0.004056 -0.001462 0.001650 0.003225 0.001097
1.117800 0.000308 -0.004060 -0.001470 0.001651 0.003225 0.001095
1.120600 0.000308 -0.004065 -0.001479 0.001652 0.003226 0.001093
1.123300 0.000308 -0.004069 -0.001487 0.001653 0.003226 0.001092
1.126000 0.000308 -0.004074 -0.001495 0.001655 0.003226 0.001090
1.128800 0.000308 -0.004078 -0.001503 0.001656 0.003227 0.001089
1.131500 0.000307 -0.004082 -0.001511 0.001657 0.003227 0.001087
1.134300 0.000307 -0.004087 -0.001519 0.001658 0.003227 0.001086
1.137000 0.000307 -0.004091 -0.001528 0.001660 0.003228 0.001084
1.139700 0.000307 -0.004096 -0.001536 0.001661 0.003228 0.001083
1.142500 0.000307 -0.004100 -0.001544 0.001662 0.003228 0.001081
1.145200 0.000306 -0.004104 -0.001552 0.001663 0.003229 0.001080
1.147900 0.000306 -0.004109 -0.001560 0.001664 0.003229 0.001078
1.150700 0.000306 -0.004113 -0.001568 0.001666 0.003229 0.001077
1.153400 0.000306 -0.004117 -0.001576 0.001667 0.003230 0.001075
1.156200 0.000306 -0.004122 -0.001585 0.001668 0.003230 0.001074
1.158900 0.000305 -0.004126 -0.001593 0.001669 0.003230 0.001073
1.161600 0.000305 -0.004130 -0.001601 0.001670 0.003231 0.001071
1.164400 0.000305 -0.004135 -0.001609 0.001672 0.003231 0.001070
1.167100 0.000305 -0.004139 -0.001617 0.001673 0.003231 0.001068
1.169900 0.000304 -0.004143 -0.001625 0.001674 0.003232 0.001067
1.172600 0.000304 -0.004147 -0.001633 0.001675 0.003232 0.001066
1.175300 0.000304 -0.004152 -0.001642 0.001676 0.003232 0.001064
1.178100 0.000304 -0.004156 -0.001650 0.001677 0.003233 0.001063
1.180800 0.000304 -0.004160 -0.001658 0.001678 0.003233 0.001062
1.183600 0.000303 -0.004164 -0.001666 0.001680 0.003233 0.001061
1.186300 0.000303 -0.004169 -0.001674 0.001681 0.003233 0.001059
1.189000 0.000303 -0.004173 -0.001682 0.001682 0.003234 0.001058
1.191800 0.000303 -0.004177 -0.001690 0.001683 0.003234 0.001057
1.194500 0.000302 -0.004181 -0.001698 0.001684 0.003234 0.001056
1.197300 0.000302 -0.004186 -0.001707 0.001685 0.003235 0.001054
1.205500 0.000301 -0.004198 -0.001731 0.001689 0.003236 0.001051
1.208200 0.000301 -0.004202 -0.001739 0.001690 0.003236 0.001050
1.211000 0.000301 -0.004206 -0.001747 0.001691 0.003236 0.001049
1.213700 0.000301 -0.004210 -0.001755 0.001692 0.003237 0.001047
1.219200 0.000300 -0.004219 -0.001772 0.001694 0.003237 0.001045
1.221900 0.000300 -0.004223 -0.001780 0.001695 0.003238 0.001044
1.224700 0.000300 -0.004227 -0.001788 0.001696 0.003238 0.001043
1.227400 0.000299 -0.004231 -0.001796 0.001697 0.003238 0.001042
1.230100 0.000299 -0.004235 -0.001804 0.001698 0.003239 0.001041
1.232900 0.000299 -0.004239 -0.001812 0.001699 0.003239 0.001040
1.235600 0.000299 -0.004243 -0.001820 0.001700 0.003239 0.001039
1.238400 0.000298 -0.004248 -0.001828 0.001702 0.003239 0.001038
1.241100 0.000298 -0.004252 -0.001836 0.001703 0.003240 0.001037
1.243800 0.000298 -0.004256 -0.001844 0.001704 0.003240 0.001036
1.246600 0.000298 -0.004260 -0.001852 0.001705 0.003240 0.001035
1.249300 0.000297 -0.004264 -0.001860 0.001706 0.003241 0.001034
1.252100 0.000297 -0.004268 -0.001868 0.001707 0.003241 0.001033
1.254800 0.000297 -0.004272 -0.001876 0.001708 0.003241 0.001032
1.257500 0.000296 -0.004276 -0.001884 0.001709 0.003242 0.001031
1.260300 0.000296 -0.004280 -0.001892 0.001710 0.003242 0.001030
1.263000 0.000296 -0.004284 -0.001900 0.001711 0.003242 0.001030
1.265800 0.000296 -0.004288 -0.001909 0.001712 0.003242 0.001029
1.268500 0.000295 -0.004292 -0.001916 0.001713 0.003243 0.001028
1.271200 0.000295 -0.004296 -0.001924 0.001714 0.003243 0.001027
1.274000 0.000295 -0.004300 -0.001933 0.001715 0.003243 0.001026
1.276700 0.000295 -0.004304 -0.001940 0.001716 0.003244 0.001025
1.279500 0.000294 -0.004308 -0.001949 0.001717 0.003244 0.001025
1.282200 0.000294 -0.004312 -0.001956 0.001718 0.003244 0.001024
1.284900 0.000294 -0.004316 -0.001964 0.001719 0.003244 0.001023
1.287700 0.000293 -0.004320 -0.001972 0.001720 0.003245 0.001022
1.290400 0.000293 -0.004324 -0.001980 0.001721 0.003245 0.001021
1.293200 0.000293 -0.004328 -0.001988 0.001722 0.003245 0.001021
1.295900 0.000293 -0.004332 -0.001996 0.001722 0.003246 0.001020
1.298600 0.000292 -0.004335 -0.002004 0.001723 0.003246 0.001019
1.301400 0.000292 -0.004339 -0.002012 0.001724 0.003246 0.001019
1.304100 0.000292 -0.004343 -0.002020 0.001725 0.003246 0.001018
1.306900 0.000291 -0.004347 -0.002028 0.001726 0.003247 0.001017
1.309600 0.000291 -0.004351 -0.002036 0.001727 0.003247 0.001017
1.312300 0.000291 -0.004355 -0.002044 0.001728 0.003247 0.001016
1.315100 0.000290 -0.004359 -0.002052 0.001729 0.003248 0.001015
1.317800 0.000290 -0.004363 -0.002060 0.001730 0.003248 0.001015
1.320600 0.000290 -0.004367 -0.002068 0.001731 0.003248 0.001014
1.323300 0.000290 -0.004371 -0.002076 0.001732 0.003248 0.001014
1.326000 0.000289 -0.004374 -0.002083 0.001733 0.003249 0.001013
1.328800 0.000289 -0.004378 -0.002091 0.001734 0.003249 0.001012
1.331500 0.000289 -0.004382 -0.002099 0.001735 0.003249 0.001012
1.334300 0.000288 -0.004386 -0.002107 0.001735 0.003249 0.001011
1.337000 0.000288 -0.004390 -0.002115 0.001736 0.003250 0.001011
1.345200 0.000287 -0.004401 -0.002139 0.001739 0.003250 0.001009
1.347900 0.000287 -0.004405 -0.002146 0.001740 0.003251 0.001009
1.350700 0.000286 -0.004409 -0.002154 0.001741 0.003251 0.001008
1.353400 0.000286 -0.004413 -0.002162 0.001742 0.003251 0.001008
1.356200 0.000286 -0.004416 -0.002170 0.001742 0.003251 0.001008
1.358900 0.000285 -0.004420 -0.002178 0.001743 0.003252 0.001007
1.361600 0.000285 -0.004424 -0.002185 0.001744 0.003252 0.001007
1.364400 0.000285 -0.004428 -0.002193 0.001745 0.003252 0.001006
1.367100 0.000285 -0.004431 -0.002201 0.001746 0.003252 0.001006
1.369900 0.000284 -0.004435 -0.002209 0.001747 0.003253 0.001006
1.372600 0.000284 -0.004439 -0.002217 0.001748 0.003253 0.001005
1.375300 0.000284 -0.004443 -0.002224 0.001748 0.003253 0.001005
1.378100 0.000283 -0.004447 -0.002232 0.001749 0.003253 0.001005
1.380800 0.000283 -0.004450 -0.002240 0.001750 0.003254 0.001004
1.383600 0.000283 -0.004454 -0.002248 0.001751 0.003254 0.001004
1.386300 0.000282 -0.004458 -0.002255 0.001752 0.003254 0.001004
1.389000 0.000282 -0.004461 -0.002263 0.001753 0.003254 0.001003
1.391800 0.000282 -0.004465 -0.002271 0.001753 0.003255 0.001003
1.394500 0.000281 -0.004469 -0.002279 0.001754 0.003255 0.001003
1.397300 0.000281 -0.004473 -0.002286 0.001755 0.003255 0.001002
1.400000 0.000281 -0.004476 -0.002294 0.001756 0.003255 0.001002
1.402700 0.000280 -0.004480 -0.002302 0.001757 0.003256 0.001002
1.405500 0.000280 -0.004484 -0.002309 0.001757 0.003256 0.001002
1.408200 0.000280 -0.004487 -0.002317 0.001758 0.003256 0.001002
1.411000 0.000279 -0.004491 -0.002325 0.001759 0.003256 0.001001
1.413700 0.000279 -0.004495 -0.002332 0.001760 0.003256 0.001001
1.419200 0.000278 -0.004502 -0.002348 0.001761 0.003257 0.001001
1.421900 0.000278 -0.004506 -0.002355 0.001762 0.003257 0.001001
1.424700 0.000277 -0.004509 -0.002363 0.001763 0.003257 0.001000
1.430100 0.000277 -0.004517 -0.002378 0.001764 0.003258 0.001000
1.432900 0.000276 -0.004520 -0.002386 0.001765 0.003258 0.001000
1.435600 0.000276 -0.004524 -0.002393 0.001766 0.003258 0.001000
1.438400 0.000276 -0.004528 -0.002401 0.001767 0.003258 0.001000
1.441100 0.000275 -0.004531 -0.002409 0.001768 0.003259 0.001000
1.443800 0.000275 -0.004535 -0.002416 0.001768 0.003259 0.001000
1.449300 0.000274 -0.004542 -0.002431 0.001770 0.003259 0.001000
1.452100 0.000274 -0.004546 -0.002439 0.001771 0.003259 0.000999
1.454800 0.000274 -0.004549 -0.002446 0.001771 0.003260 0.000999
1.457500 0.000273 -0.004553 -0.002454 0.001772 0.003260 0.000999
1.460300 0.000273 -0.004556 -0.002461 0.001773 0.003260 0.000999
1.463000 0.000273 -0.004560 -0.002469 0.001773 0.003260 0.000999
1.465800 0.000272 -0.004563 -0.002477 0.001774 0.003260 0.000999
1.468500 0.000272 -0.004567 -0.002484 0.001775 0.003261 0.000999
1.471200 0.000271 -0.004571 -0.002491 0.001776 0.003261 0.000999
1.474000 0.000271 -0.004574 -0.002499 0.001776 0.003261 0.000999
1.476700 0.000271 -0.004578 -0.002506 0.001777 0.003261 0.000999
1.479500 0.000270 -0.004581 -0.002514 0.001778 0.003261 0.000999
1.482200 0.000270 -0.004585 -0.002521 0.001778 0.003262 0.001000
1.484900 0.000270 -0.004588 -0.002529 0.001779 0.003262 0.001000
1.487700 0.000269 -0.004592 -0.002536 0.001780 0.003262 0.001000
1.490400 0.000269 -0.004595 -0.002544 0.001781 0.003262 0.001000
1.493200 0.000269 -0.004599 -0.002551 0.001781 0.003262 0.001000
1.495900 0.000268 -0.004602 -0.002558 0.001782 0.003263 0.001000
1.498600 0.000268 -0.004606 -0.002566 0.001783 0.003263 0.001000
1.501400 0.000267 -0.004609 -0.002573 0.001783 0.003263 0.001000
1.504100 0.000267 -0.004613 -0.002580 0.001784 0.003263 0.001000
1.506900 0.000267 -0.004616 -0.002588 0.001785 0.003263 0.001000
1.509600 0.000266 -0.004620 -0.002595 0.001785 0.003263 0.001000
1.512300 0.000266 -0.004623 -0.002603 0.001786 0.003264 0.001001
1.515100 0.000266 -0.004627 -0.002610 0.001787 0.003264 0.001001
1.520600 0.000265 -0.004634 -0.002625 0.001788 0.003264 0.001001
1.523300 0.000264 -0.004637 -0.002632 0.001789 0.003264 0.001001
1.526000 0.000264 -0.004641 -0.002639 0.001789 0.003264 0.001001
1.528800 0.000264 -0.004644 -0.002647 0.001790 0.003265 0.001002
1.531500 0.000263 -0.004648 -0.002654 0.001791 0.003265 0.001002
1.534300 0.000263 -0.004651 -0.002661 0.001791 0.003265 0.001002
1.537000 0.000262 -0.004655 -0.002668 0.001792 0.003265 0.001002
1.539700 0.000262 -0.004658 -0.002675 0.001793 0.003265 0.001002
1.542500 0.000262 -0.004661 -0.002683 0.001793 0.003265 0.001003
1.545200 0.000261 -0.004665 -0.002690 0.001794 0.003266 0.001003
1.547900 0.000261 -0.004668 -0.002697 0.001794 0.003266 0.001003
1.550700 0.000261 -0.004672 -0.002705 0.001795 0.003266 0.001003
1.553400 0.000260 -0.004675 -0.002712 0.001796 0.003266 0.001003
1.556200 0.000260 -0.004679 -0.002719 0.001796 0.003266 0.001004
1.558900 0.000259 -0.004682 -0.002726 0.001797 0.003266 0.001004
1.561600 0.000259 -0.004685 -0.002733 0.001798 0.003266 0.001004
1.564400 0.000259 -0.004689 -0.002740 0.001798 0.003267 0.001004
1.567100 0.000258 -0.004692 -0.002747 0.001799 0.003267 0.001005
1.569900 0.000258 -0.004696 -0.002755 0.001799 0.003267 0.001005
1.572600 0.000257 -0.004699 -0.002762 0.001800 0.003267 0.001005
1.575300 0.000257 -0.004702 -0.002769 0.001801 0.003267 0.001006
1.578100 0.000257 -0.004706 -0.002776 0.001801 0.003267 0.001006
1.580800 0.000256 -0.004709 -0.002783 0.001802 0.003267 0.001006
1.586300 0.000255 -0.004716 -0.002797 0.001803 0.003268 0.001007
1.589000 0.000255 -0.004719 -0.002804 0.001804 0.003268 0.001007
1.591800 0.000255 -0.004723 -0.002812 0.001804 0.003268 0.001007
1.594500 0.000254 -0.004726 -0.002818 0.001805 0.003268 0.001008
1.597300 0.000254 -0.004729 -0.002826 0.001805 0.003268 0.001008
1.600000 0.000253 -0.004733 -0.002833 0.001806 0.003268 0.001008
1.602700 0.000253 -0.004736 -0.002840 0.001807 0.003268 0.001009
1.605500 0.000253 -0.004739 -0.002847 0.001807 0.003269 0.001009
1.608200 0.000252 -0.004743 -0.002854 0.001808 0.003269 0.001009
1.611000 0.000252 -0.004746 -0.002861 0.001808 0.003269 0.001010
1.613700 0.000251 -0.004749 -0.002868 0.001809 0.003269 0.001010
1.616400 0.000251 -0.004753 -0.002875 0.001809 0.003269 0.001011
1.619200 0.000250 -0.004756 -0.002882 0.001810 0.003269 0.001011
1.621900 0.000250 -0.004759 -0.002888 0.001811 0.003269 0.001011
1.624700 0.000250 -0.004763 -0.002896 0.001811 0.003269 0.001012
1.627400 0.000249 -0.004766 -0.002902 0.001812 0.003269 0.001012
1.630100 0.000249 -0.004769 -0.002909 0.001812 0.003270 0.001012
1.632900 0.000248 -0.004773 -0.002916 0.001813 0.003270 0.001013
1.635600 0.000248 -0.004776 -0.002923 0.001813 0.003270 0.001013
1.638400 0.000248 -0.004779 -0.002930 0.001814 0.003270 0.001014
1.641100 0.000247 -0.004782 -0.002937 0.001814 0.003270 0.001014
1.643800 0.000247 -0.004786 -0.002944 0.001815 0.003270 0.001014
1.646600 0.000246 -0.004789 -0.002951 0.001815 0.003270 0.001015
1.649300 0.000246 -0.004792 -0.002957 0.001816 0.003270 0.001015
1.652100 0.000245 -0.004796 -0.002964 0.001817 0.003270 0.001016
1.654800 0.000245 -0.004799 -0.002971 0.001817 0.003270 0.001016
1.657500 0.000245 -0.004802 -0.002978 0.001818 0.003271 0.001016
1.660300 0.000244 -0.004805 -0.002985 0.001818 0.003271 0.001017
1.663000 0.000244 -0.004809 -0.002991 0.001819 0.003271 0.001017
1.665800 0.000243 -0.004812 -0.002998 0.001819 0.003271 0.001018
1.668500 0.000243 -0.004815 -0.003005 0.001820 0.003271 0.001018
1.671200 0.000242 -0.004818 -0.003012 0.001820 0.003271 0.001019
1.674000 0.000242 -0.004822 -0.003019 0.001821 0.003271 0.001019
1.676700 0.000242 -0.004825 -0.003025 0.001821 0.003271 0.001020
1.679500 0.000241 -0.004828 -0.003032 0.001822 0.003271 0.001020
1.682200 0.000241 -0.004831 -0.003039 0.001822 0.003271 0.001020
1.684900 0.000240 -0.004835 -0.003045 0.001823 0.003271 0.001021
1.687700 0.000240 -0.004838 -0.003052 0.001823 0.003271 0.001021
1.690400 0.000239 -0.004841 -0.003059 0.001824 0.003272 0.001022
1.693200 0.000239 -0.004844 -0.003066 0.001824 0.003272 0.001022
1.695900 0.000239 -0.004847 -0.003072 0.001825 0.003272 0.001023
1.698600 0.000238 -0.004851 -0.003079 0.001825 0.003272 0.001023
1.701400 0.000238 -0.004854 -0.003086 0.001826 0.003272 0.001024
1.704100 0.000237 -0.004857 -0.003092 0.001826 0.003272 0.001024
1.706900 0.000237 -0.004860 -0.003099 0.001827 0.003272 0.001025
1.709600 0.000236 -0.004864 -0.003105 0.001827 0.003272 0.001025
1.712300 0.000236 -0.004867 -0.003112 0.001828 0.003272 0.001025
1.715100 0.000236 -0.004870 -0.003119 0.001828 0.003272 0.001026
1.717800 0.000235 -0.004873 -0.003125 0.001829 0.003272 0.001026
1.720600 0.000235 -0.004876 -0.003132 0.001829 0.003272 0.001027
1.723300 0.000234 -0.004879 -0.003138 0.001830 0.003272 0.001027
1.726000 0.000234 -0.004883 -0.003145 0.001830 0.003272 0.001028
1.728800 0.000233 -0.004886 -0.003151 0.001830 0.003272 0.001028
1.731500 0.000233 -0.004889 -0.003158 0.001831 0.003272 0.001029
1.734300 0.000232 -0.004892 -0.003164 0.001831 0.003273 0.001029
1.737000 0.000232 -0.004895 -0.003171 0.001832 0.003273 0.001030
1.739700 0.000232 -0.004898 -0.003177 0.001832 0.003273 0.001030
1.742500 0.000231 -0.004902 -0.003184 0.001833 0.003273 0.001031
1.745200 0.000231 -0.004905 -0.003190 0.001833 0.003273 0.001031
1.747900 0.000230 -0.004908 -0.003196 0.001834 0.003273 0.001032
1.750700 0.000230 -0.004911 -0.003203 0.001834 0.003273 0.001032
1.753400 0.000229 -0.004914 -0.003209 0.001835 0.003273 0.001033
1.756100 0.000229 -0.004917 -0.003216 0.001835 0.003273 0.001033
1.758900 0.000228 -0.004921 -0.003222 0.001835 0.003273 0.001034
1.791600 0.000223 -0.004958 -0.003298 0.001841 0.003273 0.001040
1.794400 0.000223 -0.004961 -0.003304 0.001841 0.003273 0.001040
1.797100 0.000222 -0.004964 -0.003310 0.001842 0.003273 0.001041
1.799800 0.000222 -0.004967 -0.003317 0.001842 0.003273 0.001041
1.802600 0.000221 -0.004970 -0.003323 0.001842 0.003273 0.001042
1.805300 0.000221 -0.004973 -0.003329 0.001843 0.003273 0.001042
1.808000 0.000220 -0.004976 -0.003335 0.001843 0.003273 0.001043
1.810800 0.000220 -0.004979 -0.003341 0.001844 0.003273 0.001043
1.813500 0.000219 -0.004983 -0.003348 0.001844 0.003273 0.001044
1.816200 0.000219 -0.004986 -0.003354 0.001844 0.003273 0.001044
1.819000 0.000218 -0.004989 -0.003360 0.001845 0.003273 0.001045
1.821700 0.000218 -0.004992 -0.003366 0.001845 0.003273 0.001045
1.824400 0.000217 -0.004995 -0.003372 0.001846 0.003273 0.001046
1.827200 0.000217 -0.004998 -0.003378 0.001846 0.003273 0.001046
1.829900 0.000216 -0.005001 -0.003384 0.001846 0.003273 0.001047
1.832600 0.000216 -0.005004 -0.003390 0.001847 0.003273 0.001047
1.835400 0.000216 -0.005007 -0.003396 0.001847 0.003273 0.001048
1.838100 0.000215 -0.005010 -0.003402 0.001848 0.003273 0.001048
1.840800 0.000215 -0.005013 -0.003408 0.001848 0.003273 0.001048
1.843600 0.000214 -0.005016 -0.003415 0.001848 0.003273 0.001049
1.846300 0.000214 -0.005019 -0.003421 0.001849 0.003273 0.001049
1.849000 0.000213 -0.005022 -0.003427 0.001849 0.003273 0.001050
1.851800 0.000213 -0.005025 -0.003433 0.001850 0.003273 0.001050
1.854500 0.000212 -0.005028 -0.003439 0.001850 0.003273 0.001051
1.857200 0.000212 -0.005031 -0.003445 0.001850 0.003273 0.001051
1.860000 0.000211 -0.005034 -0.003451 0.001851 0.003273 0.001052
1.862700 0.000211 -0.005037 -0.003457 0.001851 0.003273 0.001052
1.865400 0.000210 -0.005040 -0.003462 0.001851 0.003273 0.001053
1.868100 0.000210 -0.005043 -0.003468 0.001852 0.003273 0.001053
1.870900 0.000209 -0.005046 -0.003474 0.001852 0.003273 0.001054
1.873600 0.000209 -0.005049 -0.003480 0.001852 0.003273 0.001054
1.876300 0.000208 -0.005052 -0.003486 0.001853 0.003273 0.001055
1.879100 0.000208 -0.005055 -0.003492 0.001853 0.003273 0.001055
1.881800 0.000207 -0.005058 -0.003498 0.001854 0.003273 0.001056
1.884500 0.000207 -0.005061 -0.003504 0.001854 0.003273 0.001056
1.887300 0.000206 -0.005064 -0.003510 0.001854 0.003273 0.001057
1.890000 0.000206 -0.005067 -0.003515 0.001855 0.003273 0.001057
1.892700 0.000206 -0.005070 -0.003521 0.001855 0.003273 0.001058
1.895500 0.000205 -0.005073 -0.003527 0.001855 0.003273 0.001058
1.898200 0.000205 -0.005076 -0.003533 0.001856 0.003273 0.001059
1.900900 0.000204 -0.005079 -0.003539 0.001856 0.003273 0.001059
1.903700 0.000204 -0.005082 -0.003544 0.001856 0.003273 0.001059
1.906400 0.000203 -0.005085 -0.003550 0.001857 0.003273 0.001060
1.909100 0.000203 -0.005088 -0.003556 0.001857 0.003273 0.001060
1.911900 0.000202 -0.005091 -0.003562 0.001857 0.003273 0.001061
1.914600 0.000202 -0.005094 -0.003567 0.001858 0.003273 0.001061
1.917300 0.000201 -0.005097 -0.003573 0.001858 0.003273 0.001062
1.920100 0.000201 -0.005100 -0.003579 0.001859 0.003273 0.001062
1.922800 0.000200 -0.005103 -0.003585 0.001859 0.003272 0.001063
1.925500 0.000200 -0.005106 -0.003590 0.001859 0.003272 0.001063
1.928300 0.000199 -0.005109 -0.003596 0.001860 0.003272 0.001064
1.931000 0.000199 -0.005112 -0.003602 0.001860 0.003272 0.001064
1.933700 0.000198 -0.005115 -0.003607 0.001860 0.003272 0.001064
1.936500 0.000198 -0.005118 -0.003613 0.001861 0.003272 0.001065
1.939200 0.000197 -0.005121 -0.003618 0.001861 0.003272 0.001065
1.941900 0.000197 -0.005124 -0.003624 0.001861 0.003272 0.001066
1.944700 0.000196 -0.005127 -0.003630 0.001862 0.003272 0.001066
1.947400 0.000196 -0.005130 -0.003635 0.001862 0.003272 0.001067
1.950100 0.000195 -0.005133 -0.003641 0.001862 0.003272 0.001067
1.952800 0.000195 -0.005136 -0.003646 0.001863 0.003272 0.001067
1.955600 0.000194 -0.005139 -0.003652 0.001863 0.003272 0.001068
1.958300 0.000194 -0.005142 -0.003658 0.001863 0.003272 0.001068
1.961000 0.000193 -0.005144 -0.003663 0.001863 0.003272 0.001069
1.963800 0.000193 -0.005147 -0.003669 0.001864 0.003272 0.001069
1.966500 0.000192 -0.005150 -0.003674 0.001864 0.003272 0.001069
1.969200 0.000192 -0.005153 -0.003680 0.001864 0.003271 0.001070
1.972000 0.000191 -0.005156 -0.003685 0.001865 0.003271 0.001070
1.974700 0.000191 -0.005159 -0.003691 0.001865 0.003271 0.001071
1.977400 0.000190 -0.005162 -0.003696 0.001865 0.003271 0.001071
1.980200 0.000190 -0.005165 -0.003702 0.001866 0.003271 0.001072
1.982900 0.000189 -0.005168 -0.003707 0.001866 0.003271 0.001072
1.985600 0.000189 -0.005171 -0.003712 0.001866 0.003271 0.001072
1.988400 0.000188 -0.005174 -0.003718 0.001867 0.003271 0.001073
1.991100 0.000188 -0.005177 -0.003723 0.001867 0.003271 0.001073
1.993800 0.000187 -0.005180 -0.003729 0.001867 0.003271 0.001073
1.996600 0.000187 -0.005182 -0.003734 0.001868 0.003271 0.001074
1.999300 0.000186 -0.005185 -0.003739 0.001868 0.003271 0.001074
2.002000 0.000186 -0.005188 -0.003745 0.001868 0.003271 0.001075
2.004800 0.000185 -0.005191 -0.003750 0.001868 0.003270 0.001075
2.007500 0.000185 -0.005194 -0.003755 0.001869 0.003270 0.001075
2.010200 0.000184 -0.005197 -0.003761 0.001869 0.003270 0.001076
2.013000 0.000184 -0.005200 -0.003766 0.001869 0.003270 0.001076
2.034800 0.000180 -0.005223 -0.003808 0.001872 0.003269 0.001079
2.037500 0.000179 -0.005226 -0.003813 0.001872 0.003269 0.001079
2.040300 0.000179 -0.005229 -0.003819 0.001872 0.003269 0.001080
2.043000 0.000178 -0.005232 -0.003824 0.001873 0.003269 0.001080
2.045700 0.000178 -0.005234 -0.003829 0.001873 0.003269 0.001080
2.048500 0.000177 -0.005237 -0.003834 0.001873 0.003269 0.001081
2.051200 0.000177 -0.005240 -0.003839 0.001873 0.003269 0.001081
2.067600 0.000173 -0.005257 -0.003870 0.001875 0.003268 0.001083
2.070300 0.000173 -0.005260 -0.003875 0.001875 0.003268 0.001083
2.073100 0.000172 -0.005263 -0.003880 0.001876 0.003268 0.001083
2.100400 0.000167 -0.005291 -0.003930 0.001878 0.003267 0.001086
2.103100 0.000167 -0.005294 -0.003935 0.001878 0.003267 0.001087
2.105900 0.000166 -0.005297 -0.003940 0.001879 0.003266 0.001087
2.108600 0.000166 -0.005300 -0.003945 0.001879 0.003266 0.001087
2.111300 0.000165 -0.005303 -0.003950 0.001879 0.003266 0.001087
2.114100 0.000164 -0.005306 -0.003955 0.001880 0.003266 0.001088
2.116800 0.000164 -0.005308 -0.003959 0.001880 0.003266 0.001088
2.119500 0.000163 -0.005311 -0.003964 0.001880 0.003266 0.001088
2.122200 0.000163 -0.005314 -0.003969 0.001880 0.003266 0.001088
2.125000 0.000162 -0.005317 -0.003974 0.001881 0.003265 0.001089
2.127700 0.000162 -0.005320 -0.003979 0.001881 0.003265 0.001089
2.130400 0.000161 -0.005322 -0.003983 0.001881 0.003265 0.001089
2.133200 0.000161 -0.005325 -0.003988 0.001881 0.003265 0.001089
2.135900 0.000160 -0.005328 -0.003993 0.001882 0.003265 0.001090
2.138600 0.000160 -0.005331 -0.003998 0.001882 0.003265 0.001090
2.141400 0.000159 -0.005334 -0.004003 0.001882 0.003265 0.001090
2.146800 0.000158 -0.005339 -0.004012 0.001883 0.003264 0.001090
2.149600 0.000158 -0.005342 -0.004017 0.001883 0.003264 0.001091
2.152300 0.000157 -0.005345 -0.004022 0.001883 0.003264 0.001091
2.155000 0.000157 -0.005348 -0.004026 0.001883 0.003264 0.001091
2.157800 0.000156 -0.005350 -0.004031 0.001883 0.003264 0.001091
2.160500 0.000155 -0.005353 -0.004036 0.001884 0.003264 0.001091
2.163200 0.000155 -0.005356 -0.004040 0.001884 0.003263 0.001092
2.166000 0.000154 -0.005359 -0.004045 0.001884 0.003263 0.001092
2.168700 0.000154 -0.005362 -0.004050 0.001884 0.003263 0.001092
2.171400 0.000153 -0.005364 -0.004054 0.001885 0.003263 0.001092
2.174200 0.000153 -0.005367 -0.004059 0.001885 0.003263 0.001092
2.176900 0.000152 -0.005370 -0.004063 0.001885 0.003263 0.001093
2.179600 0.000152 -0.005373 -0.004068 0.001885 0.003262 0.001093
2.182400 0.000151 -0.005375 -0.004073 0.001886 0.003262 0.001093
2.185100 0.000151 -0.005378 -0.004077 0.001886 0.003262 0.001093
2.187800 0.000150 -0.005381 -0.004082 0.001886 0.003262 0.001093
2.190600 0.000149 -0.005384 -0.004086 0.001886 0.003262 0.001093
2.193300 0.000149 -0.005387 -0.004091 0.001887 0.003262 0.001094
2.196000 0.000148 -0.005389 -0.004095 0.001887 0.003262 0.001094
2.198800 0.000148 -0.005392 -0.004100 0.001887 0.003261 0.001094
2.201500 0.000147 -0.005395 -0.004105 0.001887 0.003261 0.001094
2.204200 0.000147 -0.005398 -0.004109 0.001887 0.003261 0.001094
2.206900 0.000146 -0.005400 -0.004113 0.001888 0.003261 0.001094
2.209700 0.000146 -0.005403 -0.004118 0.001888 0.003261 0.001094
2.212400 0.000145 -0.005406 -0.004122 0.001888 0.003260 0.001095
2.215100 0.000145 -0.005409 -0.004127 0.001888 0.003260 0.001095
2.217900 0.000144 -0.005411 -0.004131 0.001889 0.003260 0.001095
2.220600 0.000144 -0.005414 -0.004136 0.001889 0.003260 0.001095
2.223300 0.000143 -0.005417 -0.004140 0.001889 0.003260 0.001095
2.226100 0.000142 -0.005420 -0.004145 0.001889 0.003260 0.001095
2.228800 0.000142 -0.005422 -0.004149 0.001889 0.003259 0.001095
2.231500 0.000141 -0.005425 -0.004153 0.001890 0.003259 0.001095
2.234300 0.000141 -0.005428 -0.004158 0.001890 0.003259 0.001095
2.237000 0.000140 -0.005431 -0.004162 0.001890 0.003259 0.001096
2.239700 0.000140 -0.005433 -0.004166 0.001890 0.003259 0.001096
2.242500 0.000139 -0.005436 -0.004171 0.001891 0.003259 0.001096
2.245200 0.000139 -0.005439 -0.004175 0.001891 0.003258 0.001096
2.247900 0.000138 -0.005442 -0.004179 0.001891 0.003258 0.001096
2.250700 0.000137 -0.005444 -0.004184 0.001891 0.003258 0.001096
2.253400 0.000137 -0.005447 -0.004188 0.001891 0.003258 0.001096
2.256100 0.000136 -0.005450 -0.004192 0.001892 0.003258 0.001096
2.258900 0.000136 -0.005453 -0.004197 0.001892 0.003257 0.001096
2.261600 0.000135 -0.005455 -0.004201 0.001892 0.003257 0.001096
2.264300 0.000135 -0.005458 -0.004205 0.001892 0.003257 0.001096
2.267100 0.000134 -0.005461 -0.004209 0.001892 0.003257 0.001096
2.269800 0.000134 -0.005464 -0.004214 0.001893 0.003257 0.001096
2.272500 0.000133 -0.005466 -0.004218 0.001893 0.003256 0.001096
2.275300 0.000132 -0.005469 -0.004222 0.001893 0.003256 0.001097
2.278000 0.000132 -0.005472 -0.004226 0.001893 0.003256 0.001097
2.280700 0.000131 -0.005474 -0.004230 0.001893 0.003256 0.001097
2.283400 0.000131 -0.005477 -0.004234 0.001894 0.003256 0.001097
2.286200 0.000130 -0.005480 -0.004239 0.001894 0.003255 0.001097
2.288900 0.000130 -0.005483 -0.004243 0.001894 0.003255 0.001097
2.291600 0.000129 -0.005485 -0.004247 0.001894 0.003255 0.001097
2.294400 0.000129 -0.005488 -0.004251 0.001895 0.003255 0.001097
2.297100 0.000128 -0.005491 -0.004255 0.001895 0.003255 0.001097
2.299800 0.000127 -0.005493 -0.004259 0.001895 0.003254 0.001097
2.302600 0.000127 -0.005496 -0.004263 0.001895 0.003254 0.001097
2.305300 0.000126 -0.005499 -0.004267 0.001895 0.003254 0.001097
2.308000 0.000126 -0.005502 -0.004271 0.001896 0.003254 0.001097
2.310800 0.000125 -0.005504 -0.004276 0.001896 0.003254 0.001097
2.313500 0.000125 -0.005507 -0.004280 0.001896 0.003253 0.001097
2.316200 0.000124 -0.005510 -0.004284 0.001896 0.003253 0.001097
2.319000 0.000123 -0.005513 -0.004288 0.001896 0.003253 0.001097
2.321700 0.000123 -0.005515 -0.004292 0.001897 0.003253 0.001097
2.324400 0.000122 -0.005518 -0.004296 0.001897 0.003253 0.001097
2.327200 0.000122 -0.005521 -0.004300 0.001897 0.003252 0.001097
2.329900 0.000121 -0.005523 -0.004304 0.001897 0.003252 0.001097
2.332600 0.000121 -0.005526 -0.004308 0.001897 0.003252 0.001097
2.335400 0.000120 -0.005529 -0.004312 0.001897 0.003252 0.001097
2.338100 0.000120 -0.005531 -0.004315 0.001898 0.003251 0.001097
2.340800 0.000119 -0.005534 -0.004319 0.001898 0.003251 0.001097
2.343600 0.000118 -0.005537 -0.004323 0.001898 0.003251 0.001097
2.346300 0.000118 -0.005539 -0.004327 0.001898 0.003251 0.001097
2.349000 0.000117 -0.005542 -0.004331 0.001898 0.003251 0.001097
2.351800 0.000117 -0.005545 -0.004335 0.001899 0.003250 0.001097
2.354500 0.000116 -0.005548 -0.004339 0.001899 0.003250 0.001096
2.357200 0.000116 -0.005550 -0.004343 0.001899 0.003250 0.001096
2.360000 0.000115 -0.005553 -0.004347 0.001899 0.003250 0.001096
2.362700 0.000114 -0.005556 -0.004350 0.001899 0.003249 0.001096
2.365400 0.000114 -0.005558 -0.004354 0.001900 0.003249 0.001096
2.368100 0.000113 -0.005561 -0.004358 0.001900 0.003249 0.001096
2.370900 0.000113 -0.005564 -0.004362 0.001900 0.003249 0.001096
2.373600 0.000112 -0.005566 -0.004366 0.001900 0.003248 0.001096
2.376300 0.000112 -0.005569 -0.004369 0.001900 0.003248 0.001096
2.379100 0.000111 -0.005572 -0.004373 0.001901 0.003248 0.001096
2.381800 0.000110 -0.005574 -0.004377 0.001901 0.003248 0.001096
2.384500 0.000110 -0.005577 -0.004381 0.001901 0.003248 0.001096
2.387300 0.000109 -0.005580 -0.004385 0.001901 0.003247 0.001096
2.390000 0.000109 -0.005582 -0.004388 0.001901 0.003247 0.001096
2.392700 0.000108 -0.005585 -0.004392 0.001901 0.003247 0.001095
2.395500 0.000107 -0.005588 -0.004396 0.001902 0.003247 0.001095
2.398200 0.000107 -0.005590 -0.004399 0.001902 0.003246 0.001095
2.400900 0.000106 -0.005593 -0.004403 0.001902 0.003246 0.001095
2.403700 0.000106 -0.005596 -0.004407 0.001902 0.003246 0.001095
2.406400 0.000105 -0.005598 -0.004410 0.001902 0.003246 0.001095
2.409100 0.000105 -0.005601 -0.004414 0.001903 0.003245 0.001095
2.411900 0.000104 -0.005604 -0.004418 0.001903 0.003245 0.001095
2.414600 0.000103 -0.005606 -0.004421 0.001903 0.003245 0.001095
2.417300 0.000103 -0.005609 -0.004425 0.001903 0.003245 0.001094
2.420100 0.000102 -0.005612 -0.004429 0.001903 0.003244 0.001094
2.422800 0.000102 -0.005614 -0.004432 0.001903 0.003244 0.001094
2.425500 0.000101 -0.005617 -0.004436 0.001904 0.003244 0.001094
2.428300 0.000101 -0.005620 -0.004439 0.001904 0.003244 0.001094
2.431000 0.000100 -0.005622 -0.004443 0.001904 0.003243 0.001094
2.433700 0.000099 -0.005625 -0.004446 0.001904 0.003243 0.001094
2.436500 0.000099 -0.005628 -0.004450 0.001904 0.003243 0.001093
2.439200 0.000098 -0.005630 -0.004454 0.001905 0.003243 0.001093
2.441900 0.000098 -0.005633 -0.004457 0.001905 0.003242 0.001093
2.444700 0.000097 -0.005636 -0.004461 0.001905 0.003242 0.001093
2.447400 0.000096 -0.005638 -0.004464 0.001905 0.003242 0.001093
2.450100 0.000096 -0.005641 -0.004468 0.001905 0.003242 0.001093
2.452800 0.000095 -0.005644 -0.004471 0.001905 0.003241 0.001093
2.455600 0.000095 -0.005646 -0.004474 0.001906 0.003241 0.001092
2.458300 0.000094 -0.005649 -0.004478 0.001906 0.003241 0.001092
2.461000 0.000094 -0.005651 -0.004481 0.001906 0.003241 0.001092
2.463800 0.000093 -0.005654 -0.004485 0.001906 0.003240 0.001092
2.466500 0.000092 -0.005657 -0.004488 0.001906 0.003240 0.001092
2.469200 0.000092 -0.005659 -0.004492 0.001906 0.003240 0.001091
2.472000 0.000091 -0.005662 -0.004495 0.001907 0.003240 0.001091
2.474700 0.000091 -0.005665 -0.004498 0.001907 0.003239 0.001091
2.477400 0.000090 -0.005667 -0.004502 0.001907 0.003239 0.001091
2.480200 0.000089 -0.005670 -0.004505 0.001907 0.003239 0.001091
2.482900 0.000089 -0.005673 -0.004509 0.001907 0.003239 0.001091
2.485600 0.000088 -0.005675 -0.004512 0.001907 0.003238 0.001090
2.488400 0.000088 -0.005678 -0.004515 0.001908 0.003238 0.001090
2.491100 0.000087 -0.005681 -0.004519 0.001908 0.003238 0.001090
2.493800 0.000086 -0.005683 -0.004522 0.001908 0.003237 0.001090
2.496600 0.000086 -0.005686 -0.004525 0.001908 0.003237 0.001090
2.499300 0.000085 -0.005688 -0.004528 0.001908 0.003237 0.001089
2.502000 0.000085 -0.005691 -0.004532 0.001908 0.003237 0.001089
2.504800 0.000084 -0.005694 -0.004535 0.001909 0.003236 0.001089
2.507500 0.000083 -0.005696 -0.004538 0.001909 0.003236 0.001089
2.510200 0.000083 -0.005699 -0.004542 0.001909 0.003236 0.001088
2.513000 0.000082 -0.005702 -0.004545 0.001909 0.003236 0.001088
2.515700 0.000082 -0.005704 -0.004548 0.001909 0.003235 0.001088
2.518400 0.000081 -0.005707 -0.004551 0.001909 0.003235 0.001088
2.521200 0.000081 -0.005710 -0.004554 0.001910 0.003235 0.001088
2.523900 0.000080 -0.005712 -0.004558 0.001910 0.003234 0.001087
2.526600 0.000079 -0.005715 -0.004561 0.001910 0.003234 0.001087
2.529400 0.000079 -0.005717 -0.004564 0.001910 0.003234 0.001087
2.532100 0.000078 -0.005720 -0.004567 0.001910 0.003234 0.001087
2.534800 0.000078 -0.005723 -0.004570 0.001910 0.003233 0.001086
2.537500 0.000077 -0.005725 -0.004573 0.001911 0.003233 0.001086
2.540300 0.000076 -0.005728 -0.004577 0.001911 0.003233 0.001086
2.543000 0.000076 -0.005730 -0.004580 0.001911 0.003233 0.001086
2.545700 0.000075 -0.005733 -0.004583 0.001911 0.003232 0.001085
2.548500 0.000075 -0.005736 -0.004586 0.001911 0.003232 0.001085
2.551200 0.000074 -0.005738 -0.004589 0.001911 0.003232 0.001085
2.553900 0.000073 -0.005741 -0.004592 0.001912 0.003231 0.001085
2.556700 0.000073 -0.005744 -0.004595 0.001912 0.003231 0.001084
2.559400 0.000072 -0.005746 -0.004598 0.001912 0.003231 0.001084
2.562100 0.000072 -0.005749 -0.004601 0.001912 0.003231 0.001084
2.564900 0.000071 -0.005751 -0.004604 0.001912 0.003230 0.001084
2.567600 0.000070 -0.005754 -0.004607 0.001912 0.003230 0.001083
2.570300 0.000070 -0.005757 -0.004610 0.001913 0.003230 0.001083
2.573100 0.000069 -0.005759 -0.004613 0.001913 0.003229 0.001083
2.575800 0.000069 -0.005762 -0.004616 0.001913 0.003229 0.001082
2.578500 0.000068 -0.005764 -0.004619 0.001913 0.003229 0.001082
2.581300 0.000067 -0.005767 -0.004622 0.001913 0.003228 0.001082
2.584000 0.000067 -0.005770 -0.004625 0.001913 0.003228 0.001082
2.586700 0.000066 -0.005772 -0.004628 0.001914 0.003228 0.001081
2.589500 0.000066 -0.005775 -0.004631 0.001914 0.003228 0.001081
2.592200 0.000065 -0.005777 -0.004634 0.001914 0.003227 0.001081
2.594900 0.000064 -0.005780 -0.004637 0.001914 0.003227 0.001080
2.597700 0.000064 -0.005783 -0.004640 0.001914 0.003227 0.001080
2.600400 0.000063 -0.005785 -0.004643 0.001914 0.003226 0.001080
2.603100 0.000063 -0.005788 -0.004646 0.001915 0.003226 0.001079
2.605900 0.000062 -0.005790 -0.004649 0.001915 0.003226 0.001079
2.608600 0.000061 -0.005793 -0.004652 0.001915 0.003226 0.001079
2.611300 0.000061 -0.005796 -0.004654 0.001915 0.003225 0.001079
2.614100 0.000060 -0.005798 -0.004657 0.001915 0.003225 0.001078
2.616800 0.000059 -0.005801 -0.004660 0.001915 0.003225 0.001078
2.619500 0.000059 -0.005803 -0.004663 0.001916 0.003224 0.001078
2.622200 0.000058 -0.005806 -0.004666 0.001916 0.003224 0.001077
2.625000 0.000058 -0.005809 -0.004669 0.001916 0.003224 0.001077
2.627700 0.000057 -0.005811 -0.004671 0.001916 0.003223 0.001077
2.630400 0.000056 -0.005814 -0.004674 0.001916 0.003223 0.001076
2.633200 0.000056 -0.005816 -0.004677 0.001916 0.003223 0.001076
2.635900 0.000055 -0.005819 -0.004680 0.001916 0.003222 0.001076
2.638600 0.000055 -0.005821 -0.004682 0.001917 0.003222 0.001075
2.641400 0.000054 -0.005824 -0.004685 0.001917 0.003222 0.001075
2.644100 0.000053 -0.005827 -0.004688 0.001917 0.003222 0.001075
2.646800 0.000053 -0.005829 -0.004691 0.001917 0.003221 0.001074
2.649600 0.000052 -0.005832 -0.004693 0.001917 0.003221 0.001074
2.652300 0.000052 -0.005834 -0.004696 0.001917 0.003221 0.001074
2.655000 0.000051 -0.005837 -0.004699 0.001918 0.003220 0.001073
2.657800 0.000050 -0.005840 -0.004701 0.001918 0.003220 0.001073
2.660500 0.000050 -0.005842 -0.004704 0.001918 0.003220 0.001073
2.663200 0.000049 -0.005845 -0.004707 0.001918 0.003219 0.001072
2.666000 0.000048 -0.005847 -0.004709 0.001918 0.003219 0.001072
2.668700 0.000048 -0.005850 -0.004712 0.001918 0.003219 0.001072
2.671400 0.000047 -0.005852 -0.004715 0.001919 0.003218 0.001071
2.674200 0.000047 -0.005855 -0.004717 0.001919 0.003218 0.001071
2.676900 0.000046 -0.005858 -0.004720 0.001919 0.003218 0.001071
2.679600 0.000045 -0.005860 -0.004722 0.001919 0.003218 0.001070
2.682400 0.000045 -0.005863 -0.004725 0.001919 0.003217 0.001070
2.685100 0.000044 -0.005865 -0.004728 0.001919 0.003217 0.001070
2.687800 0.000044 -0.005868 -0.004730 0.001919 0.003217 0.001069
2.690600 0.000043 -0.005871 -0.004733 0.001920 0.003216 0.001069
2.693300 0.000042 -0.005873 -0.004735 0.001920 0.003216 0.001069
2.696000 0.000042 -0.005876 -0.004738 0.001920 0.003216 0.001068
2.698800 0.000041 -0.005878 -0.004740 0.001920 0.003215 0.001068
2.701500 0.000040 -0.005881 -0.004743 0.001920 0.003215 0.001068
2.704200 0.000040 -0.005883 -0.004745 0.001920 0.003215 0.001067
2.706900 0.000039 -0.005886 -0.004748 0.001921 0.003214 0.001067
2.709700 0.000039 -0.005889 -0.004750 0.001921 0.003214 0.001066
2.712400 0.000038 -0.005891 -0.004753 0.001921 0.003214 0.001066
2.715100 0.000037 -0.005894 -0.004755 0.001921 0.003213 0.001066
2.717900 0.000037 -0.005896 -0.004758 0.001921 0.003213 0.001065
2.720600 0.000036 -0.005899 -0.004760 0.001921 0.003213 0.001065
2.723300 0.000035 -0.005901 -0.004763 0.001922 0.003212 0.001065
2.726100 0.000035 -0.005904 -0.004765 0.001922 0.003212 0.001064
2.728800 0.000034 -0.005907 -0.004768 0.001922 0.003212 0.001064
2.731500 0.000034 -0.005909 -0.004770 0.001922 0.003211 0.001064
2.734300 0.000033 -0.005912 -0.004772 0.001922 0.003211 0.001063
2.737000 0.000032 -0.005914 -0.004775 0.001922 0.003211 0.001063
2.739700 0.000032 -0.005917 -0.004777 0.001922 0.003210 0.001062
2.742500 0.000031 -0.005919 -0.004780 0.001923 0.003210 0.001062
2.745200 0.000030 -0.005922 -0.004782 0.001923 0.003210 0.001062
2.747900 0.000030 -0.005924 -0.004784 0.001923 0.003209 0.001061
2.750700 0.000029 -0.005927 -0.004787 0.001923 0.003209 0.001061
2.753400 0.000029 -0.005930 -0.004789 0.001923 0.003209 0.001061
2.756200 0.000028 -0.005932 -0.004791 0.001923 0.003208 0.001060
2.758900 0.000027 -0.005935 -0.004794 0.001924 0.003208 0.001060
2.761600 0.000027 -0.005937 -0.004796 0.001924 0.003208 0.001060
2.764400 0.000026 -0.005940 -0.004798 0.001924 0.003207 0.001059
2.767100 0.000025 -0.005942 -0.004801 0.001924 0.003207 0.001059
2.769900 0.000025 -0.005945 -0.004803 0.001924 0.003207 0.001058
2.772600 0.000024 -0.005948 -0.004805 0.001924 0.003206 0.001058
2.775300 0.000024 -0.005950 -0.004807 0.001925 0.003206 0.001058
2.778100 0.000023 -0.005953 -0.004810 0.001925 0.003206 0.001057
2.780800 0.000022 -0.005955 -0.004812 0.001925 0.003205 0.001057
2.783600 0.000022 -0.005958 -0.004814 0.001925 0.003205 0.001056
2.786300 0.000021 -0.005960 -0.004816 0.001925 0.003205 0.001056
2.791800 0.000020 -0.005965 -0.004821 0.001925 0.003204 0.001055
2.794500 0.000019 -0.005968 -0.004823 0.001926 0.003204 0.001055
2.797300 0.000018 -0.005971 -0.004825 0.001926 0.003203 0.001055
2.800000 0.000018 -0.005973 -0.004827 0.001926 0.003203 0.001054
2.802700 0.000017 -0.005976 -0.004829 0.001926 0.003203 0.001054
2.805500 0.000017 -0.005978 -0.004832 0.001926 0.003202 0.001053
2.808200 0.000016 -0.005981 -0.004834 0.001926 0.003202 0.001053
2.811000 0.000015 -0.005983 -0.004836 0.001927 0.003202 0.001053
2.813700 0.000015 -0.005986 -0.004838 0.001927 0.003201 0.001052
2.816400 0.000014 -0.005988 -0.004840 0.001927 0.003201 0.001052
2.819200 0.000013 -0.005991 -0.004842 0.001927 0.003201 0.001052
2.821900 0.000013 -0.005994 -0.004844 0.001927 0.003200 0.001051
2.824700 0.000012 -0.005996 -0.004846 0.001927 0.003200 0.001051
2.827400 0.000012 -0.005999 -0.004848 0.001928 0.003200 0.001050
2.830100 0.000011 -0.006001 -0.004850 0.001928 0.003199 0.001050
2.832900 0.000010 -0.006004 -0.004853 0.001928 0.003199 0.001050
2.835600 0.000010 -0.006006 -0.004855 0.001928 0.003199 0.001049
2.838400 0.000009 -0.006009 -0.004857 0.001928 0.003198 0.001049
2.841100 0.000008 -0.006011 -0.004859 0.001928 0.003198 0.001049
2.843800 0.000008 -0.006014 -0.004861 0.001928 0.003197 0.001048
2.846600 0.000007 -0.006016 -0.004863 0.001929 0.003197 0.001048
2.849300 0.000006 -0.006019 -0.004865 0.001929 0.003197 0.001047
2.852100 0.000006 -0.006022 -0.004867 0.001929 0.003196 0.001047
2.854800 0.000005 -0.006024 -0.004869 0.001929 0.003196 0.001047
2.857500 0.000005 -0.006027 -0.004871 0.001929 0.003196 0.001046
2.860300 0.000004 -0.006029 -0.004873 0.001929 0.003195 0.001046
2.863000 0.000003 -0.006032 -0.004875 0.001930 0.003195 0.001046
2.865800 0.000003 -0.006034 -0.004877 0.001930 0.003195 0.001045
2.868500 0.000002 -0.006037 -0.004878 0.001930 0.003194 0.001045
2.871200 0.000001 -0.006039 -0.004880 0.001930 0.003194 0.001044
2.874000 0.000001 -0.006042 -0.004882 0.001930 0.003194 0.001044
2.876700 0.000000 -0.006044 -0.004884 0.001930 0.003193 0.001044
2.879500 -0.000001 -0.006047 -0.004886 0.001931 0.003193 0.001043
2.882200 -0.000001 -0.006050 -0.004888 0.001931 0.003193 0.001043
2.884900 -0.000002 -0.006052 -0.004890 0.001931 0.003192 0.001043
2.887700 -0.000003 -0.006055 -0.004892 0.001931 0.003192 0.001042
2.890400 -0.000003 -0.006057 -0.004894 0.001931 0.003191 0.001042
2.893200 -0.000004 -0.006060 -0.004895 0.001931 0.003191 0.001041
2.895900 -0.000004 -0.006062 -0.004897 0.001932 0.003191 0.001041
2.898600 -0.000005 -0.006065 -0.004899 0.001932 0.003190 0.001041
2.901400 -0.000006 -0.006067 -0.004901 0.001932 0.003190 0.001040
2.904100 -0.000006 -0.006070 -0.004903 0.001932 0.003190 0.001040
2.906900 -0.000007 -0.006072 -0.004904 0.001932 0.003189 0.001040
2.909600 -0.000008 -0.006075 -0.004906 0.001932 0.003189 0.001039
2.912300 -0.000008 -0.006077 -0.004908 0.001933 0.003189 0.001039
2.915100 -0.000009 -0.006080 -0.004910 0.001933 0.003188 0.001039
2.917800 -0.000010 -0.006082 -0.004912 0.001933 0.003188 0.001038
2.920600 -0.000010 -0.006085 -0.004913 0.001933 0.003187 0.001038
2.923300 -0.000011 -0.006088 -0.004915 0.001933 0.003187 0.001038
2.926000 -0.000012 -0.006090 -0.004917 0.001933 0.003187 0.001037
2.928800 -0.000012 -0.006093 -0.004919 0.001934 0.003186 0.001037
2.931500 -0.000013 -0.006095 -0.004920 0.001934 0.003186 0.001036
2.934300 -0.000014 -0.006098 -0.004922 0.001934 0.003186 0.001036
2.937000 -0.000014 -0.006100 -0.004924 0.001934 0.003185 0.001036
2.939700 -0.000015 -0.006103 -0.004925 0.001934 0.003185 0.001035
2.942500 -0.000015 -0.006105 -0.004927 0.001934 0.003185 0.001035
2.945200 -0.000016 -0.006108 -0.004929 0.001935 0.003184 0.001035
2.947900 -0.000017 -0.006110 -0.004930 0.001935 0.003184 0.001034
2.950700 -0.000017 -0.006113 -0.004932 0.001935 0.003183 0.001034
2.953400 -0.000018 -0.006115 -0.004934 0.001935 0.003183 0.001034
2.956200 -0.000019 -0.006118 -0.004935 0.001935 0.003183 0.001033
2.958900 -0.000019 -0.006120 -0.004937 0.001935 0.003182 0.001033
2.961600 -0.000020 -0.006123 -0.004938 0.001936 0.003182 0.001033
2.964400 -0.000021 -0.006125 -0.004940 0.001936 0.003182 0.001032
2.967100 -0.000021 -0.006128 -0.004942 0.001936 0.003181 0.001032
2.969900 -0.000022 -0.006131 -0.004943 0.001936 0.003181 0.001032
2.972600 -0.000023 -0.006133 -0.004945 0.001936 0.003181 0.001032
2.975300 -0.000023 -0.006136 -0.004946 0.001936 0.003180 0.001031
2.978100 -0.000024 -0.006138 -0.004948 0.001937 0.003180 0.001031
2.980800 -0.000025 -0.006141 -0.004949 0.001937 0.003179 0.001031
2.983600 -0.000025 -0.006143 -0.004951 0.001937 0.003179 0.001030
2.986300 -0.000026 -0.006146 -0.004953 0.001937 0.003179 0.001030
2.989000 -0.000027 -0.006148 -0.004954 0.001937 0.003178 0.001030
2.991800 -0.000027 -0.006151 -0.004956 0.001937 0.003178 0.001029
2.994500 -0.000028 -0.006153 -0.004957 0.001938 0.003178 0.001029
2.997300 -0.000029 -0.006156 -0.004959 0.001938 0.003177 0.001029
3.000000 -0.000029 -0.006158 -0.004960 0.001938 0.003177 0.001028
3.002700 -0.000030 -0.006161 -0.004962 0.001938 0.003176 0.001028
3.005500 -0.000031 -0.006163 -0.004963 0.001938 0.003176 0.001028
3.008200 -0.000031 -0.006166 -0.004964 0.001938 0.003176 0.001028
3.011000 -0.000032 -0.006168 -0.004966 0.001939 0.003175 0.001027
3.013700 -0.000032 -0.006171 -0.004967 0.001939 0.003175 0.001027
3.016400 -0.000033 -0.006173 -0.004969 0.001939 0.003175 0.001027
3.019200 -0.000034 -0.006176 -0.004970 0.001939 0.003174 0.001026
3.021900 -0.000034 -0.006178 -0.004972 0.001939 0.003174 0.001026
3.024700 -0.000035 -0.006181 -0.004973 0.001940 0.003173 0.001026
3.027400 -0.000036 -0.006183 -0.004974 0.001940 0.003173 0.001026
3.030100 -0.000036 -0.006186 -0.004976 0.001940 0.003173 0.001025
3.032900 -0.000037 -0.006188 -0.004977 0.001940 0.003172 0.001025
3.035600 -0.000038 -0.006191 -0.004979 0.001940 0.003172 0.001025
3.038400 -0.000038 -0.006194 -0.004980 0.001940 0.003172 0.001025
3.041100 -0.000039 -0.006196 -0.004981 0.001941 0.003171 0.001024
3.043800 -0.000040 -0.006198 -0.004983 0.001941 0.003171 0.001024
3.046600 -0.000040 -0.006201 -0.004984 0.001941 0.003170 0.001024
3.049300 -0.000041 -0.006204 -0.004985 0.001941 0.003170 0.001024
3.052100 -0.000042 -0.006206 -0.004987 0.001941 0.003170 0.001023
3.054800 -0.000042 -0.006209 -0.004988 0.001941 0.003169 0.001023
3.057500 -0.000043 -0.006211 -0.004989 0.001942 0.003169 0.001023
3.060300 -0.000044 -0.006214 -0.004990 0.001942 0.003169 0.001023
3.063000 -0.000044 -0.006216 -0.004992 0.001942 0.003168 0.001022
3.065800 -0.000045 -0.006219 -0.004993 0.001942 0.003168 0.001022
3.068500 -0.000046 -0.006221 -0.004994 0.001942 0.003167 0.001022
3.071200 -0.000046 -0.006224 -0.004996 0.001943 0.003167 0.001022
3.074000 -0.000047 -0.006226 -0.004997 0.001943 0.003167 0.001021
3.076700 -0.000048 -0.006229 -0.004998 0.001943 0.003166 0.001021
3.079500 -0.000048 -0.006231 -0.004999 0.001943 0.003166 0.001021
3.082200 -0.000049 -0.006234 -0.005000 0.001943 0.003166 0.001021
3.084900 -0.000050 -0.006236 -0.005002 0.001943 0.003165 0.001021
3.087700 -0.000050 -0.006239 -0.005003 0.001944 0.003165 0.001020
3.090400 -0.000051 -0.006241 -0.005004 0.001944 0.003164 0.001020
3.093200 -0.000052 -0.006244 -0.005005 0.001944 0.003164 0.001020
3.095900 -0.000052 -0.006246 -0.005006 0.001944 0.003164 0.001020
3.098600 -0.000053 -0.006249 -0.005008 0.001944 0.003163 0.001020
3.101400 -0.000054 -0.006251 -0.005009 0.001945 0.003163 0.001020
3.104100 -0.000054 -0.006254 -0.005010 0.001945 0.003163 0.001019
3.106900 -0.000055 -0.006256 -0.005011 0.001945 0.003162 0.001019
3.109600 -0.000056 -0.006259 -0.005012 0.001945 0.003162 0.001019
3.112300 -0.000056 -0.006261 -0.005013 0.001945 0.003161 0.001019
3.115100 -0.000057 -0.006264 -0.005014 0.001946 0.003161 0.001019
3.117800 -0.000058 -0.006266 -0.005015 0.001946 0.003161 0.001019
3.120600 -0.000058 -0.006269 -0.005017 0.001946 0.003160 0.001018
3.123300 -0.000059 -0.006271 -0.005018 0.001946 0.003160 0.001018
3.126000 -0.000060 -0.006274 -0.005019 0.001946 0.003159 0.001018
3.128800 -0.000060 -0.006276 -0.005020 0.001946 0.003159 0.001018
3.131500 -0.000061 -0.006279 -0.005021 0.001947 0.003159 0.001018
3.134300 -0.000062 -0.006281 -0.005022 0.001947 0.003158 0.001018
3.137000 -0.000062 -0.006284 -0.005023 0.001947 0.003158 0.001018
3.139700 -0.000063 -0.006286 -0.005024 0.001947 0.003158 0.001018
3.142500 -0.000064 -0.006289 -0.005025 0.001947 0.003157 0.001017
3.145200 -0.000064 -0.006291 -0.005026 0.001948 0.003157 0.001017
3.147900 -0.000065 -0.006294 -0.005027 0.001948 0.003156 0.001017
3.150700 -0.000066 -0.006296 -0.005028 0.001948 0.003156 0.001017
3.153400 -0.000066 -0.006299 -0.005029 0.001948 0.003156 0.001017
3.156200 -0.000067 -0.006301 -0.005030 0.001948 0.003155 0.001017
3.158900 -0.000068 -0.006304 -0.005031 0.001949 0.003155 0.001017
3.161600 -0.000068 -0.006306 -0.005032 0.001949 0.003154 0.001017
3.164400 -0.000069 -0.006309 -0.005033 0.001949 0.003154 0.001017
3.167100 -0.000070 -0.006311 -0.005034 0.001949 0.003154 0.001017
3.169900 -0.000070 -0.006314 -0.005035 0.001949 0.003153 0.001017
3.172600 -0.000071 -0.006316 -0.005036 0.001950 0.003153 0.001016
3.175300 -0.000072 -0.006319 -0.005037 0.001950 0.003153 0.001016
3.178100 -0.000072 -0.006321 -0.005038 0.001950 0.003152 0.001016
3.180800 -0.000073 -0.006324 -0.005039 0.001950 0.003152 0.001016
3.183600 -0.000074 -0.006326 -0.005039 0.001950 0.003151 0.001016
3.186300 -0.000074 -0.006329 -0.005040 0.001951 0.003151 0.001016
3.189000 -0.000075 -0.006331 -0.005041 0.001951 0.003151 0.001016
3.191800 -0.000076 -0.006334 -0.005042 0.001951 0.003150 0.001016
3.194500 -0.000076 -0.006336 -0.005043 0.001951 0.003150 0.001016
3.197300 -0.000077 -0.006339 -0.005044 0.001951 0.003149 0.001016
3.200000 -0.000078 -0.006341 -0.005045 0.001952 0.003149 0.001016
3.202700 -0.000078 -0.006344 -0.005046 0.001952 0.003149 0.001016
3.205500 -0.000079 -0.006346 -0.005046 0.001952 0.003148 0.001016
3.208200 -0.000080 -0.006349 -0.005047 0.001952 0.003148 0.001016
3.211000 -0.000081 -0.006351 -0.005048 0.001952 0.003147 0.001016
3.213700 -0.000081 -0.006354 -0.005049 0.001953 0.003147 0.001016
3.216400 -0.000082 -0.006356 -0.005050 0.001953 0.003147 0.001016
3.219200 -0.000083 -0.006359 -0.005050 0.001953 0.003146 0.001016
3.221900 -0.000083 -0.006361 -0.005051 0.001953 0.003146 0.001016
3.224700 -0.000084 -0.006364 -0.005052 0.001953 0.003146 0.001016
3.227400 -0.000085 -0.006366 -0.005053 0.001954 0.003145 0.001016
3.230100 -0.000085 -0.006369 -0.005054 0.001954 0.003145 0.001016
3.232900 -0.000086 -0.006371 -0.005054 0.001954 0.003144 0.001016
3.235600 -0.000087 -0.006374 -0.005055 0.001954 0.003144 0.001017
3.238400 -0.000087 -0.006376 -0.005056 0.001954 0.003144 0.001017
3.241100 -0.000088 -0.006379 -0.005056 0.001955 0.003143 0.001017
3.243800 -0.000089 -0.006381 -0.005057 0.001955 0.003143 0.001017
3.246600 -0.000089 -0.006384 -0.005058 0.001955 0.003142 0.001017
3.249300 -0.000090 -0.006386 -0.005059 0.001955 0.003142 0.001017
3.252100 -0.000091 -0.006389 -0.005059 0.001956 0.003142 0.001017
3.254800 -0.000091 -0.006391 -0.005060 0.001956 0.003141 0.001017
3.257500 -0.000092 -0.006394 -0.005061 0.001956 0.003141 0.001017
3.260300 -0.000093 -0.006396 -0.005061 0.001956 0.003141 0.001017
3.263000 -0.000093 -0.006399 -0.005062 0.001956 0.003140 0.001018
3.265800 -0.000094 -0.006401 -0.005063 0.001957 0.003140 0.001018
3.268500 -0.000095 -0.006404 -0.005063 0.001957 0.003139 0.001018
3.271200 -0.000095 -0.006406 -0.005064 0.001957 0.003139 0.001018
3.274000 -0.000096 -0.006409 -0.005065 0.001957 0.003139 0.001018
3.276700 -0.000097 -0.006411 -0.005065 0.001957 0.003138 0.001018
3.279500 -0.000098 -0.006414 -0.005066 0.001958 0.003138 0.001018
3.282200 -0.000098 -0.006416 -0.005066 0.001958 0.003137 0.001019
3.284900 -0.000099 -0.006418 -0.005067 0.001958 0.003137 0.001019
3.287700 -0.000100 -0.006421 -0.005068 0.001958 0.003137 0.001019
3.290400 -0.000100 -0.006423 -0.005068 0.001959 0.003136 0.001019
3.293200 -0.000101 -0.006426 -0.005069 0.001959 0.003136 0.001019
3.295900 -0.000102 -0.006428 -0.005069 0.001959 0.003135 0.001020
3.298600 -0.000102 -0.006431 -0.005070 0.001959 0.003135 0.001020
3.301400 -0.000103 -0.006433 -0.005070 0.001959 0.003135 0.001020
3.304100 -0.000104 -0.006436 -0.005071 0.001960 0.003134 0.001020
3.306900 -0.000104 -0.006438 -0.005072 0.001960 0.003134 0.001021
3.309600 -0.000105 -0.006441 -0.005072 0.001960 0.003134 0.001021
3.312300 -0.000106 -0.006443 -0.005073 0.001960 0.003133 0.001021
3.315100 -0.000106 -0.006446 -0.005073 0.001961 0.003133 0.001021
3.317800 -0.000107 -0.006448 -0.005074 0.001961 0.003132 0.001022
3.320600 -0.000108 -0.006451 -0.005074 0.001961 0.003132 0.001022
3.323300 -0.000109 -0.006453 -0.005075 0.001961 0.003132 0.001022
3.326000 -0.000109 -0.006456 -0.005075 0.001961 0.003131 0.001022
3.328800 -0.000110 -0.006458 -0.005076 0.001962 0.003131 0.001023
3.331500 -0.000111 -0.006461 -0.005076 0.001962 0.003130 0.001023
3.334300 -0.000111 -0.006463 -0.005076 0.001962 0.003130 0.001023
3.337000 -0.000112 -0.006466 -0.005077 0.001962 0.003130 0.001024
3.339700 -0.000113 -0.006468 -0.005077 0.001963 0.003129 0.001024
3.342500 -0.000113 -0.006471 -0.005078 0.001963 0.003129 0.001024
3.345200 -0.000114 -0.006473 -0.005078 0.001963 0.003128 0.001025
3.347900 -0.000115 -0.006476 -0.005079 0.001963 0.003128 0.001025
3.350700 -0.000115 -0.006478 -0.005079 0.001964 0.003128 0.001025
3.353400 -0.000116 -0.006481 -0.005079 0.001964 0.003127 0.001026
3.356200 -0.000117 -0.006483 -0.005080 0.001964 0.003127 0.001026
3.358900 -0.000117 -0.006486 -0.005080 0.001964 0.003127 0.001026
3.361600 -0.000118 -0.006488 -0.005081 0.001964 0.003126 0.001027
3.364400 -0.000119 -0.006491 -0.005081 0.001965 0.003126 0.001027
3.367100 -0.000120 -0.006493 -0.005081 0.001965 0.003125 0.001028
3.369900 -0.000120 -0.006496 -0.005082 0.001965 0.003125 0.001028
3.372600 -0.000121 -0.006498 -0.005082 0.001965 0.003125 0.001028
3.375300 -0.000122 -0.006500 -0.005082 0.001966 0.003124 0.001029
3.378100 -0.000122 -0.006503 -0.005083 0.001966 0.003124 0.001029
3.380800 -0.000123 -0.006505 -0.005083 0.001966 0.003123 0.001030
3.383600 -0.000124 -0.006508 -0.005083 0.001966 0.003123 0.001030
3.386300 -0.000124 -0.006510 -0.005084 0.001967 0.003123 0.001031
3.389000 -0.000125 -0.006513 -0.005084 0.001967 0.003122 0.001031
3.391800 -0.000126 -0.006515 -0.005084 0.001967 0.003122 0.001032
3.394500 -0.000126 -0.006518 -0.005085 0.001967 0.003122 0.001032
3.397300 -0.000127 -0.006520 -0.005085 0.001968 0.003121 0.001033
3.400000 -0.000128 -0.006523 -0.005085 0.001968 0.003121 0.001033
3.402700 -0.000129 -0.006525 -0.005085 0.001968 0.003120 0.001034
3.405500 -0.000129 -0.006528 -0.005086 0.001968 0.003120 0.001034
3.408200 -0.000130 -0.006530 -0.005086 0.001969 0.003120 0.001035
3.411000 -0.000131 -0.006533 -0.005086 0.001969 0.003119 0.001035
3.413700 -0.000131 -0.006535 -0.005086 0.001969 0.003119 0.001036
3.416400 -0.000132 -0.006538 -0.005087 0.001969 0.003118 0.001036
3.419200 -0.000133 -0.006540 -0.005087 0.001970 0.003118 0.001037
3.421900 -0.000133 -0.006543 -0.005087 0.001970 0.003118 0.001037
3.424700 -0.000134 -0.006545 -0.005087 0.001970 0.003117 0.001038
3.427400 -0.000135 -0.006548 -0.005087 0.001970 0.003117 0.001039
3.430100 -0.000135 -0.006550 -0.005088 0.001971 0.003117 0.001039
3.432900 -0.000136 -0.006553 -0.005088 0.001971 0.003116 0.001040
3.435600 -0.000137 -0.006555 -0.005088 0.001971 0.003116 0.001040
3.438400 -0.000138 -0.006558 -0.005088 0.001971 0.003115 0.001041
3.441100 -0.000138 -0.006560 -0.005088 0.001972 0.003115 0.001042
3.443800 -0.000139 -0.006562 -0.005088 0.001972 0.003115 0.001042
3.446600 -0.000140 -0.006565 -0.005089 0.001972 0.003114 0.001043
3.449300 -0.000140 -0.006567 -0.005089 0.001972 0.003114 0.001043
3.452100 -0.000141 -0.006570 -0.005089 0.001973 0.003113 0.001044
3.454800 -0.000142 -0.006572 -0.005089 0.001973 0.003113 0.001045
3.457500 -0.000142 -0.006575 -0.005089 0.001973 0.003113 0.001045
3.460300 -0.000143 -0.006577 -0.005089 0.001973 0.003112 0.001046
3.463000 -0.000144 -0.006580 -0.005089 0.001974 0.003112 0.001047
3.465800 -0.000145 -0.006582 -0.005089 0.001974 0.003112 0.001048
3.468500 -0.000145 -0.006585 -0.005089 0.001974 0.003111 0.001048
3.471200 -0.000146 -0.006587 -0.005089 0.001974 0.003111 0.001049
3.474000 -0.000147 -0.006590 -0.005090 0.001975 0.003110 0.001050
3.476700 -0.000147 -0.006592 -0.005090 0.001975 0.003110 0.001051
3.479500 -0.000148 -0.006595 -0.005090 0.001975 0.003110 0.001051
3.482200 -0.000149 -0.006597 -0.005090 0.001976 0.003109 0.001052
3.484900 -0.000149 -0.006600 -0.005090 0.001976 0.003109 0.001053
3.487700 -0.000150 -0.006602 -0.005090 0.001976 0.003109 0.001054
3.490400 -0.000151 -0.006605 -0.005090 0.001976 0.003108 0.001054
3.493200 -0.000152 -0.006607 -0.005090 0.001977 0.003108 0.001055
3.495900 -0.000152 -0.006610 -0.005090 0.001977 0.003107 0.001056
3.498600 -0.000153 -0.006612 -0.005090 0.001977 0.003107 0.001057
3.501400 -0.000154 -0.006615 -0.005090 0.001977 0.003107 0.001058
3.504100 -0.000154 -0.006617 -0.005090 0.001978 0.003106 0.001058
3.506900 -0.000155 -0.006620 -0.005090 0.001978 0.003106 0.001059
3.509600 -0.000156 -0.006622 -0.005090 0.001978 0.003105 0.001060
3.512300 -0.000156 -0.006624 -0.005090 0.001979 0.003105 0.001061
3.515100 -0.000157 -0.006627 -0.005090 0.001979 0.003105 0.001062
3.517800 -0.000158 -0.006629 -0.005090 0.001979 0.003104 0.001063
3.520600 -0.000159 -0.006632 -0.005090 0.001979 0.003104 0.001064
3.523300 -0.000159 -0.006634 -0.005090 0.001980 0.003104 0.001065
3.526000 -0.000160 -0.006637 -0.005089 0.001980 0.003103 0.001065
3.528800 -0.000161 -0.006639 -0.005089 0.001980 0.003103 0.001066
3.531500 -0.000161 -0.006642 -0.005089 0.001981 0.003102 0.001067
3.534300 -0.000162 -0.006644 -0.005089 0.001981 0.003102 0.001068
3.537000 -0.000163 -0.006647 -0.005089 0.001981 0.003102 0.001069
3.539700 -0.000164 -0.006649 -0.005089 0.001981 0.003101 0.001070
3.542500 -0.000164 -0.006652 -0.005089 0.001982 0.003101 0.001071
3.545200 -0.000165 -0.006654 -0.005089 0.001982 0.003101 0.001072
3.547900 -0.000166 -0.006657 -0.005089 0.001982 0.003100 0.001073
3.550700 -0.000166 -0.006659 -0.005088 0.001983 0.003100 0.001074
3.553400 -0.000167 -0.006662 -0.005088 0.001983 0.003099 0.001075
3.556200 -0.000168 -0.006664 -0.005088 0.001983 0.003099 0.001076
3.558900 -0.000168 -0.006666 -0.005088 0.001983 0.003099 0.001077
3.561600 -0.000169 -0.006669 -0.005088 0.001984 0.003098 0.001078
3.564400 -0.000170 -0.006671 -0.005088 0.001984 0.003098 0.001079
3.567100 -0.000171 -0.006674 -0.005088 0.001984 0.003098 0.001080
3.569900 -0.000171 -0.006676 -0.005087 0.001985 0.003097 0.001081
3.572600 -0.000172 -0.006679 -0.005087 0.001985 0.003097 0.001082
3.575300 -0.000173 -0.006681 -0.005087 0.001985 0.003097 0.001083
3.578100 -0.000173 -0.006684 -0.005087 0.001985 0.003096 0.001085
3.580800 -0.000174 -0.006686 -0.005087 0.001986 0.003096 0.001086
3.583600 -0.000175 -0.006689 -0.005086 0.001986 0.003095 0.001087
3.586300 -0.000176 -0.006691 -0.005086 0.001986 0.003095 0.001088
3.589000 -0.000176 -0.006694 -0.005086 0.001987 0.003095 0.001089
3.591800 -0.000177 -0.006696 -0.005086 0.001987 0.003094 0.001090
3.594500 -0.000178 -0.006699 -0.005085 0.001987 0.003094 0.001091
3.597300 -0.000178 -0.006701 -0.005085 0.001988 0.003094 0.001092
3.600000 -0.000179 -0.006704 -0.005085 0.001988 0.003093 0.001094
3.602700 -0.000180 -0.006706 -0.005085 0.001988 0.003093 0.001095
3.605500 -0.000181 -0.006709 -0.005084 0.001988 0.003093 0.001096
3.608200 -0.000181 -0.006711 -0.005084 0.001989 0.003092 0.001097
3.611000 -0.000182 -0.006714 -0.005084 0.001989 0.003092 0.001098
3.613700 -0.000183 -0.006716 -0.005083 0.001989 0.003091 0.001100
3.616400 -0.000183 -0.006718 -0.005083 0.001990 0.003091 0.001101
3.619200 -0.000184 -0.006721 -0.005083 0.001990 0.003091 0.001102
3.621900 -0.000185 -0.006723 -0.005083 0.001990 0.003090 0.001103
3.624700 -0.000186 -0.006726 -0.005082 0.001991 0.003090 0.001105
3.627400 -0.000186 -0.006728 -0.005082 0.001991 0.003090 0.001106
3.630100 -0.000187 -0.006731 -0.005082 0.001991 0.003089 0.001107
3.632900 -0.000188 -0.006733 -0.005081 0.001992 0.003089 0.001108
3.635600 -0.000188 -0.006736 -0.005081 0.001992 0.003089 0.001110
3.638400 -0.000189 -0.006738 -0.005081 0.001992 0.003088 0.001111
3.641100 -0.000190 -0.006741 -0.005080 0.001992 0.003088 0.001112
3.643800 -0.000190 -0.006743 -0.005080 0.001993 0.003087 0.001114
3.646600 -0.000191 -0.006746 -0.005079 0.001993 0.003087 0.001115
3.649300 -0.000192 -0.006748 -0.005079 0.001993 0.003087 0.001116
3.652100 -0.000193 -0.006751 -0.005079 0.001994 0.003086 0.001118
3.654800 -0.000193 -0.006753 -0.005078 0.001994 0.003086 0.001119
3.657500 -0.000194 -0.006755 -0.005078 0.001994 0.003086 0.001120
3.660300 -0.000195 -0.006758 -0.005077 0.001995 0.003085 0.001122
3.682200 -0.000200 -0.006778 -0.005074 0.001997 0.003082 0.001133
3.684900 -0.000201 -0.006780 -0.005073 0.001998 0.003082 0.001135
3.687700 -0.000202 -0.006783 -0.005073 0.001998 0.003082 0.001136
3.693200 -0.000203 -0.006788 -0.005072 0.001999 0.003081 0.001139
3.695900 -0.000204 -0.006790 -0.005071 0.001999 0.003081 0.001141
3.698600 -0.000205 -0.006793 -0.005071 0.001999 0.003080 0.001142
3.701400 -0.000206 -0.006795 -0.005070 0.002000 0.003080 0.001144
3.704100 -0.000206 -0.006797 -0.005070 0.002000 0.003080 0.001145
3.717800 -0.000210 -0.006810 -0.005067 0.002002 0.003078 0.001153
3.720600 -0.000211 -0.006812 -0.005067 0.002002 0.003078 0.001155
3.726000 -0.000212 -0.006817 -0.005066 0.002003 0.003077 0.001158
3.728800 -0.000213 -0.006820 -0.005065 0.002003 0.003077 0.001160
3.731500 -0.000213 -0.006822 -0.005064 0.002003 0.003076 0.001162
3.734300 -0.000214 -0.006825 -0.005064 0.002004 0.003076 0.001163
3.737000 -0.000215 -0.006827 -0.005063 0.002004 0.003076 0.001165
3.739700 -0.000216 -0.006830 -0.005063 0.002005 0.003075 0.001167
3.742500 -0.000216 -0.006832 -0.005062 0.002005 0.003075 0.001168
3.745200 -0.000217 -0.006834 -0.005061 0.002005 0.003075 0.001170
3.747900 -0.000218 -0.006837 -0.005061 0.002006 0.003074 0.001172
3.750700 -0.000218 -0.006839 -0.005060 0.002006 0.003074 0.001173
3.753400 -0.000219 -0.006842 -0.005060 0.002006 0.003074 0.001175
3.756200 -0.000220 -0.006844 -0.005059 0.002007 0.003073 0.001177
3.758900 -0.000221 -0.006847 -0.005058 0.002007 0.003073 0.001179
3.769900 -0.000224 -0.006857 -0.005056 0.002008 0.003072 0.001186
3.775300 -0.000225 -0.006862 -0.005054 0.002009 0.003071 0.001189
3.778100 -0.000226 -0.006864 -0.005054 0.002010 0.003071 0.001191
3.780800 -0.000226 -0.006867 -0.005053 0.002010 0.003070 0.001193
3.783600 -0.000227 -0.006869 -0.005052 0.002010 0.003070 0.001195
3.786300 -0.000228 -0.006872 -0.005051 0.002011 0.003070 0.001197
3.789000 -0.000229 -0.006874 -0.005051 0.002011 0.003069 0.001199
3.791800 -0.000229 -0.006876 -0.005050 0.002011 0.003069 0.001201
3.794500 -0.000230 -0.006879 -0.005049 0.002012 0.003069 0.001202
3.797300 -0.000231 -0.006881 -0.005048 0.002012 0.003068 0.001204
3.800000 -0.000231 -0.006884 -0.005048 0.002013 0.003068 0.001206
3.805500 -0.000233 -0.006889 -0.005046 0.002013 0.003067 0.001210
3.808200 -0.000234 -0.006891 -0.005045 0.002014 0.003067 0.001212
3.811000 -0.000234 -0.006894 -0.005045 0.002014 0.003067 0.001214
3.813700 -0.000235 -0.006896 -0.005044 0.002014 0.003066 0.001216
3.819200 -0.000237 -0.006901 -0.005042 0.002015 0.003066 0.001220
3.857500 -0.000247 -0.006936 -0.005031 0.002021 0.003061 0.001249
3.860300 -0.000247 -0.006938 -0.005030 0.002021 0.003061 0.001251
3.863000 -0.000248 -0.006941 -0.005029 0.002021 0.003061 0.001253
3.865800 -0.000249 -0.006943 -0.005028 0.002022 0.003060 0.001255
3.868500 -0.000250 -0.006946 -0.005027 0.002022 0.003060 0.001257
3.871200 -0.000250 -0.006948 -0.005026 0.002023 0.003060 0.001259
4.506900 -0.000424 -0.007521 -0.004668 0.002152 0.003022 0.002004
4.509600 -0.000425 -0.007524 -0.004666 0.002153 0.003022 0.002008
4.550700 -0.000436 -0.007561 -0.004634 0.002164 0.003022 0.002071
4.553400 -0.000437 -0.007563 -0.004632 0.002165 0.003022 0.002075
4.556200 -0.000438 -0.007566 -0.004629 0.002165 0.003022 0.002079
