# time (yr) north(m) east(m) up(m) northsigma(m) eastsigma(m) upsigma(m)
0.000000 0.000000 0.000000 0.000000 0.000749 0.000652 0.001349
0.002700 -0.000001 -0.000006 -0.000022 0.000749 0.000652 0.001349
0.005500 -0.000002 -0.000011 -0.000046 0.000749 0.000652 0.001350
0.008200 -0.000003 -0.000017 -0.000068 0.000749 0.000653 0.001352
0.011000 -0.000004 -0.000023 -0.000091 0.000749 0.000653 0.001354
0.013700 -0.000005 -0.000029 -0.000114 0.000749 0.000654 0.001356
0.016400 -0.000006 -0.000035 -0.000136 0.000749 0.000654 0.001359
0.019200 -0.000007 -0.000041 -0.000159 0.000749 0.000655 0.001362
0.021900 -0.000008 -0.000047 -0.000181 0.000749 0.000656 0.001365
0.024700 -0.000009 -0.000053 -0.000204 0.000750 0.000657 0.001369
0.027400 -0.000010 -0.000059 -0.000226 0.000750 0.000658 0.001373
0.030100 -0.000011 -0.000065 -0.000249 0.000750 0.000659 0.001377
0.032900 -0.000012 -0.000071 -0.000272 0.000750 0.000660 0.001382
0.035600 -0.000013 -0.000078 -0.000294 0.000750 0.000661 0.001386
0.038400 -0.000014 -0.000084 -0.000316 0.000750 0.000663 0.001391
0.041100 -0.000015 -0.000090 -0.000339 0.000750 0.000664 0.001396
0.043800 -0.000016 -0.000096 -0.000361 0.000750 0.000665 0.001400
0.046600 -0.000017 -0.000102 -0.000383 0.000750 0.000667 0.001405
0.049300 -0.000018 -0.000109 -0.000405 0.000750 0.000669 0.001410
0.052100 -0.000019 -0.000115 -0.000428 0.000750 0.000670 0.001415
0.054800 -0.000020 -0.000121 -0.000450 0.000751 0.000672 0.001420
0.057500 -0.000021 -0.000127 -0.000472 0.000751 0.000674 0.001425
0.060300 -0.000022 -0.000134 -0.000495 0.000751 0.000676 0.001430
0.063000 -0.000023 -0.000140 -0.000517 0.000751 0.000678 0.001435
0.065800 -0.000024 -0.000146 -0.000539 0.000751 0.000680 0.001439
0.068500 -0.000025 -0.000152 -0.000561 0.000751 0.000682 0.001444
0.071200 -0.000026 -0.000158 -0.000583 0.000751 0.000684 0.001449
0.074000 -0.000027 -0.000165 -0.000606 0.000751 0.000686 0.001453
0.076700 -0.000028 -0.000171 -0.000628 0.000752 0.000688 0.001458
0.079500 -0.000030 -0.000177 -0.000650 0.000752 0.000691 0.001462
0.082200 -0.000031 -0.000183 -0.000672 0.000752 0.000693 0.001467
0.084900 -0.000032 -0.000189 -0.000694 0.000752 0.000695 0.001471
0.087700 -0.000033 -0.000195 -0.000716 0.000752 0.000698 0.001475
0.090400 -0.000034 -0.000201 -0.000738 0.000753 0.000700 0.001479
0.093200 -0.000035 -0.000208 -0.000761 0.000753 0.000702 0.001483
0.095900 -0.000036 -0.000214 -0.000783 0.000753 0.000705 0.001487
0.098600 -0.000037 -0.000220 -0.000804 0.000753 0.000707 0.001491
0.101400 -0.000038 -0.000226 -0.000827 0.000753 0.000709 0.001495
0.104100 -0.000039 -0.000232 -0.000849 0.000754 0.000712 0.001499
0.106900 -0.000040 -0.000238 -0.000871 0.000754 0.000714 0.001502
0.109600 -0.000041 -0.000243 -0.000893 0.000754 0.000717 0.001506
0.112300 -0.000042 -0.000249 -0.000915 0.000754 0.000719 0.001509
0.115100 -0.000043 -0.000255 -0.000937 0.000754 0.000722 0.001513
0.117800 -0.000044 -0.000261 -0.000959 0.000755 0.000724 0.001516
0.120600 -0.000045 -0.000267 -0.000981 0.000755 0.000727 0.001519
0.123300 -0.000046 -0.000273 -0.001003 0.000755 0.000729 0.001522
0.126000 -0.000047 -0.000278 -0.001025 0.000755 0.000732 0.001525
0.128800 -0.000048 -0.000284 -0.001047 0.000756 0.000734 0.001528
0.131500 -0.000050 -0.000290 -0.001069 0.000756 0.000737 0.001531
0.134300 -0.000051 -0.000295 -0.001091 0.000756 0.000740 0.001534
0.137000 -0.000052 -0.000301 -0.001113 0.000756 0.000742 0.001537
0.139700 -0.000053 -0.000306 -0.001135 0.000757 0.000744 0.001539
0.142500 -0.000054 -0.000312 -0.001157 0.000757 0.000747 0.001542
0.145200 -0.000055 -0.000317 -0.001179 0.000757 0.000750 0.001544
0.147900 -0.000056 -0.000323 -0.001200 0.000757 0.000752 0.001547
0.150700 -0.000057 -0.000328 -0.001223 0.000758 0.000755 0.001549
0.153400 -0.000058 -0.000333 -0.001244 0.000758 0.000757 0.001552
0.156200 -0.000059 -0.000339 -0.001267 0.000758 0.000759 0.001554
0.158900 -0.000060 -0.000344 -0.001289 0.000758 0.000762 0.001556
0.161600 -0.000061 -0.000349 -0.001310 0.000759 0.000764 0.001559
0.164400 -0.000062 -0.000355 -0.001333 0.000759 0.000767 0.001561
0.167100 -0.000064 -0.000360 -0.001354 0.000759 0.000769 0.001563
0.169900 -0.000065 -0.000365 -0.001377 0.000760 0.000772 0.001565
0.172600 -0.000066 -0.000370 -0.001398 0.000760 0.000774 0.001567
0.175300 -0.000067 -0.000375 -0.001420 0.000760 0.000776 0.001569
0.178100 -0.000068 -0.000380 -0.001442 0.000760 0.000779 0.001571
0.180800 -0.000069 -0.000385 -0.001464 0.000761 0.000781 0.001573
0.183600 -0.000070 -0.000390 -0.001486 0.000761 0.000784 0.001575
0.186300 -0.000071 -0.000395 -0.001508 0.000761 0.000786 0.001577
0.189000 -0.000072 -0.000400 -0.001529 0.000762 0.000788 0.001579
0.191800 -0.000073 -0.000404 -0.001552 0.000762 0.000790 0.001581
0.194500 -0.000074 -0.000409 -0.001573 0.000762 0.000793 0.001583
0.197300 -0.000076 -0.000414 -0.001595 0.000763 0.000795 0.001585
0.200000 -0.000077 -0.000419 -0.001617 0.000763 0.000797 0.001587
0.202700 -0.000078 -0.000423 -0.001638 0.000763 0.000799 0.001588
0.205500 -0.000079 -0.000428 -0.001661 0.000764 0.000802 0.001590
0.208200 -0.000080 -0.000432 -0.001682 0.000764 0.000804 0.001592
0.211000 -0.000081 -0.000437 -0.001705 0.000764 0.000806 0.001594
0.213700 -0.000082 -0.000441 -0.001726 0.000765 0.000808 0.001595
0.219200 -0.000084 -0.000450 -0.001770 0.000765 0.000812 0.001599
0.235600 -0.000091 -0.000475 -0.001900 0.000767 0.000825 0.001608
0.238400 -0.000092 -0.000480 -0.001922 0.000768 0.000827 0.001610
0.241100 -0.000093 -0.000484 -0.001944 0.000768 0.000829 0.001612
0.243800 -0.000095 -0.000488 -0.001965 0.000768 0.000831 0.001613
0.246600 -0.000096 -0.000492 -0.001987 0.000769 0.000833 0.001615
0.249300 -0.000097 -0.000495 -0.002009 0.000769 0.000834 0.001616
0.252100 -0.000098 -0.000499 -0.002031 0.000769 0.000836 0.001618
0.254800 -0.000099 -0.000503 -0.002052 0.000770 0.000838 0.001620
0.257500 -0.000100 -0.000507 -0.002074 0.000770 0.000840 0.001621
0.260300 -0.000101 -0.000511 -0.002096 0.000771 0.000842 0.001623
0.263000 -0.000103 -0.000514 -0.002117 0.000771 0.000844 0.001624
0.265800 -0.000104 -0.000518 -0.002139 0.000771 0.000846 0.001626
0.268500 -0.000105 -0.000522 -0.002161 0.000772 0.000847 0.001627
0.271200 -0.000106 -0.000525 -0.002182 0.000772 0.000849 0.001629
0.274000 -0.000107 -0.000529 -0.002204 0.000772 0.000851 0.001630
0.276700 -0.000108 -0.000532 -0.002225 0.000773 0.000853 0.001632
0.290400 -0.000114 -0.000549 -0.002333 0.000775 0.000861 0.001640
0.293200 -0.000115 -0.000553 -0.002355 0.000775 0.000863 0.001641
0.295900 -0.000116 -0.000556 -0.002376 0.000775 0.000865 0.001643
0.298600 -0.000117 -0.000559 -0.002397 0.000776 0.000866 0.001644
0.301400 -0.000119 -0.000562 -0.002419 0.000776 0.000868 0.001646
0.304100 -0.000120 -0.000565 -0.002440 0.000777 0.000869 0.001647
0.306900 -0.000121 -0.000568 -0.002462 0.000777 0.000871 0.001649
0.309600 -0.000122 -0.000571 -0.002483 0.000777 0.000873 0.001650
0.312300 -0.000123 -0.000574 -0.002504 0.000778 0.000874 0.001652
0.315100 -0.000125 -0.000577 -0.002526 0.000778 0.000876 0.001653
0.317800 -0.000126 -0.000580 -0.002547 0.000779 0.000877 0.001655
0.320600 -0.000127 -0.000583 -0.002569 0.000779 0.000879 0.001656
0.323300 -0.000128 -0.000586 -0.002590 0.000779 0.000880 0.001658
0.326000 -0.000129 -0.000588 -0.002611 0.000780 0.000882 0.001659
0.328800 -0.000130 -0.000591 -0.002633 0.000780 0.000883 0.001661
0.331500 -0.000132 -0.000594 -0.002654 0.000781 0.000885 0.001663
0.334300 -0.000133 -0.000597 -0.002676 0.000781 0.000886 0.001664
0.337000 -0.000134 -0.000599 -0.002697 0.000781 0.000888 0.001666
0.339700 -0.000135 -0.000602 -0.002717 0.000782 0.000889 0.001667
0.342500 -0.000136 -0.000604 -0.002739 0.000782 0.000890 0.001669
0.345200 -0.000137 -0.000607 -0.002760 0.000783 0.000892 0.001670
0.347900 -0.000139 -0.000609 -0.002781 0.000783 0.000893 0.001672
0.350700 -0.000140 -0.000612 -0.002802 0.000784 0.000895 0.001673
0.353400 -0.000141 -0.000614 -0.002823 0.000784 0.000896 0.001675
0.356200 -0.000142 -0.000617 -0.002845 0.000784 0.000897 0.001676
0.358900 -0.000143 -0.000619 -0.002866 0.000785 0.000899 0.001678
0.361600 -0.000145 -0.000621 -0.002886 0.000785 0.000900 0.001679
0.364400 -0.000146 -0.000624 -0.002908 0.000786 0.000901 0.001681
0.367100 -0.000147 -0.000626 -0.002929 0.000786 0.000903 0.001682
0.369900 -0.000148 -0.000628 -0.002950 0.000786 0.000904 0.001684
0.372600 -0.000149 -0.000630 -0.002971 0.000787 0.000905 0.001685
0.375300 -0.000151 -0.000632 -0.002991 0.000787 0.000907 0.001686
0.378100 -0.000152 -0.000635 -0.003013 0.000788 0.000908 0.001688
0.380800 -0.000153 -0.000637 -0.003034 0.000788 0.000909 0.001689
0.383600 -0.000154 -0.000639 -0.003055 0.000789 0.000911 0.001691
0.386300 -0.000155 -0.000641 -0.003075 0.000789 0.000912 0.001692
0.389000 -0.000157 -0.000643 -0.003096 0.000789 0.000913 0.001694
0.391800 -0.000158 -0.000645 -0.003117 0.000790 0.000914 0.001695
0.405500 -0.000164 -0.000654 -0.003221 0.000792 0.000920 0.001703
0.408200 -0.000165 -0.000655 -0.003242 0.000792 0.000922 0.001704
0.411000 -0.000166 -0.000657 -0.003263 0.000793 0.000923 0.001705
0.413700 -0.000167 -0.000659 -0.003283 0.000793 0.000924 0.001707
0.416400 -0.000169 -0.000660 -0.003303 0.000794 0.000925 0.001708
0.419200 -0.000170 -0.000662 -0.003324 0.000794 0.000926 0.001710
0.421900 -0.000171 -0.000664 -0.003345 0.000795 0.000928 0.001711
0.424700 -0.000172 -0.000665 -0.003366 0.000795 0.000929 0.001713
0.427400 -0.000174 -0.000667 -0.003386 0.000796 0.000930 0.001714
0.430100 -0.000175 -0.000668 -0.003406 0.000796 0.000931 0.001715
0.432900 -0.000176 -0.000670 -0.003427 0.000796 0.000932 0.001717
0.435600 -0.000177 -0.000671 -0.003447 0.000797 0.000933 0.001718
0.438400 -0.000179 -0.000672 -0.003468 0.000797 0.000935 0.001720
0.441100 -0.000180 -0.000674 -0.003488 0.000798 0.000936 0.001721
0.443800 -0.000181 -0.000675 -0.003508 0.000798 0.000937 0.001722
0.446600 -0.000182 -0.000676 -0.003529 0.000799 0.000938 0.001724
0.449300 -0.000183 -0.000678 -0.003549 0.000799 0.000939 0.001725
0.452100 -0.000185 -0.000679 -0.003570 0.000800 0.000940 0.001726
0.454800 -0.000186 -0.000680 -0.003590 0.000800 0.000941 0.001728
0.457500 -0.000187 -0.000681 -0.003610 0.000800 0.000942 0.001729
0.460300 -0.000188 -0.000682 -0.003630 0.000801 0.000944 0.001731
0.463000 -0.000190 -0.000684 -0.003650 0.000801 0.000945 0.001732
0.465800 -0.000191 -0.000685 -0.003671 0.000802 0.000946 0.001733
0.468500 -0.000192 -0.000686 -0.003691 0.000802 0.000947 0.001735
0.471200 -0.000193 -0.000687 -0.003710 0.000803 0.000948 0.001736
0.474000 -0.000195 -0.000688 -0.003731 0.000803 0.000949 0.001737
0.476700 -0.000196 -0.000689 -0.003751 0.000804 0.000950 0.001739
0.479500 -0.000197 -0.000690 -0.003771 0.000804 0.000951 0.001740
0.482200 -0.000198 -0.000691 -0.003791 0.000805 0.000952 0.001741
0.484900 -0.000200 -0.000692 -0.003810 0.000805 0.000953 0.001742
0.487700 -0.000201 -0.000692 -0.003831 0.000805 0.000954 0.001744
0.490400 -0.000202 -0.000693 -0.003850 0.000806 0.000955 0.001745
0.493200 -0.000203 -0.000694 -0.003871 0.000806 0.000956 0.001746
0.495900 -0.000205 -0.000695 -0.003890 0.000807 0.000958 0.001748
0.498600 -0.000206 -0.000696 -0.003910 0.000807 0.000959 0.001749
0.501400 -0.000207 -0.000696 -0.003930 0.000808 0.000960 0.001750
0.504100 -0.000208 -0.000697 -0.003949 0.000808 0.000961 0.001752
0.506900 -0.000210 -0.000698 -0.003969 0.000809 0.000962 0.001753
0.509600 -0.000211 -0.000698 -0.003989 0.000809 0.000963 0.001754
0.512300 -0.000212 -0.000699 -0.004008 0.000810 0.000964 0.001755
0.517800 -0.000215 -0.000700 -0.004047 0.000811 0.000966 0.001758
0.520600 -0.000216 -0.000701 -0.004067 0.000811 0.000967 0.001759
0.523300 -0.000217 -0.000701 -0.004087 0.000811 0.000968 0.001760
0.528800 -0.000220 -0.000702 -0.004126 0.000812 0.000970 0.001763
0.531500 -0.000221 -0.000703 -0.004145 0.000813 0.000971 0.001764
0.534300 -0.000222 -0.000703 -0.004165 0.000813 0.000972 0.001765
0.537000 -0.000223 -0.000704 -0.004184 0.000814 0.000973 0.001766
0.539700 -0.000225 -0.000704 -0.004203 0.000814 0.000974 0.001768
0.542500 -0.000226 -0.000704 -0.004222 0.000815 0.000975 0.001769
0.545200 -0.000227 -0.000705 -0.004241 0.000815 0.000976 0.001770
0.547900 -0.000229 -0.000705 -0.004260 0.000816 0.000977 0.001771
0.550700 -0.000230 -0.000705 -0.004280 0.000816 0.000978 0.001772
0.553400 -0.000231 -0.000706 -0.004299 0.000817 0.000979 0.001774
0.556200 -0.000232 -0.000706 -0.004318 0.000817 0.000980 0.001775
0.558900 -0.000234 -0.000706 -0.004337 0.000818 0.000981 0.001776
0.561600 -0.000235 -0.000706 -0.004356 0.000818 0.000982 0.001777
0.564400 -0.000236 -0.000707 -0.004375 0.000818 0.000983 0.001778
0.567100 -0.000237 -0.000707 -0.004394 0.000819 0.000984 0.001779
0.569900 -0.000239 -0.000707 -0.004414 0.000819 0.000985 0.001781
0.572600 -0.000240 -0.000707 -0.004432 0.000820 0.000986 0.001782
0.575300 -0.000241 -0.000707 -0.004451 0.000820 0.000987 0.001783
0.578100 -0.000243 -0.000707 -0.004470 0.000821 0.000988 0.001784
0.580800 -0.000244 -0.000707 -0.004489 0.000821 0.000989 0.001785
0.583600 -0.000245 -0.000707 -0.004508 0.000822 0.000990 0.001786
0.586300 -0.000246 -0.000707 -0.004526 0.000822 0.000991 0.001787
0.589000 -0.000248 -0.000707 -0.004545 0.000823 0.000992 0.001788
0.591800 -0.000249 -0.000707 -0.004564 0.000823 0.000993 0.001790
0.594500 -0.000250 -0.000707 -0.004582 0.000824 0.000994 0.001791
0.597300 -0.000252 -0.000707 -0.004601 0.000824 0.000995 0.001792
0.608200 -0.000257 -0.000706 -0.004675 0.000826 0.000999 0.001796
0.611000 -0.000258 -0.000706 -0.004694 0.000826 0.001000 0.001797
0.613700 -0.000259 -0.000706 -0.004712 0.000827 0.001001 0.001798
0.616400 -0.000261 -0.000706 -0.004730 0.000827 0.001002 0.001799
0.619200 -0.000262 -0.000706 -0.004749 0.000828 0.001003 0.001800
0.621900 -0.000263 -0.000705 -0.004767 0.000828 0.001004 0.001801
0.624700 -0.000264 -0.000705 -0.004785 0.000829 0.001005 0.001802
0.627400 -0.000266 -0.000705 -0.004803 0.000829 0.001006 0.001803
0.630100 -0.000267 -0.000704 -0.004821 0.000830 0.001007 0.001804
0.632900 -0.000268 -0.000704 -0.004840 0.000830 0.001008 0.001806
0.635600 -0.000270 -0.000704 -0.004858 0.000831 0.001008 0.001807
0.638400 -0.000271 -0.000703 -0.004876 0.000831 0.001009 0.001808
0.641100 -0.000272 -0.000703 -0.004894 0.000832 0.001010 0.001809
0.643800 -0.000273 -0.000702 -0.004912 0.000832 0.001011 0.001810
0.646600 -0.000275 -0.000702 -0.004930 0.000833 0.001012 0.001811
0.649300 -0.000276 -0.000701 -0.004948 0.000833 0.001013 0.001812
0.652100 -0.000277 -0.000701 -0.004966 0.000834 0.001014 0.001813
0.654800 -0.000279 -0.000701 -0.004984 0.000834 0.001015 0.001814
0.657500 -0.000280 -0.000700 -0.005001 0.000835 0.001016 0.001815
0.660300 -0.000281 -0.000699 -0.005019 0.000835 0.001017 0.001816
0.663000 -0.000283 -0.000699 -0.005037 0.000836 0.001018 0.001817
0.665800 -0.000284 -0.000698 -0.005055 0.000836 0.001019 0.001818
0.668500 -0.000285 -0.000698 -0.005072 0.000837 0.001020 0.001819
0.671200 -0.000286 -0.000697 -0.005090 0.000837 0.001021 0.001820
0.674000 -0.000288 -0.000697 -0.005108 0.000837 0.001022 0.001821
0.676700 -0.000289 -0.000696 -0.005125 0.000838 0.001023 0.001822
0.679500 -0.000290 -0.000695 -0.005143 0.000838 0.001024 0.001823
0.682200 -0.000292 -0.000695 -0.005160 0.000839 0.001025 0.001823
0.684900 -0.000293 -0.000694 -0.005177 0.000839 0.001025 0.001824
0.687700 -0.000294 -0.000693 -0.005195 0.000840 0.001026 0.001825
0.690400 -0.000296 -0.000692 -0.005212 0.000840 0.001027 0.001826
0.693200 -0.000297 -0.000692 -0.005230 0.000841 0.001028 0.001827
0.695900 -0.000298 -0.000691 -0.005247 0.000841 0.001029 0.001828
0.698600 -0.000300 -0.000690 -0.005264 0.000842 0.001030 0.001829
0.701400 -0.000301 -0.000689 -0.005281 0.000842 0.001031 0.001830
0.704100 -0.000302 -0.000689 -0.005298 0.000843 0.001032 0.001831
0.706900 -0.000304 -0.000688 -0.005316 0.000843 0.001033 0.001832
0.709600 -0.000305 -0.000687 -0.005333 0.000844 0.001034 0.001833
0.712300 -0.000306 -0.000686 -0.005350 0.000844 0.001035 0.001834
0.715100 -0.000307 -0.000685 -0.005367 0.000845 0.001036 0.001835
0.717800 -0.000309 -0.000684 -0.005384 0.000845 0.001036 0.001836
0.720600 -0.000310 -0.000683 -0.005401 0.000846 0.001037 0.001836
0.723300 -0.000311 -0.000682 -0.005418 0.000846 0.001038 0.001837
0.726000 -0.000313 -0.000682 -0.005434 0.000847 0.001039 0.001838
0.728800 -0.000314 -0.000681 -0.005452 0.000847 0.001040 0.001839
0.731500 -0.000315 -0.000680 -0.005468 0.000848 0.001041 0.001840
0.734300 -0.000317 -0.000679 -0.005485 0.000848 0.001042 0.001841
0.737000 -0.000318 -0.000678 -0.005502 0.000849 0.001043 0.001842
0.739700 -0.000319 -0.000677 -0.005518 0.000849 0.001044 0.001843
0.742500 -0.000321 -0.000676 -0.005535 0.000850 0.001045 0.001844
0.745200 -0.000322 -0.000675 -0.005552 0.000850 0.001046 0.001844
0.747900 -0.000323 -0.000674 -0.005568 0.000850 0.001046 0.001845
0.750700 -0.000325 -0.000672 -0.005585 0.000851 0.001047 0.001846
0.753400 -0.000326 -0.000671 -0.005601 0.000851 0.001048 0.001847
0.756200 -0.000327 -0.000670 -0.005618 0.000852 0.001049 0.001848
0.758900 -0.000328 -0.000669 -0.005634 0.000852 0.001050 0.001849
0.761600 -0.000330 -0.000668 -0.005650 0.000853 0.001051 0.001850
0.764400 -0.000331 -0.000667 -0.005667 0.000853 0.001052 0.001850
0.767100 -0.000332 -0.000666 -0.005683 0.000854 0.001053 0.001851
0.769900 -0.000334 -0.000665 -0.005700 0.000854 0.001053 0.001852
0.772600 -0.000335 -0.000663 -0.005716 0.000855 0.001054 0.001853
0.775300 -0.000336 -0.000662 -0.005732 0.000855 0.001055 0.001854
0.778100 -0.000338 -0.000661 -0.005748 0.000856 0.001056 0.001855
0.780800 -0.000339 -0.000660 -0.005764 0.000856 0.001057 0.001855
0.783600 -0.000340 -0.000659 -0.005780 0.000857 0.001058 0.001856
0.786300 -0.000342 -0.000657 -0.005796 0.000857 0.001059 0.001857
0.789000 -0.000343 -0.000656 -0.005812 0.000858 0.001060 0.001858
0.791800 -0.000344 -0.000655 -0.005828 0.000858 0.001060 0.001859
0.794500 -0.000346 -0.000654 -0.005844 0.000859 0.001061 0.001859
0.797300 -0.000347 -0.000652 -0.005860 0.000859 0.001062 0.001860
0.800000 -0.000348 -0.000651 -0.005876 0.000860 0.001063 0.001861
0.802700 -0.000350 -0.000650 -0.005891 0.000860 0.001064 0.001862
0.805500 -0.000351 -0.000648 -0.005908 0.000861 0.001065 0.001863
0.808200 -0.000352 -0.000647 -0.005923 0.000861 0.001066 0.001863
0.811000 -0.000354 -0.000646 -0.005939 0.000862 0.001066 0.001864
0.813700 -0.000355 -0.000644 -0.005954 0.000862 0.001067 0.001865
0.816400 -0.000356 -0.000643 -0.005970 0.000863 0.001068 0.001866
0.819200 -0.000358 -0.000641 -0.005986 0.000863 0.001069 0.001867
0.821900 -0.000359 -0.000640 -0.006001 0.000864 0.001070 0.001867
0.824700 -0.000360 -0.000639 -0.006017 0.000864 0.001071 0.001868
0.827400 -0.000362 -0.000637 -0.006032 0.000865 0.001071 0.001869
0.830100 -0.000363 -0.000636 -0.006047 0.000865 0.001072 0.001870
0.832900 -0.000364 -0.000634 -0.006063 0.000866 0.001073 0.001871
0.835600 -0.000366 -0.000633 -0.006078 0.000866 0.001074 0.001871
0.838400 -0.000367 -0.000631 -0.006094 0.000867 0.001075 0.001872
0.841100 -0.000368 -0.000630 -0.006109 0.000867 0.001076 0.001873
0.843800 -0.000369 -0.000628 -0.006124 0.000867 0.001076 0.001874
0.846600 -0.000371 -0.000627 -0.006139 0.000868 0.001077 0.001874
0.849300 -0.000372 -0.000625 -0.006154 0.000868 0.001078 0.001875
0.852100 -0.000374 -0.000624 -0.006170 0.000869 0.001079 0.001876
0.854800 -0.000375 -0.000622 -0.006185 0.000869 0.001080 0.001877
0.857500 -0.000376 -0.000621 -0.006199 0.000870 0.001080 0.001877
0.860300 -0.000378 -0.000619 -0.006215 0.000870 0.001081 0.001878
0.863000 -0.000379 -0.000617 -0.006229 0.000871 0.001082 0.001879
0.865800 -0.000380 -0.000616 -0.006245 0.000871 0.001083 0.001880
0.868500 -0.000381 -0.000614 -0.006259 0.000872 0.001084 0.001880
0.871200 -0.000383 -0.000613 -0.006274 0.000872 0.001084 0.001881
0.912300 -0.000403 -0.000587 -0.006492 0.000880 0.001096 0.001892
0.915100 -0.000404 -0.000585 -0.006506 0.000880 0.001097 0.001892
0.917800 -0.000405 -0.000584 -0.006520 0.000881 0.001098 0.001893
0.920600 -0.000407 -0.000582 -0.006535 0.000881 0.001098 0.001894
0.923300 -0.000408 -0.000580 -0.006549 0.000882 0.001099 0.001894
0.926000 -0.000409 -0.000578 -0.006563 0.000882 0.001100 0.001895
0.928800 -0.000411 -0.000576 -0.006577 0.000883 0.001101 0.001896
0.931500 -0.000412 -0.000574 -0.006591 0.000883 0.001101 0.001896
0.934300 -0.000414 -0.000573 -0.006605 0.000884 0.001102 0.001897
0.937000 -0.000415 -0.000571 -0.006619 0.000884 0.001103 0.001898
0.939700 -0.000416 -0.000569 -0.006632 0.000885 0.001104 0.001898
0.942500 -0.000417 -0.000567 -0.006647 0.000885 0.001104 0.001899
0.945200 -0.000419 -0.000565 -0.006660 0.000886 0.001105 0.001900
0.947900 -0.000420 -0.000563 -0.006674 0.000886 0.001106 0.001900
0.950700 -0.000421 -0.000561 -0.006688 0.000887 0.001107 0.001901
0.953400 -0.000423 -0.000559 -0.006701 0.000887 0.001107 0.001902
0.956200 -0.000424 -0.000557 -0.006715 0.000888 0.001108 0.001902
0.958900 -0.000425 -0.000556 -0.006729 0.000888 0.001109 0.001903
0.961600 -0.000427 -0.000554 -0.006742 0.000888 0.001109 0.001904
0.964400 -0.000428 -0.000552 -0.006756 0.000889 0.001110 0.001904
0.967100 -0.000429 -0.000550 -0.006769 0.000889 0.001111 0.001905
0.972600 -0.000432 -0.000546 -0.006796 0.000890 0.001112 0.001906
0.975300 -0.000433 -0.000544 -0.006809 0.000891 0.001113 0.001907
0.978100 -0.000435 -0.000542 -0.006823 0.000891 0.001114 0.001907
0.980800 -0.000436 -0.000540 -0.006836 0.000892 0.001114 0.001908
0.983600 -0.000438 -0.000538 -0.006850 0.000892 0.001115 0.001909
0.986300 -0.000439 -0.000536 -0.006863 0.000893 0.001116 0.001909
0.989000 -0.000440 -0.000534 -0.006876 0.000893 0.001116 0.001910
0.991800 -0.000442 -0.000532 -0.006889 0.000894 0.001117 0.001911
0.994500 -0.000443 -0.000530 -0.006902 0.000894 0.001118 0.001911
0.997300 -0.000444 -0.000528 -0.006915 0.000895 0.001118 0.001912
1.000000 -0.000446 -0.000526 -0.006928 0.000895 0.001119 0.001912
1.002700 -0.000447 -0.000524 -0.006941 0.000896 0.001120 0.001913
1.005500 -0.000448 -0.000522 -0.006954 0.000896 0.001121 0.001914
1.008200 -0.000450 -0.000520 -0.006967 0.000897 0.001121 0.001914
1.011000 -0.000451 -0.000517 -0.006980 0.000897 0.001122 0.001915
1.013700 -0.000452 -0.000515 -0.006993 0.000898 0.001122 0.001915
1.016400 -0.000454 -0.000513 -0.007006 0.000898 0.001123 0.001916
1.019200 -0.000455 -0.000511 -0.007019 0.000899 0.001124 0.001917
1.021900 -0.000456 -0.000509 -0.007031 0.000899 0.001124 0.001917
1.024700 -0.000458 -0.000507 -0.007044 0.000900 0.001125 0.001918
1.027400 -0.000459 -0.000505 -0.007057 0.000900 0.001126 0.001918
1.030100 -0.000460 -0.000503 -0.007069 0.000901 0.001126 0.001919
1.032900 -0.000462 -0.000501 -0.007082 0.000901 0.001127 0.001919
1.035600 -0.000463 -0.000498 -0.007094 0.000902 0.001128 0.001920
1.038400 -0.000464 -0.000496 -0.007107 0.000902 0.001128 0.001921
1.041100 -0.000466 -0.000494 -0.007120 0.000903 0.001129 0.001921
1.043800 -0.000467 -0.000492 -0.007132 0.000903 0.001130 0.001922
1.046600 -0.000468 -0.000490 -0.007145 0.000904 0.001130 0.001922
1.049300 -0.000470 -0.000488 -0.007157 0.000904 0.001131 0.001923
1.052100 -0.000471 -0.000485 -0.007169 0.000905 0.001131 0.001924
1.054800 -0.000472 -0.000483 -0.007181 0.000905 0.001132 0.001924
1.057500 -0.000474 -0.000481 -0.007194 0.000906 0.001133 0.001925
1.060300 -0.000475 -0.000479 -0.007206 0.000906 0.001133 0.001925
1.063000 -0.000476 -0.000477 -0.007218 0.000907 0.001134 0.001926
1.065800 -0.000478 -0.000474 -0.007231 0.000907 0.001135 0.001926
1.068500 -0.000479 -0.000472 -0.007242 0.000908 0.001135 0.001927
1.071200 -0.000480 -0.000470 -0.007254 0.000908 0.001136 0.001927
1.074000 -0.000482 -0.000468 -0.007267 0.000909 0.001136 0.001928
1.076700 -0.000483 -0.000466 -0.007279 0.000909 0.001137 0.001929
1.079500 -0.000484 -0.000463 -0.007291 0.000910 0.001138 0.001929
1.082200 -0.000486 -0.000461 -0.007303 0.000910 0.001138 0.001930
1.084900 -0.000487 -0.000459 -0.007314 0.000910 0.001139 0.001930
1.087700 -0.000488 -0.000456 -0.007326 0.000911 0.001139 0.001931
1.090400 -0.000490 -0.000454 -0.007338 0.000911 0.001140 0.001931
1.093200 -0.000491 -0.000452 -0.007350 0.000912 0.001141 0.001932
1.095900 -0.000492 -0.000450 -0.007362 0.000912 0.001141 0.001932
1.098600 -0.000494 -0.000447 -0.007373 0.000913 0.001142 0.001933
1.101400 -0.000495 -0.000445 -0.007385 0.000913 0.001142 0.001933
1.104100 -0.000496 -0.000443 -0.007397 0.000914 0.001143 0.001934
1.106900 -0.000498 -0.000440 -0.007409 0.000914 0.001143 0.001934
1.109600 -0.000499 -0.000438 -0.007420 0.000915 0.001144 0.001935
1.112300 -0.000500 -0.000436 -0.007431 0.000915 0.001144 0.001935
1.115100 -0.000502 -0.000433 -0.007443 0.000916 0.001145 0.001936
1.117800 -0.000503 -0.000431 -0.007455 0.000916 0.001146 0.001936
1.120600 -0.000504 -0.000429 -0.007466 0.000917 0.001146 0.001937
1.123300 -0.000506 -0.000426 -0.007477 0.000917 0.001147 0.001937
1.126000 -0.000507 -0.000424 -0.007489 0.000918 0.001147 0.001938
1.128800 -0.000508 -0.000422 -0.007500 0.000918 0.001148 0.001938
1.131500 -0.000510 -0.000419 -0.007511 0.000919 0.001148 0.001939
1.134300 -0.000511 -0.000417 -0.007523 0.000919 0.001149 0.001939
1.137000 -0.000512 -0.000415 -0.007534 0.000920 0.001149 0.001940
1.139700 -0.000514 -0.000412 -0.007545 0.000920 0.001150 0.001940
1.142500 -0.000515 -0.000410 -0.007556 0.000921 0.001150 0.001941
1.145200 -0.000516 -0.000408 -0.007567 0.000921 0.001151 0.001941
1.147900 -0.000518 -0.000405 -0.007578 0.000922 0.001151 0.001942
1.150700 -0.000519 -0.000403 -0.007590 0.000922 0.001152 0.001942
1.153400 -0.000520 -0.000400 -0.007601 0.000923 0.001153 0.001943
1.156200 -0.000522 -0.000398 -0.007612 0.000923 0.001153 0.001943
1.158900 -0.000523 -0.000395 -0.007623 0.000924 0.001154 0.001944
1.161600 -0.000524 -0.000393 -0.007633 0.000924 0.001154 0.001944
1.164400 -0.000526 -0.000391 -0.007644 0.000925 0.001155 0.001945
1.167100 -0.000527 -0.000388 -0.007655 0.000925 0.001155 0.001945
1.169900 -0.000528 -0.000386 -0.007666 0.000926 0.001156 0.001946
1.172600 -0.000530 -0.000383 -0.007677 0.000926 0.001156 0.001946
1.175300 -0.000531 -0.000381 -0.007687 0.000927 0.001157 0.001947
1.178100 -0.000532 -0.000378 -0.007698 0.000927 0.001157 0.001947
1.180800 -0.000534 -0.000376 -0.007709 0.000928 0.001158 0.001948
1.183600 -0.000535 -0.000374 -0.007720 0.000928 0.001158 0.001948
1.186300 -0.000536 -0.000371 -0.007730 0.000929 0.001159 0.001949
1.189000 -0.000538 -0.000369 -0.007741 0.000929 0.001159 0.001949
1.191800 -0.000539 -0.000366 -0.007751 0.000930 0.001159 0.001949
1.194500 -0.000540 -0.000364 -0.007762 0.000930 0.001160 0.001950
1.197300 -0.000542 -0.000361 -0.007773 0.000931 0.001160 0.001950
1.205500 -0.000546 -0.000354 -0.007804 0.000932 0.001162 0.001952
1.208200 -0.000547 -0.000351 -0.007814 0.000932 0.001162 0.001952
1.211000 -0.000548 -0.000349 -0.007824 0.000933 0.001163 0.001953
1.213700 -0.000550 -0.000346 -0.007835 0.000933 0.001163 0.001953
1.219200 -0.000552 -0.000341 -0.007855 0.000934 0.001164 0.001954
1.221900 -0.000554 -0.000339 -0.007865 0.000935 0.001165 0.001954
1.224700 -0.000555 -0.000336 -0.007875 0.000935 0.001165 0.001955
1.227400 -0.000556 -0.000334 -0.007885 0.000936 0.001165 0.001955
1.230100 -0.000558 -0.000331 -0.007895 0.000936 0.001166 0.001956
1.232900 -0.000559 -0.000329 -0.007906 0.000937 0.001166 0.001956
1.235600 -0.000560 -0.000326 -0.007915 0.000937 0.001167 0.001956
1.238400 -0.000562 -0.000323 -0.007926 0.000938 0.001167 0.001957
1.241100 -0.000563 -0.000321 -0.007935 0.000938 0.001168 0.001957
1.243800 -0.000564 -0.000318 -0.007945 0.000939 0.001168 0.001958
1.246600 -0.000566 -0.000316 -0.007955 0.000939 0.001168 0.001958
1.249300 -0.000567 -0.000313 -0.007965 0.000940 0.001169 0.001958
1.252100 -0.000568 -0.000311 -0.007975 0.000940 0.001169 0.001959
1.254800 -0.000570 -0.000308 -0.007985 0.000941 0.001170 0.001959
1.257500 -0.000571 -0.000306 -0.007994 0.000941 0.001170 0.001960
1.260300 -0.000572 -0.000303 -0.008004 0.000942 0.001171 0.001960
1.263000 -0.000574 -0.000300 -0.008014 0.000942 0.001171 0.001960
1.265800 -0.000575 -0.000298 -0.008024 0.000943 0.001171 0.001961
1.268500 -0.000576 -0.000295 -0.008033 0.000943 0.001172 0.001961
1.271200 -0.000578 -0.000293 -0.008043 0.000944 0.001172 0.001962
1.274000 -0.000579 -0.000290 -0.008052 0.000944 0.001173 0.001962
1.276700 -0.000580 -0.000288 -0.008062 0.000945 0.001173 0.001962
1.279500 -0.000582 -0.000285 -0.008071 0.000945 0.001173 0.001963
1.282200 -0.000583 -0.000282 -0.008081 0.000946 0.001174 0.001963
1.284900 -0.000584 -0.000280 -0.008090 0.000946 0.001174 0.001963
1.287700 -0.000586 -0.000277 -0.008100 0.000947 0.001174 0.001964
1.290400 -0.000587 -0.000274 -0.008109 0.000947 0.001175 0.001964
1.293200 -0.000588 -0.000272 -0.008118 0.000948 0.001175 0.001965
1.295900 -0.000590 -0.000269 -0.008127 0.000948 0.001176 0.001965
1.298600 -0.000591 -0.000267 -0.008137 0.000949 0.001176 0.001965
1.301400 -0.000592 -0.000264 -0.008146 0.000949 0.001176 0.001966
1.304100 -0.000594 -0.000261 -0.008155 0.000950 0.001177 0.001966
1.309600 -0.000596 -0.000256 -0.008173 0.000951 0.001177 0.001967
1.312300 -0.000597 -0.000253 -0.008182 0.000951 0.001178 0.001967
1.315100 -0.000599 -0.000251 -0.008192 0.000952 0.001178 0.001967
1.317800 -0.000600 -0.000248 -0.008201 0.000952 0.001179 0.001968
1.320600 -0.000602 -0.000245 -0.008210 0.000953 0.001179 0.001968
1.323300 -0.000603 -0.000243 -0.008219 0.000953 0.001179 0.001969
1.326000 -0.000604 -0.000240 -0.008228 0.000953 0.001180 0.001969
1.328800 -0.000605 -0.000238 -0.008237 0.000954 0.001180 0.001969
1.331500 -0.000607 -0.000235 -0.008245 0.000954 0.001180 0.001970
1.334300 -0.000608 -0.000232 -0.008254 0.000955 0.001181 0.001970
1.337000 -0.000609 -0.000230 -0.008263 0.000955 0.001181 0.001970
1.345200 -0.000613 -0.000222 -0.008289 0.000957 0.001182 0.001971
1.347900 -0.000615 -0.000219 -0.008298 0.000957 0.001182 0.001972
1.350700 -0.000616 -0.000216 -0.008307 0.000958 0.001183 0.001972
1.353400 -0.000617 -0.000213 -0.008315 0.000958 0.001183 0.001972
1.356200 -0.000619 -0.000211 -0.008324 0.000959 0.001183 0.001973
1.358900 -0.000620 -0.000208 -0.008333 0.000959 0.001183 0.001973
1.361600 -0.000621 -0.000205 -0.008341 0.000960 0.001184 0.001973
1.364400 -0.000623 -0.000203 -0.008350 0.000960 0.001184 0.001973
1.367100 -0.000624 -0.000200 -0.008358 0.000961 0.001184 0.001974
1.369900 -0.000625 -0.000197 -0.008367 0.000961 0.001185 0.001974
1.372600 -0.000627 -0.000195 -0.008375 0.000962 0.001185 0.001974
1.375300 -0.000628 -0.000192 -0.008383 0.000962 0.001185 0.001975
1.378100 -0.000629 -0.000189 -0.008392 0.000963 0.001186 0.001975
1.380800 -0.000631 -0.000186 -0.008400 0.000963 0.001186 0.001975
1.383600 -0.000632 -0.000184 -0.008409 0.000964 0.001186 0.001976
1.386300 -0.000633 -0.000181 -0.008417 0.000964 0.001187 0.001976
1.389000 -0.000634 -0.000178 -0.008425 0.000965 0.001187 0.001976
1.391800 -0.000636 -0.000176 -0.008433 0.000965 0.001187 0.001977
1.394500 -0.000637 -0.000173 -0.008441 0.000966 0.001187 0.001977
1.402700 -0.000641 -0.000165 -0.008466 0.000967 0.001188 0.001978
1.405500 -0.000642 -0.000162 -0.008474 0.000968 0.001188 0.001978
1.408200 -0.000644 -0.000159 -0.008482 0.000968 0.001189 0.001978
1.411000 -0.000645 -0.000156 -0.008490 0.000969 0.001189 0.001979
1.413700 -0.000646 -0.000154 -0.008498 0.000969 0.001189 0.001979
1.419200 -0.000649 -0.000148 -0.008514 0.000970 0.001190 0.001979
1.421900 -0.000650 -0.000146 -0.008522 0.000971 0.001190 0.001980
1.424700 -0.000652 -0.000143 -0.008530 0.000971 0.001190 0.001980
1.432900 -0.000656 -0.000134 -0.008553 0.000973 0.001191 0.001981
1.435600 -0.000657 -0.000132 -0.008561 0.000973 0.001191 0.001981
1.438400 -0.000658 -0.000129 -0.008569 0.000974 0.001192 0.001981
1.441100 -0.000660 -0.000126 -0.008576 0.000974 0.001192 0.001981
1.443800 -0.000661 -0.000123 -0.008584 0.000974 0.001192 0.001982
1.449300 -0.000663 -0.000118 -0.008599 0.000975 0.001192 0.001982
1.452100 -0.000665 -0.000115 -0.008607 0.000976 0.001193 0.001982
1.454800 -0.000666 -0.000112 -0.008614 0.000976 0.001193 0.001983
1.457500 -0.000667 -0.000110 -0.008622 0.000977 0.001193 0.001983
1.460300 -0.000669 -0.000107 -0.008629 0.000977 0.001193 0.001983
1.463000 -0.000670 -0.000104 -0.008637 0.000978 0.001194 0.001983
1.465800 -0.000671 -0.000101 -0.008644 0.000978 0.001194 0.001984
1.468500 -0.000673 -0.000098 -0.008652 0.000979 0.001194 0.001984
1.471200 -0.000674 -0.000096 -0.008659 0.000979 0.001194 0.001984
1.474000 -0.000675 -0.000093 -0.008667 0.000980 0.001194 0.001984
1.476700 -0.000677 -0.000090 -0.008674 0.000980 0.001195 0.001985
1.479500 -0.000678 -0.000087 -0.008681 0.000981 0.001195 0.001985
1.482200 -0.000679 -0.000085 -0.008688 0.000981 0.001195 0.001985
1.484900 -0.000680 -0.000082 -0.008696 0.000982 0.001195 0.001985
1.487700 -0.000682 -0.000079 -0.008703 0.000982 0.001196 0.001985
1.490400 -0.000683 -0.000076 -0.008710 0.000983 0.001196 0.001986
1.493200 -0.000684 -0.000073 -0.008717 0.000983 0.001196 0.001986
1.495900 -0.000686 -0.000071 -0.008724 0.000984 0.001196 0.001986
1.498600 -0.000687 -0.000068 -0.008731 0.000984 0.001196 0.001986
1.501400 -0.000688 -0.000065 -0.008739 0.000985 0.001196 0.001987
1.504100 -0.000690 -0.000062 -0.008746 0.000985 0.001197 0.001987
1.506900 -0.000691 -0.000059 -0.008753 0.000986 0.001197 0.001987
1.520600 -0.000697 -0.000045 -0.008787 0.000988 0.001198 0.001988
1.523300 -0.000699 -0.000042 -0.008794 0.000989 0.001198 0.001988
1.526000 -0.000700 -0.000040 -0.008801 0.000989 0.001198 0.001988
1.528800 -0.000701 -0.000037 -0.008808 0.000990 0.001198 0.001989
1.531500 -0.000703 -0.000034 -0.008815 0.000990 0.001198 0.001989
1.534300 -0.000704 -0.000031 -0.008822 0.000991 0.001199 0.001989
1.537000 -0.000705 -0.000028 -0.008828 0.000991 0.001199 0.001989
1.539700 -0.000707 -0.000026 -0.008835 0.000992 0.001199 0.001989
1.542500 -0.000708 -0.000023 -0.008842 0.000992 0.001199 0.001989
1.545200 -0.000709 -0.000020 -0.008848 0.000993 0.001199 0.001990
1.547900 -0.000710 -0.000017 -0.008855 0.000993 0.001199 0.001990
1.550700 -0.000712 -0.000014 -0.008861 0.000994 0.001200 0.001990
1.553400 -0.000713 -0.000011 -0.008868 0.000994 0.001200 0.001990
1.556200 -0.000714 -0.000008 -0.008875 0.000994 0.001200 0.001990
1.558900 -0.000716 -0.000006 -0.008881 0.000995 0.001200 0.001991
1.561600 -0.000717 -0.000003 -0.008887 0.000995 0.001200 0.001991
1.564400 -0.000718 -0.000000 -0.008894 0.000996 0.001200 0.001991
1.567100 -0.000720 0.000003 -0.008900 0.000996 0.001200 0.001991
1.569900 -0.000721 0.000006 -0.008907 0.000997 0.001201 0.001991
1.572600 -0.000722 0.000008 -0.008913 0.000997 0.001201 0.001991
1.575300 -0.000723 0.000011 -0.008920 0.000998 0.001201 0.001992
1.578100 -0.000725 0.000014 -0.008926 0.000998 0.001201 0.001992
1.580800 -0.000726 0.000017 -0.008932 0.000999 0.001201 0.001992
1.586300 -0.000729 0.000023 -0.008945 0.001000 0.001201 0.001992
1.589000 -0.000730 0.000026 -0.008951 0.001000 0.001201 0.001992
1.591800 -0.000731 0.000028 -0.008957 0.001001 0.001202 0.001992
1.594500 -0.000733 0.000031 -0.008964 0.001001 0.001202 0.001993
1.597300 -0.000734 0.000034 -0.008970 0.001002 0.001202 0.001993
1.600000 -0.000735 0.000037 -0.008976 0.001002 0.001202 0.001993
1.602700 -0.000736 0.000040 -0.008982 0.001003 0.001202 0.001993
1.605500 -0.000738 0.000043 -0.008988 0.001003 0.001202 0.001993
1.608200 -0.000739 0.000045 -0.008994 0.001004 0.001202 0.001993
1.611000 -0.000740 0.000048 -0.009000 0.001004 0.001202 0.001993
1.613700 -0.000742 0.000051 -0.009006 0.001005 0.001203 0.001994
1.616400 -0.000743 0.000054 -0.009012 0.001005 0.001203 0.001994
1.619200 -0.000744 0.000057 -0.009018 0.001006 0.001203 0.001994
1.621900 -0.000745 0.000060 -0.009024 0.001006 0.001203 0.001994
1.624700 -0.000747 0.000063 -0.009030 0.001007 0.001203 0.001994
1.627400 -0.000748 0.000066 -0.009036 0.001007 0.001203 0.001994
1.630100 -0.000749 0.000068 -0.009042 0.001008 0.001203 0.001994
1.632900 -0.000751 0.000071 -0.009048 0.001008 0.001203 0.001994
1.635600 -0.000752 0.000074 -0.009053 0.001009 0.001203 0.001995
1.638400 -0.000753 0.000077 -0.009059 0.001009 0.001203 0.001995
1.641100 -0.000755 0.000080 -0.009065 0.001010 0.001203 0.001995
1.643800 -0.000756 0.000083 -0.009071 0.001010 0.001204 0.001995
1.646600 -0.000757 0.000086 -0.009077 0.001011 0.001204 0.001995
1.649300 -0.000758 0.000088 -0.009082 0.001011 0.001204 0.001995
1.652100 -0.000760 0.000091 -0.009088 0.001012 0.001204 0.001995
1.654800 -0.000761 0.000094 -0.009094 0.001012 0.001204 0.001995
1.657500 -0.000762 0.000097 -0.009099 0.001012 0.001204 0.001995
1.660300 -0.000764 0.000100 -0.009105 0.001013 0.001204 0.001996
1.663000 -0.000765 0.000103 -0.009110 0.001013 0.001204 0.001996
1.665800 -0.000766 0.000106 -0.009116 0.001014 0.001204 0.001996
1.668500 -0.000767 0.000109 -0.009121 0.001014 0.001204 0.001996
1.671200 -0.000769 0.000111 -0.009127 0.001015 0.001204 0.001996
1.674000 -0.000770 0.000114 -0.009132 0.001015 0.001204 0.001996
1.676700 -0.000771 0.000117 -0.009138 0.001016 0.001204 0.001996
1.679500 -0.000773 0.000120 -0.009143 0.001016 0.001205 0.001996
1.682200 -0.000774 0.000123 -0.009149 0.001017 0.001205 0.001996
1.684900 -0.000775 0.000126 -0.009154 0.001017 0.001205 0.001996
1.687700 -0.000776 0.000129 -0.009159 0.001018 0.001205 0.001996
1.690400 -0.000778 0.000132 -0.009165 0.001018 0.001205 0.001997
1.693200 -0.000779 0.000134 -0.009170 0.001019 0.001205 0.001997
1.698600 -0.000782 0.000140 -0.009181 0.001020 0.001205 0.001997
1.709600 -0.000787 0.000152 -0.009202 0.001022 0.001205 0.001997
1.712300 -0.000788 0.000155 -0.009207 0.001022 0.001205 0.001997
1.715100 -0.000789 0.000158 -0.009212 0.001023 0.001205 0.001997
1.717800 -0.000791 0.000160 -0.009217 0.001023 0.001205 0.001997
1.720600 -0.000792 0.000163 -0.009222 0.001024 0.001205 0.001997
1.723300 -0.000793 0.000166 -0.009227 0.001024 0.001205 0.001997
1.726000 -0.000794 0.000169 -0.009232 0.001025 0.001205 0.001997
1.728800 -0.000796 0.000172 -0.009237 0.001025 0.001205 0.001998
1.731500 -0.000797 0.000175 -0.009242 0.001026 0.001205 0.001998
1.734300 -0.000798 0.000178 -0.009247 0.001026 0.001205 0.001998
1.737000 -0.000799 0.000181 -0.009252 0.001027 0.001206 0.001998
1.739700 -0.000801 0.000183 -0.009257 0.001027 0.001206 0.001998
1.742500 -0.000802 0.000186 -0.009262 0.001028 0.001206 0.001998
1.745200 -0.000803 0.000189 -0.009267 0.001028 0.001206 0.001998
1.747900 -0.000805 0.000192 -0.009272 0.001029 0.001206 0.001998
1.750700 -0.000806 0.000195 -0.009276 0.001029 0.001206 0.001998
1.753400 -0.000807 0.000198 -0.009281 0.001029 0.001206 0.001998
1.756100 -0.000808 0.000201 -0.009286 0.001030 0.001206 0.001998
1.758900 -0.000810 0.000204 -0.009291 0.001030 0.001206 0.001998
1.791600 -0.000825 0.000238 -0.009346 0.001036 0.001206 0.001998
1.794400 -0.000826 0.000241 -0.009351 0.001037 0.001206 0.001999
1.797100 -0.000827 0.000244 -0.009355 0.001037 0.001206 0.001999
1.799800 -0.000829 0.000247 -0.009359 0.001038 0.001206 0.001999
1.802600 -0.000830 0.000250 -0.009364 0.001038 0.001206 0.001999
1.805300 -0.000831 0.000253 -0.009368 0.001039 0.001206 0.001999
1.808000 -0.000832 0.000256 -0.009373 0.001039 0.001206 0.001999
1.810800 -0.000834 0.000258 -0.009377 0.001040 0.001206 0.001999
1.813500 -0.000835 0.000261 -0.009381 0.001040 0.001206 0.001999
1.816200 -0.000836 0.000264 -0.009386 0.001041 0.001206 0.001999
1.819000 -0.000838 0.000267 -0.009390 0.001041 0.001206 0.001999
1.821700 -0.000839 0.000270 -0.009394 0.001042 0.001206 0.001999
1.824400 -0.000840 0.000273 -0.009398 0.001042 0.001206 0.001999
1.827200 -0.000841 0.000276 -0.009403 0.001043 0.001206 0.001999
1.829900 -0.000843 0.000279 -0.009407 0.001043 0.001206 0.001999
1.832600 -0.000844 0.000282 -0.009411 0.001044 0.001206 0.001999
1.835400 -0.000845 0.000284 -0.009415 0.001044 0.001206 0.001999
1.838100 -0.000846 0.000287 -0.009419 0.001045 0.001206 0.001999
1.840800 -0.000848 0.000290 -0.009424 0.001045 0.001206 0.001999
1.843600 -0.000849 0.000293 -0.009428 0.001045 0.001206 0.001999
1.846300 -0.000850 0.000296 -0.009432 0.001046 0.001206 0.001999
1.849000 -0.000851 0.000299 -0.009436 0.001046 0.001206 0.001999
1.851800 -0.000853 0.000302 -0.009440 0.001047 0.001205 0.001999
1.854500 -0.000854 0.000305 -0.009444 0.001047 0.001205 0.001999
1.857200 -0.000855 0.000307 -0.009448 0.001048 0.001205 0.001999
1.860000 -0.000857 0.000310 -0.009452 0.001048 0.001205 0.001999
1.862700 -0.000858 0.000313 -0.009456 0.001049 0.001205 0.001999
1.865400 -0.000859 0.000316 -0.009460 0.001049 0.001205 0.001999
1.868100 -0.000860 0.000319 -0.009464 0.001050 0.001205 0.001999
1.870900 -0.000862 0.000322 -0.009468 0.001050 0.001205 0.001999
1.873600 -0.000863 0.000325 -0.009471 0.001051 0.001205 0.001999
1.876300 -0.000864 0.000328 -0.009475 0.001051 0.001205 0.001999
1.879100 -0.000865 0.000331 -0.009479 0.001052 0.001205 0.001999
1.881800 -0.000867 0.000333 -0.009483 0.001052 0.001205 0.001999
1.884500 -0.000868 0.000336 -0.009487 0.001053 0.001205 0.001999
1.887300 -0.000869 0.000339 -0.009491 0.001053 0.001205 0.001999
1.890000 -0.000870 0.000342 -0.009494 0.001054 0.001205 0.001999
1.892700 -0.000872 0.000345 -0.009498 0.001054 0.001205 0.001998
1.895500 -0.000873 0.000348 -0.009502 0.001055 0.001205 0.001998
1.898200 -0.000874 0.000351 -0.009506 0.001055 0.001205 0.001998
1.900900 -0.000875 0.000354 -0.009509 0.001056 0.001205 0.001998
1.903700 -0.000877 0.000357 -0.009513 0.001056 0.001205 0.001998
1.906400 -0.000878 0.000359 -0.009517 0.001057 0.001205 0.001998
1.909100 -0.000879 0.000362 -0.009520 0.001057 0.001205 0.001998
1.911900 -0.000880 0.000365 -0.009524 0.001058 0.001205 0.001998
1.914600 -0.000882 0.000368 -0.009527 0.001058 0.001205 0.001998
1.917300 -0.000883 0.000371 -0.009531 0.001059 0.001205 0.001998
1.920100 -0.000884 0.000374 -0.009535 0.001059 0.001204 0.001998
1.922800 -0.000885 0.000377 -0.009538 0.001060 0.001204 0.001998
1.925500 -0.000887 0.000380 -0.009542 0.001060 0.001204 0.001998
1.928300 -0.000888 0.000383 -0.009545 0.001060 0.001204 0.001998
1.931000 -0.000889 0.000385 -0.009549 0.001061 0.001204 0.001998
1.933700 -0.000890 0.000388 -0.009552 0.001061 0.001204 0.001998
1.936500 -0.000892 0.000391 -0.009555 0.001062 0.001204 0.001998
1.939200 -0.000893 0.000394 -0.009559 0.001062 0.001204 0.001998
1.941900 -0.000894 0.000397 -0.009562 0.001063 0.001204 0.001998
1.944700 -0.000895 0.000400 -0.009566 0.001063 0.001204 0.001998
1.947400 -0.000897 0.000403 -0.009569 0.001064 0.001204 0.001998
1.950100 -0.000898 0.000406 -0.009572 0.001064 0.001204 0.001998
1.952800 -0.000899 0.000408 -0.009576 0.001065 0.001204 0.001998
1.955600 -0.000900 0.000411 -0.009579 0.001065 0.001204 0.001998
1.958300 -0.000902 0.000414 -0.009582 0.001066 0.001204 0.001998
1.961000 -0.000903 0.000417 -0.009585 0.001066 0.001204 0.001998
1.963800 -0.000904 0.000420 -0.009589 0.001067 0.001203 0.001997
1.966500 -0.000905 0.000423 -0.009592 0.001067 0.001203 0.001997
1.969200 -0.000906 0.000426 -0.009595 0.001068 0.001203 0.001997
1.972000 -0.000908 0.000429 -0.009598 0.001068 0.001203 0.001997
1.974700 -0.000909 0.000431 -0.009602 0.001069 0.001203 0.001997
1.977400 -0.000910 0.000434 -0.009605 0.001069 0.001203 0.001997
1.980200 -0.000911 0.000437 -0.009608 0.001070 0.001203 0.001997
1.982900 -0.000913 0.000440 -0.009611 0.001070 0.001203 0.001997
1.985600 -0.000914 0.000443 -0.009614 0.001071 0.001203 0.001997
1.988400 -0.000915 0.000446 -0.009617 0.001071 0.001203 0.001997
1.991100 -0.000916 0.000449 -0.009620 0.001072 0.001203 0.001997
1.993800 -0.000918 0.000452 -0.009623 0.001072 0.001203 0.001997
1.996600 -0.000919 0.000455 -0.009626 0.001073 0.001203 0.001997
1.999300 -0.000920 0.000457 -0.009629 0.001073 0.001202 0.001997
2.002000 -0.000921 0.000460 -0.009632 0.001074 0.001202 0.001997
2.004800 -0.000923 0.000463 -0.009635 0.001074 0.001202 0.001997
2.007500 -0.000924 0.000466 -0.009638 0.001074 0.001202 0.001997
2.010200 -0.000925 0.000469 -0.009641 0.001075 0.001202 0.001996
2.013000 -0.000926 0.000472 -0.009644 0.001075 0.001202 0.001996
2.034800 -0.000936 0.000495 -0.009667 0.001079 0.001201 0.001996
2.037500 -0.000937 0.000497 -0.009670 0.001080 0.001201 0.001996
2.040300 -0.000939 0.000500 -0.009673 0.001080 0.001201 0.001996
2.043000 -0.000940 0.000503 -0.009675 0.001081 0.001201 0.001996
2.045700 -0.000941 0.000506 -0.009678 0.001081 0.001201 0.001996
2.048500 -0.000942 0.000509 -0.009681 0.001082 0.001201 0.001995
2.051200 -0.000944 0.000512 -0.009683 0.001082 0.001201 0.001995
2.067600 -0.000951 0.000529 -0.009699 0.001085 0.001200 0.001995
2.070300 -0.000952 0.000532 -0.009702 0.001086 0.001200 0.001995
2.073100 -0.000953 0.000535 -0.009704 0.001086 0.001200 0.001995
2.103100 -0.000967 0.000566 -0.009731 0.001091 0.001199 0.001994
2.105900 -0.000968 0.000569 -0.009734 0.001092 0.001199 0.001994
2.108600 -0.000969 0.000572 -0.009736 0.001092 0.001199 0.001994
2.111300 -0.000971 0.000575 -0.009738 0.001093 0.001199 0.001994
2.114100 -0.000972 0.000578 -0.009741 0.001093 0.001198 0.001993
2.116800 -0.000973 0.000580 -0.009743 0.001094 0.001198 0.001993
2.119500 -0.000974 0.000583 -0.009745 0.001094 0.001198 0.001993
2.122200 -0.000975 0.000586 -0.009747 0.001095 0.001198 0.001993
2.125000 -0.000977 0.000589 -0.009750 0.001095 0.001198 0.001993
2.127700 -0.000978 0.000592 -0.009752 0.001096 0.001198 0.001993
2.130400 -0.000979 0.000595 -0.009754 0.001096 0.001198 0.001993
2.133200 -0.000980 0.000598 -0.009756 0.001097 0.001198 0.001993
2.135900 -0.000982 0.000600 -0.009759 0.001097 0.001198 0.001993
2.138600 -0.000983 0.000603 -0.009761 0.001098 0.001197 0.001993
2.141400 -0.000984 0.000606 -0.009763 0.001098 0.001197 0.001993
2.146800 -0.000986 0.000612 -0.009767 0.001099 0.001197 0.001992
2.149600 -0.000988 0.000615 -0.009769 0.001100 0.001197 0.001992
2.152300 -0.000989 0.000617 -0.009771 0.001100 0.001197 0.001992
2.155000 -0.000990 0.000620 -0.009773 0.001101 0.001197 0.001992
2.157800 -0.000991 0.000623 -0.009775 0.001101 0.001197 0.001992
2.160500 -0.000993 0.000626 -0.009777 0.001102 0.001197 0.001992
2.163200 -0.000994 0.000629 -0.009779 0.001102 0.001196 0.001992
2.166000 -0.000995 0.000632 -0.009781 0.001102 0.001196 0.001992
2.168700 -0.000996 0.000634 -0.009783 0.001103 0.001196 0.001992
2.171400 -0.000997 0.000637 -0.009785 0.001103 0.001196 0.001991
2.174200 -0.000999 0.000640 -0.009787 0.001104 0.001196 0.001991
2.176900 -0.001000 0.000643 -0.009789 0.001104 0.001196 0.001991
2.179600 -0.001001 0.000646 -0.009791 0.001105 0.001196 0.001991
2.206900 -0.001013 0.000674 -0.009810 0.001110 0.001195 0.001990
2.209700 -0.001014 0.000677 -0.009812 0.001110 0.001194 0.001990
2.212400 -0.001016 0.000680 -0.009813 0.001111 0.001194 0.001990
2.215100 -0.001017 0.000682 -0.009815 0.001111 0.001194 0.001990
2.217900 -0.001018 0.000685 -0.009817 0.001112 0.001194 0.001990
2.220600 -0.001019 0.000688 -0.009818 0.001112 0.001194 0.001990
2.223300 -0.001020 0.000691 -0.009820 0.001113 0.001194 0.001989
2.226100 -0.001022 0.000694 -0.009822 0.001113 0.001194 0.001989
2.228800 -0.001023 0.000697 -0.009824 0.001114 0.001194 0.001989
2.231500 -0.001024 0.000699 -0.009825 0.001114 0.001194 0.001989
2.234300 -0.001025 0.000702 -0.009827 0.001115 0.001193 0.001989
2.237000 -0.001026 0.000705 -0.009828 0.001115 0.001193 0.001989
2.239700 -0.001028 0.000708 -0.009830 0.001116 0.001193 0.001989
2.242500 -0.001029 0.000711 -0.009832 0.001116 0.001193 0.001989
2.245200 -0.001030 0.000713 -0.009833 0.001116 0.001193 0.001989
2.247900 -0.001031 0.000716 -0.009835 0.001117 0.001193 0.001989
2.250700 -0.001032 0.000719 -0.009836 0.001117 0.001193 0.001988
2.253400 -0.001034 0.000722 -0.009838 0.001118 0.001193 0.001988
2.256100 -0.001035 0.000725 -0.009839 0.001118 0.001192 0.001988
2.258900 -0.001036 0.000728 -0.009841 0.001119 0.001192 0.001988
2.261600 -0.001037 0.000730 -0.009842 0.001119 0.001192 0.001988
2.264300 -0.001038 0.000733 -0.009844 0.001120 0.001192 0.001988
2.267100 -0.001040 0.000736 -0.009845 0.001120 0.001192 0.001988
2.269800 -0.001041 0.000739 -0.009847 0.001121 0.001192 0.001988
2.272500 -0.001042 0.000742 -0.009848 0.001121 0.001192 0.001988
2.275300 -0.001043 0.000744 -0.009850 0.001122 0.001192 0.001988
2.278000 -0.001044 0.000747 -0.009851 0.001122 0.001191 0.001987
2.280700 -0.001046 0.000750 -0.009852 0.001123 0.001191 0.001987
2.283400 -0.001047 0.000753 -0.009854 0.001123 0.001191 0.001987
2.286200 -0.001048 0.000756 -0.009855 0.001124 0.001191 0.001987
2.288900 -0.001049 0.000758 -0.009857 0.001124 0.001191 0.001987
2.291600 -0.001050 0.000761 -0.009858 0.001125 0.001191 0.001987
2.294400 -0.001052 0.000764 -0.009859 0.001125 0.001191 0.001987
2.297100 -0.001053 0.000767 -0.009861 0.001126 0.001191 0.001987
2.299800 -0.001054 0.000769 -0.009862 0.001126 0.001191 0.001987
2.305300 -0.001056 0.000775 -0.009864 0.001127 0.001190 0.001986
2.308000 -0.001058 0.000778 -0.009866 0.001128 0.001190 0.001986
2.310800 -0.001059 0.000781 -0.009867 0.001128 0.001190 0.001986
2.313500 -0.001060 0.000783 -0.009868 0.001129 0.001190 0.001986
2.316200 -0.001061 0.000786 -0.009869 0.001129 0.001190 0.001986
2.319000 -0.001062 0.000789 -0.009871 0.001129 0.001190 0.001986
2.321700 -0.001064 0.000792 -0.009872 0.001130 0.001190 0.001986
2.324400 -0.001065 0.000795 -0.009873 0.001130 0.001189 0.001986
2.327200 -0.001066 0.000797 -0.009874 0.001131 0.001189 0.001986
2.329900 -0.001067 0.000800 -0.009875 0.001131 0.001189 0.001985
2.332600 -0.001068 0.000803 -0.009876 0.001132 0.001189 0.001985
2.335400 -0.001070 0.000806 -0.009878 0.001132 0.001189 0.001985
2.340800 -0.001072 0.000811 -0.009880 0.001133 0.001189 0.001985
2.343600 -0.001073 0.000814 -0.009881 0.001134 0.001189 0.001985
2.346300 -0.001074 0.000817 -0.009882 0.001134 0.001188 0.001985
2.349000 -0.001076 0.000820 -0.009883 0.001135 0.001188 0.001985
2.351800 -0.001077 0.000822 -0.009884 0.001135 0.001188 0.001985
2.354500 -0.001078 0.000825 -0.009885 0.001136 0.001188 0.001985
2.357200 -0.001079 0.000828 -0.009886 0.001136 0.001188 0.001984
2.360000 -0.001080 0.000831 -0.009887 0.001137 0.001188 0.001984
2.362700 -0.001081 0.000834 -0.009888 0.001137 0.001188 0.001984
2.365400 -0.001083 0.000836 -0.009889 0.001138 0.001188 0.001984
2.368100 -0.001084 0.000839 -0.009890 0.001138 0.001188 0.001984
2.370900 -0.001085 0.000842 -0.009891 0.001139 0.001187 0.001984
2.373600 -0.001086 0.000845 -0.009892 0.001139 0.001187 0.001984
2.376300 -0.001087 0.000847 -0.009893 0.001140 0.001187 0.001984
2.379100 -0.001089 0.000850 -0.009894 0.001140 0.001187 0.001984
2.381800 -0.001090 0.000853 -0.009895 0.001141 0.001187 0.001984
2.384500 -0.001091 0.000856 -0.009896 0.001141 0.001187 0.001983
2.387300 -0.001092 0.000858 -0.009897 0.001142 0.001187 0.001983
2.390000 -0.001093 0.000861 -0.009897 0.001142 0.001187 0.001983
2.392700 -0.001094 0.000864 -0.009898 0.001142 0.001186 0.001983
2.395500 -0.001096 0.000867 -0.009899 0.001143 0.001186 0.001983
2.398200 -0.001097 0.000869 -0.009900 0.001143 0.001186 0.001983
2.400900 -0.001098 0.000872 -0.009901 0.001144 0.001186 0.001983
2.403700 -0.001099 0.000875 -0.009902 0.001144 0.001186 0.001983
2.406400 -0.001100 0.000878 -0.009902 0.001145 0.001186 0.001983
2.409100 -0.001102 0.000880 -0.009903 0.001145 0.001186 0.001983
2.411900 -0.001103 0.000883 -0.009904 0.001146 0.001186 0.001983
2.414600 -0.001104 0.000886 -0.009905 0.001146 0.001186 0.001982
2.417300 -0.001105 0.000889 -0.009905 0.001147 0.001185 0.001982
2.420100 -0.001106 0.000892 -0.009906 0.001147 0.001185 0.001982
2.422800 -0.001107 0.000894 -0.009907 0.001148 0.001185 0.001982
2.425500 -0.001109 0.000897 -0.009908 0.001148 0.001185 0.001982
2.428300 -0.001110 0.000900 -0.009908 0.001149 0.001185 0.001982
2.431000 -0.001111 0.000902 -0.009909 0.001149 0.001185 0.001982
2.433700 -0.001112 0.000905 -0.009910 0.001150 0.001185 0.001982
2.436500 -0.001113 0.000908 -0.009910 0.001150 0.001185 0.001982
2.439200 -0.001115 0.000911 -0.009911 0.001151 0.001185 0.001982
2.441900 -0.001116 0.000913 -0.009912 0.001151 0.001184 0.001982
2.444700 -0.001117 0.000916 -0.009912 0.001152 0.001184 0.001982
2.447400 -0.001118 0.000919 -0.009913 0.001152 0.001184 0.001981
2.450100 -0.001119 0.000922 -0.009913 0.001153 0.001184 0.001981
2.452800 -0.001120 0.000924 -0.009914 0.001153 0.001184 0.001981
2.455600 -0.001122 0.000927 -0.009915 0.001154 0.001184 0.001981
2.458300 -0.001123 0.000930 -0.009915 0.001154 0.001184 0.001981
2.461000 -0.001124 0.000933 -0.009916 0.001155 0.001184 0.001981
2.463800 -0.001125 0.000935 -0.009916 0.001155 0.001184 0.001981
2.466500 -0.001126 0.000938 -0.009917 0.001155 0.001183 0.001981
2.469200 -0.001127 0.000941 -0.009917 0.001156 0.001183 0.001981
2.472000 -0.001129 0.000944 -0.009918 0.001156 0.001183 0.001981
2.474700 -0.001130 0.000946 -0.009918 0.001157 0.001183 0.001981
2.477400 -0.001131 0.000949 -0.009919 0.001157 0.001183 0.001981
2.480200 -0.001132 0.000952 -0.009919 0.001158 0.001183 0.001981
2.482900 -0.001133 0.000954 -0.009920 0.001158 0.001183 0.001980
2.485600 -0.001134 0.000957 -0.009920 0.001159 0.001183 0.001980
2.488400 -0.001136 0.000960 -0.009921 0.001159 0.001183 0.001980
2.491100 -0.001137 0.000963 -0.009921 0.001160 0.001182 0.001980
2.493800 -0.001138 0.000965 -0.009921 0.001160 0.001182 0.001980
2.496600 -0.001139 0.000968 -0.009922 0.001161 0.001182 0.001980
2.499300 -0.001140 0.000971 -0.009922 0.001161 0.001182 0.001980
2.502000 -0.001141 0.000973 -0.009923 0.001162 0.001182 0.001980
2.504800 -0.001143 0.000976 -0.009923 0.001162 0.001182 0.001980
2.507500 -0.001144 0.000979 -0.009923 0.001163 0.001182 0.001980
2.510200 -0.001145 0.000982 -0.009924 0.001163 0.001182 0.001980
2.513000 -0.001146 0.000984 -0.009924 0.001164 0.001182 0.001980
2.515700 -0.001147 0.000987 -0.009924 0.001164 0.001182 0.001980
2.518400 -0.001148 0.000990 -0.009925 0.001165 0.001181 0.001980
2.521200 -0.001150 0.000992 -0.009925 0.001165 0.001181 0.001980
2.523900 -0.001151 0.000995 -0.009925 0.001166 0.001181 0.001979
2.526600 -0.001152 0.000998 -0.009926 0.001166 0.001181 0.001979
2.529400 -0.001153 0.001001 -0.009926 0.001167 0.001181 0.001979
2.532100 -0.001154 0.001003 -0.009926 0.001167 0.001181 0.001979
2.534800 -0.001155 0.001006 -0.009926 0.001167 0.001181 0.001979
2.537500 -0.001157 0.001009 -0.009927 0.001168 0.001181 0.001979
2.540300 -0.001158 0.001011 -0.009927 0.001168 0.001181 0.001979
2.543000 -0.001159 0.001014 -0.009927 0.001169 0.001181 0.001979
2.545700 -0.001160 0.001017 -0.009927 0.001169 0.001181 0.001979
2.548500 -0.001161 0.001019 -0.009927 0.001170 0.001180 0.001979
2.551200 -0.001162 0.001022 -0.009928 0.001170 0.001180 0.001979
2.553900 -0.001164 0.001025 -0.009928 0.001171 0.001180 0.001979
2.556700 -0.001165 0.001027 -0.009928 0.001171 0.001180 0.001979
2.559400 -0.001166 0.001030 -0.009928 0.001172 0.001180 0.001979
2.562100 -0.001167 0.001033 -0.009928 0.001172 0.001180 0.001979
2.564900 -0.001168 0.001036 -0.009928 0.001173 0.001180 0.001979
2.567600 -0.001169 0.001038 -0.009929 0.001173 0.001180 0.001979
2.570300 -0.001171 0.001041 -0.009929 0.001174 0.001180 0.001979
2.573100 -0.001172 0.001044 -0.009929 0.001174 0.001180 0.001979
2.575800 -0.001173 0.001046 -0.009929 0.001175 0.001180 0.001979
2.578500 -0.001174 0.001049 -0.009929 0.001175 0.001179 0.001979
2.581300 -0.001175 0.001052 -0.009929 0.001176 0.001179 0.001978
2.584000 -0.001176 0.001054 -0.009929 0.001176 0.001179 0.001978
2.586700 -0.001177 0.001057 -0.009929 0.001177 0.001179 0.001978
2.589500 -0.001179 0.001060 -0.009929 0.001177 0.001179 0.001978
2.592200 -0.001180 0.001062 -0.009929 0.001178 0.001179 0.001978
2.594900 -0.001181 0.001065 -0.009929 0.001178 0.001179 0.001978
2.597700 -0.001182 0.001068 -0.009929 0.001179 0.001179 0.001978
2.600400 -0.001183 0.001070 -0.009929 0.001179 0.001179 0.001978
2.603100 -0.001184 0.001073 -0.009929 0.001179 0.001179 0.001978
2.605900 -0.001186 0.001076 -0.009929 0.001180 0.001179 0.001978
2.608600 -0.001187 0.001078 -0.009929 0.001180 0.001179 0.001978
2.611300 -0.001188 0.001081 -0.009929 0.001181 0.001179 0.001978
2.614100 -0.001189 0.001084 -0.009929 0.001181 0.001178 0.001978
2.616800 -0.001190 0.001086 -0.009929 0.001182 0.001178 0.001978
2.619500 -0.001191 0.001089 -0.009929 0.001182 0.001178 0.001978
2.622200 -0.001192 0.001092 -0.009929 0.001183 0.001178 0.001978
2.625000 -0.001194 0.001094 -0.009929 0.001183 0.001178 0.001978
2.627700 -0.001195 0.001097 -0.009928 0.001184 0.001178 0.001978
2.630400 -0.001196 0.001100 -0.009928 0.001184 0.001178 0.001978
2.633200 -0.001197 0.001102 -0.009928 0.001185 0.001178 0.001978
2.635900 -0.001198 0.001105 -0.009928 0.001185 0.001178 0.001978
2.638600 -0.001199 0.001108 -0.009928 0.001186 0.001178 0.001978
2.641400 -0.001200 0.001110 -0.009928 0.001186 0.001178 0.001978
2.644100 -0.001202 0.001113 -0.009928 0.001187 0.001178 0.001978
2.646800 -0.001203 0.001116 -0.009927 0.001187 0.001178 0.001978
2.649600 -0.001204 0.001118 -0.009927 0.001188 0.001178 0.001978
2.652300 -0.001205 0.001121 -0.009927 0.001188 0.001178 0.001978
2.655000 -0.001206 0.001124 -0.009927 0.001189 0.001177 0.001978
2.657800 -0.001207 0.001126 -0.009927 0.001189 0.001177 0.001978
2.660500 -0.001209 0.001129 -0.009926 0.001190 0.001177 0.001978
2.663200 -0.001210 0.001131 -0.009926 0.001190 0.001177 0.001978
2.666000 -0.001211 0.001134 -0.009926 0.001191 0.001177 0.001978
2.668700 -0.001212 0.001137 -0.009926 0.001191 0.001177 0.001978
2.671400 -0.001213 0.001139 -0.009925 0.001191 0.001177 0.001978
2.674200 -0.001214 0.001142 -0.009925 0.001192 0.001177 0.001978
2.676900 -0.001215 0.001145 -0.009925 0.001192 0.001177 0.001978
2.679600 -0.001216 0.001147 -0.009925 0.001193 0.001177 0.001978
2.682400 -0.001218 0.001150 -0.009924 0.001193 0.001177 0.001978
2.685100 -0.001219 0.001153 -0.009924 0.001194 0.001177 0.001978
2.687800 -0.001220 0.001155 -0.009924 0.001194 0.001177 0.001978
2.690600 -0.001221 0.001158 -0.009923 0.001195 0.001177 0.001978
2.750700 -0.001246 0.001215 -0.009913 0.001205 0.001176 0.001979
2.753400 -0.001247 0.001218 -0.009913 0.001206 0.001176 0.001979
2.756200 -0.001248 0.001221 -0.009912 0.001206 0.001176 0.001979
2.758900 -0.001249 0.001223 -0.009912 0.001207 0.001176 0.001979
2.761600 -0.001251 0.001226 -0.009911 0.001207 0.001176 0.001979
2.764400 -0.001252 0.001228 -0.009911 0.001208 0.001176 0.001979
2.767100 -0.001253 0.001231 -0.009910 0.001208 0.001176 0.001979
2.769900 -0.001254 0.001234 -0.009909 0.001209 0.001176 0.001979
2.772600 -0.001255 0.001236 -0.009909 0.001209 0.001176 0.001979
2.775300 -0.001256 0.001239 -0.009908 0.001210 0.001176 0.001979
2.778100 -0.001257 0.001241 -0.009908 0.001210 0.001176 0.001979
2.780800 -0.001259 0.001244 -0.009907 0.001211 0.001176 0.001979
2.783600 -0.001260 0.001247 -0.009906 0.001211 0.001176 0.001980
2.786300 -0.001261 0.001249 -0.009906 0.001212 0.001176 0.001980
2.791800 -0.001263 0.001254 -0.009904 0.001213 0.001176 0.001980
2.794500 -0.001264 0.001257 -0.009904 0.001213 0.001176 0.001980
2.797300 -0.001265 0.001260 -0.009903 0.001214 0.001176 0.001980
2.800000 -0.001266 0.001262 -0.009902 0.001214 0.001176 0.001980
2.802700 -0.001268 0.001265 -0.009902 0.001215 0.001176 0.001980
2.805500 -0.001269 0.001267 -0.009901 0.001215 0.001176 0.001980
2.808200 -0.001270 0.001270 -0.009900 0.001215 0.001176 0.001980
2.811000 -0.001271 0.001273 -0.009899 0.001216 0.001176 0.001980
2.813700 -0.001272 0.001275 -0.009899 0.001216 0.001176 0.001980
2.816400 -0.001273 0.001278 -0.009898 0.001217 0.001176 0.001981
2.819200 -0.001274 0.001280 -0.009897 0.001217 0.001176 0.001981
2.821900 -0.001275 0.001283 -0.009896 0.001218 0.001176 0.001981
2.824700 -0.001277 0.001285 -0.009896 0.001218 0.001176 0.001981
2.827400 -0.001278 0.001288 -0.009895 0.001219 0.001176 0.001981
2.830100 -0.001279 0.001290 -0.009894 0.001219 0.001176 0.001981
2.832900 -0.001280 0.001293 -0.009893 0.001220 0.001176 0.001981
2.835600 -0.001281 0.001296 -0.009892 0.001220 0.001176 0.001981
2.838400 -0.001282 0.001298 -0.009892 0.001221 0.001176 0.001981
2.841100 -0.001283 0.001301 -0.009891 0.001221 0.001176 0.001981
2.843800 -0.001284 0.001303 -0.009890 0.001222 0.001176 0.001982
2.846600 -0.001286 0.001306 -0.009889 0.001222 0.001176 0.001982
2.849300 -0.001287 0.001308 -0.009888 0.001223 0.001176 0.001982
2.852100 -0.001288 0.001311 -0.009887 0.001223 0.001176 0.001982
2.854800 -0.001289 0.001314 -0.009886 0.001224 0.001176 0.001982
2.857500 -0.001290 0.001316 -0.009886 0.001224 0.001176 0.001982
2.860300 -0.001291 0.001319 -0.009885 0.001225 0.001176 0.001982
2.863000 -0.001292 0.001321 -0.009884 0.001225 0.001176 0.001982
2.865800 -0.001293 0.001324 -0.009883 0.001226 0.001176 0.001983
2.898600 -0.001307 0.001354 -0.009871 0.001231 0.001176 0.001984
2.901400 -0.001308 0.001357 -0.009870 0.001232 0.001176 0.001984
2.904100 -0.001309 0.001359 -0.009869 0.001232 0.001176 0.001985
2.906900 -0.001310 0.001362 -0.009868 0.001233 0.001176 0.001985
2.909600 -0.001311 0.001365 -0.009867 0.001233 0.001176 0.001985
2.912300 -0.001312 0.001367 -0.009866 0.001234 0.001176 0.001985
2.915100 -0.001313 0.001370 -0.009865 0.001234 0.001176 0.001985
2.917800 -0.001315 0.001372 -0.009864 0.001235 0.001177 0.001985
2.920600 -0.001316 0.001375 -0.009863 0.001235 0.001177 0.001986
2.923300 -0.001317 0.001377 -0.009862 0.001236 0.001177 0.001986
2.926000 -0.001318 0.001380 -0.009861 0.001236 0.001177 0.001986
2.928800 -0.001319 0.001382 -0.009860 0.001237 0.001177 0.001986
2.931500 -0.001320 0.001385 -0.009859 0.001237 0.001177 0.001986
2.934300 -0.001321 0.001387 -0.009858 0.001238 0.001177 0.001987
2.937000 -0.001322 0.001390 -0.009857 0.001238 0.001177 0.001987
2.939700 -0.001323 0.001392 -0.009856 0.001239 0.001177 0.001987
2.942500 -0.001325 0.001395 -0.009854 0.001239 0.001177 0.001987
2.945200 -0.001326 0.001397 -0.009853 0.001240 0.001177 0.001987
2.947900 -0.001327 0.001400 -0.009852 0.001240 0.001177 0.001988
2.950700 -0.001328 0.001402 -0.009851 0.001240 0.001177 0.001988
2.953400 -0.001329 0.001405 -0.009850 0.001241 0.001177 0.001988
2.956200 -0.001330 0.001407 -0.009849 0.001241 0.001177 0.001988
2.958900 -0.001331 0.001410 -0.009848 0.001242 0.001177 0.001988
2.961600 -0.001332 0.001412 -0.009846 0.001242 0.001178 0.001989
2.964400 -0.001333 0.001415 -0.009845 0.001243 0.001178 0.001989
2.967100 -0.001335 0.001417 -0.009844 0.001243 0.001178 0.001989
2.969900 -0.001336 0.001420 -0.009843 0.001244 0.001178 0.001989
2.972600 -0.001337 0.001422 -0.009842 0.001244 0.001178 0.001989
2.975300 -0.001338 0.001425 -0.009840 0.001245 0.001178 0.001990
2.978100 -0.001339 0.001427 -0.009839 0.001245 0.001178 0.001990
2.980800 -0.001340 0.001430 -0.009838 0.001246 0.001178 0.001990
2.983600 -0.001341 0.001432 -0.009837 0.001246 0.001178 0.001990
2.986300 -0.001342 0.001435 -0.009835 0.001247 0.001178 0.001991
2.989000 -0.001343 0.001437 -0.009834 0.001247 0.001178 0.001991
2.991800 -0.001344 0.001440 -0.009833 0.001248 0.001178 0.001991
2.994500 -0.001346 0.001442 -0.009832 0.001248 0.001178 0.001991
2.997300 -0.001347 0.001445 -0.009830 0.001249 0.001179 0.001991
3.000000 -0.001348 0.001447 -0.009829 0.001249 0.001179 0.001992
3.002700 -0.001349 0.001450 -0.009828 0.001250 0.001179 0.001992
3.005500 -0.001350 0.001452 -0.009827 0.001250 0.001179 0.001992
3.008200 -0.001351 0.001455 -0.009825 0.001251 0.001179 0.001992
3.011000 -0.001352 0.001457 -0.009824 0.001251 0.001179 0.001993
3.013700 -0.001353 0.001460 -0.009823 0.001251 0.001179 0.001993
3.016400 -0.001354 0.001462 -0.009821 0.001252 0.001179 0.001993
3.019200 -0.001355 0.001465 -0.009820 0.001252 0.001179 0.001993
3.021900 -0.001357 0.001467 -0.009819 0.001253 0.001179 0.001994
3.052100 -0.001369 0.001494 -0.009803 0.001258 0.001181 0.001997
3.054800 -0.001370 0.001497 -0.009802 0.001259 0.001181 0.001997
3.057500 -0.001371 0.001499 -0.009801 0.001259 0.001181 0.001997
3.060300 -0.001372 0.001502 -0.009799 0.001260 0.001181 0.001998
3.065800 -0.001374 0.001507 -0.009796 0.001261 0.001181 0.001998
3.068500 -0.001375 0.001509 -0.009795 0.001261 0.001182 0.001999
3.071200 -0.001376 0.001511 -0.009793 0.001262 0.001182 0.001999
3.074000 -0.001377 0.001514 -0.009792 0.001262 0.001182 0.001999
3.076700 -0.001378 0.001516 -0.009791 0.001263 0.001182 0.001999
3.079500 -0.001380 0.001519 -0.009789 0.001263 0.001182 0.002000
3.082200 -0.001381 0.001521 -0.009788 0.001263 0.001182 0.002000
3.084900 -0.001382 0.001524 -0.009786 0.001264 0.001182 0.002000
3.087700 -0.001383 0.001526 -0.009785 0.001264 0.001183 0.002001
3.090400 -0.001384 0.001529 -0.009783 0.001265 0.001183 0.002001
3.093200 -0.001385 0.001531 -0.009782 0.001265 0.001183 0.002001
3.095900 -0.001386 0.001534 -0.009780 0.001266 0.001183 0.002002
3.098600 -0.001387 0.001536 -0.009779 0.001266 0.001183 0.002002
3.101400 -0.001388 0.001538 -0.009777 0.001267 0.001183 0.002002
3.104100 -0.001389 0.001541 -0.009775 0.001267 0.001183 0.002003
3.106900 -0.001390 0.001543 -0.009774 0.001268 0.001184 0.002003
3.109600 -0.001391 0.001546 -0.009772 0.001268 0.001184 0.002003
3.112300 -0.001393 0.001548 -0.009771 0.001269 0.001184 0.002004
3.115100 -0.001394 0.001551 -0.009769 0.001269 0.001184 0.002004
3.117800 -0.001395 0.001553 -0.009768 0.001270 0.001184 0.002005
3.120600 -0.001396 0.001555 -0.009766 0.001270 0.001184 0.002005
3.123300 -0.001397 0.001558 -0.009764 0.001271 0.001185 0.002005
3.126000 -0.001398 0.001560 -0.009763 0.001271 0.001185 0.002006
3.128800 -0.001399 0.001563 -0.009761 0.001272 0.001185 0.002006
3.131500 -0.001400 0.001565 -0.009760 0.001272 0.001185 0.002006
3.134300 -0.001401 0.001568 -0.009758 0.001273 0.001185 0.002007
3.137000 -0.001402 0.001570 -0.009756 0.001273 0.001185 0.002007
3.139700 -0.001403 0.001572 -0.009755 0.001274 0.001186 0.002007
3.142500 -0.001404 0.001575 -0.009753 0.001274 0.001186 0.002008
3.145200 -0.001406 0.001577 -0.009752 0.001274 0.001186 0.002008
3.147900 -0.001407 0.001580 -0.009750 0.001275 0.001186 0.002009
3.150700 -0.001408 0.001582 -0.009748 0.001275 0.001186 0.002009
3.153400 -0.001409 0.001584 -0.009747 0.001276 0.001187 0.002009
3.156200 -0.001410 0.001587 -0.009745 0.001276 0.001187 0.002010
3.158900 -0.001411 0.001589 -0.009743 0.001277 0.001187 0.002010
3.161600 -0.001412 0.001592 -0.009742 0.001277 0.001187 0.002011
3.164400 -0.001413 0.001594 -0.009740 0.001278 0.001187 0.002011
3.167100 -0.001414 0.001596 -0.009738 0.001278 0.001188 0.002011
3.169900 -0.001415 0.001599 -0.009737 0.001279 0.001188 0.002012
3.172600 -0.001416 0.001601 -0.009735 0.001279 0.001188 0.002012
3.175300 -0.001417 0.001604 -0.009733 0.001280 0.001188 0.002013
3.178100 -0.001418 0.001606 -0.009731 0.001280 0.001188 0.002013
3.180800 -0.001420 0.001608 -0.009730 0.001281 0.001189 0.002013
3.183600 -0.001421 0.001611 -0.009728 0.001281 0.001189 0.002014
3.186300 -0.001422 0.001613 -0.009726 0.001282 0.001189 0.002014
3.189000 -0.001423 0.001616 -0.009725 0.001282 0.001189 0.002015
3.191800 -0.001424 0.001618 -0.009723 0.001283 0.001189 0.002015
3.194500 -0.001425 0.001620 -0.009721 0.001283 0.001190 0.002016
3.197300 -0.001426 0.001623 -0.009719 0.001284 0.001190 0.002016
3.200000 -0.001427 0.001625 -0.009718 0.001284 0.001190 0.002016
3.202700 -0.001428 0.001628 -0.009716 0.001285 0.001190 0.002017
3.205500 -0.001429 0.001630 -0.009714 0.001285 0.001191 0.002017
3.208200 -0.001430 0.001632 -0.009712 0.001285 0.001191 0.002018
3.211000 -0.001431 0.001635 -0.009711 0.001286 0.001191 0.002018
3.213700 -0.001432 0.001637 -0.009709 0.001286 0.001191 0.002019
3.216400 -0.001433 0.001639 -0.009707 0.001287 0.001191 0.002019
3.219200 -0.001435 0.001642 -0.009705 0.001287 0.001192 0.002020
3.221900 -0.001436 0.001644 -0.009703 0.001288 0.001192 0.002020
3.224700 -0.001437 0.001647 -0.009702 0.001288 0.001192 0.002021
3.227400 -0.001438 0.001649 -0.009700 0.001289 0.001192 0.002021
3.241100 -0.001443 0.001661 -0.009691 0.001291 0.001194 0.002023
3.243800 -0.001444 0.001663 -0.009689 0.001292 0.001194 0.002024
3.246600 -0.001445 0.001666 -0.009687 0.001292 0.001194 0.002024
3.249300 -0.001446 0.001668 -0.009685 0.001293 0.001194 0.002025
3.252100 -0.001447 0.001670 -0.009683 0.001293 0.001195 0.002025
3.254800 -0.001448 0.001673 -0.009681 0.001294 0.001195 0.002026
3.257500 -0.001450 0.001675 -0.009679 0.001294 0.001195 0.002026
3.260300 -0.001451 0.001677 -0.009677 0.001295 0.001195 0.002027
3.265800 -0.001453 0.001682 -0.009674 0.001296 0.001196 0.002028
3.268500 -0.001454 0.001684 -0.009672 0.001296 0.001196 0.002028
3.271200 -0.001455 0.001687 -0.009670 0.001296 0.001196 0.002029
3.274000 -0.001456 0.001689 -0.009668 0.001297 0.001197 0.002029
3.276700 -0.001457 0.001691 -0.009666 0.001297 0.001197 0.002030
3.279500 -0.001458 0.001694 -0.009664 0.001298 0.001197 0.002030
3.282200 -0.001459 0.001696 -0.009662 0.001298 0.001198 0.002031
3.284900 -0.001460 0.001698 -0.009660 0.001299 0.001198 0.002032
3.287700 -0.001461 0.001701 -0.009658 0.001299 0.001198 0.002032
3.290400 -0.001462 0.001703 -0.009656 0.001300 0.001198 0.002033
3.293200 -0.001463 0.001706 -0.009654 0.001300 0.001199 0.002033
3.295900 -0.001464 0.001708 -0.009653 0.001301 0.001199 0.002034
3.298600 -0.001465 0.001710 -0.009651 0.001301 0.001199 0.002034
3.301400 -0.001467 0.001713 -0.009649 0.001302 0.001200 0.002035
3.304100 -0.001468 0.001715 -0.009647 0.001302 0.001200 0.002035
3.306900 -0.001469 0.001717 -0.009645 0.001303 0.001200 0.002036
3.309600 -0.001470 0.001720 -0.009643 0.001303 0.001200 0.002036
3.312300 -0.001471 0.001722 -0.009641 0.001304 0.001201 0.002037
3.315100 -0.001472 0.001724 -0.009639 0.001304 0.001201 0.002038
3.317800 -0.001473 0.001726 -0.009637 0.001305 0.001201 0.002038
3.320600 -0.001474 0.001729 -0.009635 0.001305 0.001202 0.002039
3.323300 -0.001475 0.001731 -0.009633 0.001306 0.001202 0.002039
3.326000 -0.001476 0.001733 -0.009631 0.001306 0.001202 0.002040
3.328800 -0.001477 0.001736 -0.009629 0.001306 0.001203 0.002040
3.331500 -0.001478 0.001738 -0.009627 0.001307 0.001203 0.002041
3.334300 -0.001479 0.001740 -0.009625 0.001307 0.001203 0.002042
3.337000 -0.001480 0.001743 -0.009623 0.001308 0.001204 0.002042
3.339700 -0.001481 0.001745 -0.009621 0.001308 0.001204 0.002043
3.342500 -0.001482 0.001747 -0.009618 0.001309 0.001204 0.002043
3.345200 -0.001483 0.001750 -0.009616 0.001309 0.001205 0.002044
3.347900 -0.001484 0.001752 -0.009614 0.001310 0.001205 0.002045
3.350700 -0.001486 0.001754 -0.009612 0.001310 0.001205 0.002045
3.353400 -0.001487 0.001757 -0.009610 0.001311 0.001206 0.002046
3.356200 -0.001488 0.001759 -0.009608 0.001311 0.001206 0.002046
3.358900 -0.001489 0.001761 -0.009606 0.001312 0.001206 0.002047
3.361600 -0.001490 0.001763 -0.009604 0.001312 0.001207 0.002048
3.364400 -0.001491 0.001766 -0.009602 0.001313 0.001207 0.002048
3.367100 -0.001492 0.001768 -0.009600 0.001313 0.001207 0.002049
3.369900 -0.001493 0.001770 -0.009598 0.001314 0.001208 0.002050
3.372600 -0.001494 0.001773 -0.009596 0.001314 0.001208 0.002050
3.375300 -0.001495 0.001775 -0.009594 0.001315 0.001208 0.002051
3.378100 -0.001496 0.001777 -0.009591 0.001315 0.001209 0.002052
3.380800 -0.001497 0.001780 -0.009589 0.001316 0.001209 0.002052
3.383600 -0.001498 0.001782 -0.009587 0.001316 0.001209 0.002053
3.386300 -0.001499 0.001784 -0.009585 0.001316 0.001210 0.002053
3.389000 -0.001500 0.001786 -0.009583 0.001317 0.001210 0.002054
3.391800 -0.001501 0.001789 -0.009581 0.001317 0.001210 0.002055
3.394500 -0.001502 0.001791 -0.009579 0.001318 0.001211 0.002055
3.397300 -0.001503 0.001793 -0.009576 0.001318 0.001211 0.002056
3.400000 -0.001504 0.001796 -0.009574 0.001319 0.001211 0.002057
3.402700 -0.001506 0.001798 -0.009572 0.001319 0.001212 0.002057
3.405500 -0.001507 0.001800 -0.009570 0.001320 0.001212 0.002058
3.408200 -0.001508 0.001802 -0.009568 0.001320 0.001213 0.002059
3.411000 -0.001509 0.001805 -0.009566 0.001321 0.001213 0.002059
3.413700 -0.001510 0.001807 -0.009564 0.001321 0.001213 0.002060
3.416400 -0.001511 0.001809 -0.009561 0.001322 0.001214 0.002061
3.419200 -0.001512 0.001812 -0.009559 0.001322 0.001214 0.002061
3.421900 -0.001513 0.001814 -0.009557 0.001323 0.001214 0.002062
3.424700 -0.001514 0.001816 -0.009555 0.001323 0.001215 0.002063
3.427400 -0.001515 0.001818 -0.009553 0.001324 0.001215 0.002064
3.430100 -0.001516 0.001821 -0.009550 0.001324 0.001216 0.002064
3.432900 -0.001517 0.001823 -0.009548 0.001325 0.001216 0.002065
3.435600 -0.001518 0.001825 -0.009546 0.001325 0.001216 0.002066
3.438400 -0.001519 0.001828 -0.009544 0.001326 0.001217 0.002066
3.441100 -0.001520 0.001830 -0.009542 0.001326 0.001217 0.002067
3.443800 -0.001521 0.001832 -0.009539 0.001326 0.001218 0.002068
3.446600 -0.001522 0.001834 -0.009537 0.001327 0.001218 0.002069
3.449300 -0.001523 0.001837 -0.009535 0.001327 0.001218 0.002069
3.452100 -0.001524 0.001839 -0.009533 0.001328 0.001219 0.002070
3.454800 -0.001525 0.001841 -0.009530 0.001328 0.001219 0.002071
3.457500 -0.001526 0.001843 -0.009528 0.001329 0.001220 0.002071
3.460300 -0.001527 0.001846 -0.009526 0.001329 0.001220 0.002072
3.463000 -0.001528 0.001848 -0.009524 0.001330 0.001220 0.002073
3.465800 -0.001530 0.001850 -0.009521 0.001330 0.001221 0.002074
3.468500 -0.001531 0.001852 -0.009519 0.001331 0.001221 0.002074
3.471200 -0.001532 0.001855 -0.009517 0.001331 0.001222 0.002075
3.474000 -0.001533 0.001857 -0.009514 0.001332 0.001222 0.002076
3.476700 -0.001534 0.001859 -0.009512 0.001332 0.001223 0.002077
3.479500 -0.001535 0.001861 -0.009510 0.001333 0.001223 0.002077
3.482200 -0.001536 0.001864 -0.009508 0.001333 0.001223 0.002078
3.484900 -0.001537 0.001866 -0.009505 0.001334 0.001224 0.002079
3.487700 -0.001538 0.001868 -0.009503 0.001334 0.001224 0.002080
3.490400 -0.001539 0.001870 -0.009501 0.001335 0.001225 0.002081
3.493200 -0.001540 0.001873 -0.009498 0.001335 0.001225 0.002081
3.495900 -0.001541 0.001875 -0.009496 0.001336 0.001226 0.002082
3.498600 -0.001542 0.001877 -0.009494 0.001336 0.001226 0.002083
3.501400 -0.001543 0.001879 -0.009491 0.001337 0.001227 0.002084
3.504100 -0.001544 0.001882 -0.009489 0.001337 0.001227 0.002084
3.506900 -0.001545 0.001884 -0.009487 0.001337 0.001227 0.002085
3.509600 -0.001546 0.001886 -0.009484 0.001338 0.001228 0.002086
3.512300 -0.001547 0.001888 -0.009482 0.001338 0.001228 0.002087
3.515100 -0.001548 0.001890 -0.009480 0.001339 0.001229 0.002088
3.517800 -0.001549 0.001893 -0.009477 0.001339 0.001229 0.002088
3.520600 -0.001550 0.001895 -0.009475 0.001340 0.001230 0.002089
3.523300 -0.001551 0.001897 -0.009473 0.001340 0.001230 0.002090
3.526000 -0.001552 0.001899 -0.009470 0.001341 0.001231 0.002091
3.528800 -0.001553 0.001902 -0.009468 0.001341 0.001231 0.002092
3.531500 -0.001554 0.001904 -0.009466 0.001342 0.001232 0.002093
3.534300 -0.001555 0.001906 -0.009463 0.001342 0.001232 0.002093
3.537000 -0.001556 0.001908 -0.009461 0.001343 0.001233 0.002094
3.539700 -0.001557 0.001910 -0.009458 0.001343 0.001233 0.002095
3.542500 -0.001558 0.001913 -0.009456 0.001344 0.001234 0.002096
3.545200 -0.001559 0.001915 -0.009454 0.001344 0.001234 0.002097
3.547900 -0.001561 0.001917 -0.009451 0.001345 0.001234 0.002098
3.550700 -0.001562 0.001919 -0.009449 0.001345 0.001235 0.002098
3.553400 -0.001563 0.001921 -0.009446 0.001346 0.001235 0.002099
3.556200 -0.001564 0.001924 -0.009444 0.001346 0.001236 0.002100
3.561600 -0.001566 0.001928 -0.009439 0.001347 0.001237 0.002102
3.564400 -0.001567 0.001930 -0.009437 0.001347 0.001237 0.002103
3.567100 -0.001568 0.001932 -0.009434 0.001348 0.001238 0.002104
3.569900 -0.001569 0.001935 -0.009432 0.001348 0.001238 0.002104
3.572600 -0.001570 0.001937 -0.009429 0.001349 0.001239 0.002105
3.575300 -0.001571 0.001939 -0.009427 0.001349 0.001239 0.002106
3.578100 -0.001572 0.001941 -0.009425 0.001350 0.001240 0.002107
3.580800 -0.001573 0.001943 -0.009422 0.001350 0.001240 0.002108
3.583600 -0.001574 0.001946 -0.009420 0.001351 0.001241 0.002109
3.586300 -0.001575 0.001948 -0.009417 0.001351 0.001242 0.002110
3.589000 -0.001576 0.001950 -0.009415 0.001352 0.001242 0.002111
3.591800 -0.001577 0.001952 -0.009412 0.001352 0.001243 0.002111
3.594500 -0.001578 0.001954 -0.009410 0.001353 0.001243 0.002112
3.597300 -0.001579 0.001957 -0.009407 0.001353 0.001244 0.002113
3.600000 -0.001580 0.001959 -0.009405 0.001354 0.001244 0.002114
3.602700 -0.001581 0.001961 -0.009402 0.001354 0.001245 0.002115
3.605500 -0.001582 0.001963 -0.009400 0.001355 0.001245 0.002116
3.608200 -0.001583 0.001965 -0.009397 0.001355 0.001246 0.002117
3.611000 -0.001584 0.001968 -0.009395 0.001356 0.001246 0.002118
3.613700 -0.001585 0.001970 -0.009392 0.001356 0.001247 0.002119
3.616400 -0.001586 0.001972 -0.009390 0.001356 0.001247 0.002120
3.619200 -0.001587 0.001974 -0.009387 0.001357 0.001248 0.002121
3.621900 -0.001588 0.001976 -0.009385 0.001357 0.001248 0.002122
3.624700 -0.001589 0.001978 -0.009382 0.001358 0.001249 0.002123
3.627400 -0.001590 0.001981 -0.009380 0.001358 0.001250 0.002123
3.630100 -0.001591 0.001983 -0.009377 0.001359 0.001250 0.002124
3.632900 -0.001592 0.001985 -0.009375 0.001359 0.001251 0.002125
3.638400 -0.001594 0.001989 -0.009370 0.001360 0.001252 0.002127
3.641100 -0.001595 0.001991 -0.009367 0.001361 0.001252 0.002128
3.643800 -0.001596 0.001994 -0.009365 0.001361 0.001253 0.002129
3.646600 -0.001597 0.001996 -0.009362 0.001362 0.001253 0.002130
3.649300 -0.001598 0.001998 -0.009360 0.001362 0.001254 0.002131
3.652100 -0.001599 0.002000 -0.009357 0.001363 0.001255 0.002132
3.654800 -0.001600 0.002002 -0.009355 0.001363 0.001255 0.002133
3.657500 -0.001601 0.002004 -0.009352 0.001364 0.001256 0.002134
3.663000 -0.001603 0.002009 -0.009347 0.001365 0.001257 0.002136
3.665800 -0.001604 0.002011 -0.009344 0.001365 0.001258 0.002137
3.682200 -0.001611 0.002024 -0.009329 0.001368 0.001261 0.002143
3.684900 -0.001612 0.002026 -0.009326 0.001368 0.001262 0.002144
3.687700 -0.001613 0.002028 -0.009324 0.001369 0.001262 0.002145
3.690400 -0.001614 0.002030 -0.009321 0.001369 0.001263 0.002146
3.693200 -0.001615 0.002032 -0.009318 0.001370 0.001263 0.002147
3.695900 -0.001616 0.002035 -0.009316 0.001370 0.001264 0.002148
3.698600 -0.001617 0.002037 -0.009313 0.001371 0.001265 0.002149
3.701400 -0.001618 0.002039 -0.009310 0.001371 0.001265 0.002150
3.704100 -0.001619 0.002041 -0.009308 0.001372 0.001266 0.002151
3.706900 -0.001620 0.002043 -0.009305 0.001372 0.001267 0.002152
3.709600 -0.001621 0.002045 -0.009303 0.001373 0.001267 0.002153
3.712300 -0.001622 0.002047 -0.009300 0.001373 0.001268 0.002154
3.715100 -0.001623 0.002049 -0.009297 0.001374 0.001268 0.002155
3.717800 -0.001624 0.002052 -0.009295 0.001374 0.001269 0.002156
3.720600 -0.001625 0.002054 -0.009292 0.001375 0.001270 0.002158
3.726000 -0.001627 0.002058 -0.009287 0.001375 0.001271 0.002160
3.728800 -0.001628 0.002060 -0.009284 0.001376 0.001272 0.002161
3.731500 -0.001629 0.002062 -0.009281 0.001376 0.001272 0.002162
3.734300 -0.001630 0.002064 -0.009279 0.001377 0.001273 0.002163
3.737000 -0.001631 0.002066 -0.009276 0.001377 0.001274 0.002164
3.739700 -0.001632 0.002069 -0.009274 0.001378 0.001274 0.002165
3.742500 -0.001633 0.002071 -0.009271 0.001378 0.001275 0.002166
3.745200 -0.001634 0.002073 -0.009268 0.001379 0.001275 0.002167
3.747900 -0.001635 0.002075 -0.009266 0.001379 0.001276 0.002168
3.750700 -0.001636 0.002077 -0.009263 0.001380 0.001277 0.002169
3.753400 -0.001637 0.002079 -0.009260 0.001380 0.001277 0.002171
3.756200 -0.001638 0.002081 -0.009257 0.001381 0.001278 0.002172
3.758900 -0.001639 0.002083 -0.009255 0.001381 0.001279 0.002173
3.761600 -0.001640 0.002085 -0.009252 0.001382 0.001279 0.002174
3.764400 -0.001641 0.002088 -0.009249 0.001382 0.001280 0.002175
3.767100 -0.001642 0.002090 -0.009247 0.001383 0.001281 0.002176
3.769900 -0.001643 0.002092 -0.009244 0.001383 0.001281 0.002177
3.772600 -0.001644 0.002094 -0.009241 0.001384 0.001282 0.002178
3.775300 -0.001645 0.002096 -0.009239 0.001384 0.001283 0.002179
3.778100 -0.001646 0.002098 -0.009236 0.001384 0.001283 0.002181
3.780800 -0.001647 0.002100 -0.009233 0.001385 0.001284 0.002182
3.786300 -0.001649 0.002104 -0.009228 0.001386 0.001286 0.002184
3.789000 -0.001650 0.002106 -0.009225 0.001386 0.001286 0.002185
3.791800 -0.001651 0.002109 -0.009222 0.001387 0.001287 0.002186
3.794500 -0.001652 0.002111 -0.009219 0.001387 0.001288 0.002187
3.797300 -0.001653 0.002113 -0.009217 0.001388 0.001288 0.002189
3.800000 -0.001654 0.002115 -0.009214 0.001388 0.001289 0.002190
3.802700 -0.001655 0.002117 -0.009211 0.001389 0.001290 0.002191
3.805500 -0.001656 0.002119 -0.009208 0.001389 0.001290 0.002192
3.808200 -0.001657 0.002121 -0.009206 0.001390 0.001291 0.002193
3.811000 -0.001658 0.002123 -0.009203 0.001390 0.001292 0.002194
3.813700 -0.001659 0.002125 -0.009200 0.001391 0.001293 0.002196
3.816400 -0.001660 0.002127 -0.009197 0.001391 0.001293 0.002197
3.819200 -0.001661 0.002129 -0.009195 0.001392 0.001294 0.002198
3.821900 -0.001662 0.002131 -0.009192 0.001392 0.001295 0.002199
3.824700 -0.001663 0.002134 -0.009189 0.001393 0.001295 0.002200
3.827400 -0.001664 0.002136 -0.009186 0.001393 0.001296 0.002202
3.830100 -0.001665 0.002138 -0.009184 0.001393 0.001297 0.002203
3.835600 -0.001667 0.002142 -0.009178 0.001394 0.001298 0.002205
3.838400 -0.001668 0.002144 -0.009175 0.001395 0.001299 0.002206
3.841100 -0.001669 0.002146 -0.009172 0.001395 0.001300 0.002208
3.843800 -0.001670 0.002148 -0.009170 0.001396 0.001301 0.002209
3.846600 -0.001671 0.002150 -0.009167 0.001396 0.001301 0.002210
3.849300 -0.001672 0.002152 -0.009164 0.001397 0.001302 0.002211
3.852100 -0.001673 0.002154 -0.009161 0.001397 0.001303 0.002212
3.857500 -0.001675 0.002158 -0.009156 0.001398 0.001304 0.002215
3.860300 -0.001676 0.002160 -0.009153 0.001399 0.001305 0.002216
3.863000 -0.001677 0.002162 -0.009150 0.001399 0.001306 0.002217
3.865800 -0.001678 0.002165 -0.009147 0.001400 0.001307 0.002219
3.868500 -0.001679 0.002167 -0.009144 0.001400 0.001307 0.002220
3.871200 -0.001680 0.002169 -0.009142 0.001401 0.001308 0.002221
3.874000 -0.001681 0.002171 -0.009139 0.001401 0.001309 0.002222
3.876700 -0.001682 0.002173 -0.009136 0.001401 0.001310 0.002224
3.879500 -0.001683 0.002175 -0.009133 0.001402 0.001310 0.002225
3.882200 -0.001684 0.002177 -0.009130 0.001402 0.001311 0.002226
3.884900 -0.001684 0.002179 -0.009127 0.001403 0.001312 0.002227
3.887700 -0.001685 0.002181 -0.009124 0.001403 0.001313 0.002229
3.890400 -0.001686 0.002183 -0.009122 0.001404 0.001313 0.002230
3.893200 -0.001687 0.002185 -0.009119 0.001404 0.001314 0.002231
3.895900 -0.001688 0.002187 -0.009116 0.001405 0.001315 0.002232
3.898600 -0.001689 0.002189 -0.009113 0.001405 0.001316 0.002234
3.901400 -0.001690 0.002191 -0.009110 0.001406 0.001317 0.002235
3.904100 -0.001691 0.002193 -0.009107 0.001406 0.001317 0.002236
3.906900 -0.001692 0.002195 -0.009104 0.001407 0.001318 0.002238
3.909600 -0.001693 0.002197 -0.009102 0.001407 0.001319 0.002239
3.912300 -0.001694 0.002199 -0.009099 0.001408 0.001320 0.002240
3.915100 -0.001695 0.002201 -0.009096 0.001408 0.001321 0.002242
3.917800 -0.001696 0.002203 -0.009093 0.001409 0.001321 0.002243
3.920600 -0.001697 0.002205 -0.009090 0.001409 0.001322 0.002244
3.923300 -0.001698 0.002207 -0.009087 0.001410 0.001323 0.002245
3.926000 -0.001699 0.002209 -0.009084 0.001410 0.001324 0.002247
3.928800 -0.001700 0.002212 -0.009081 0.001410 0.001325 0.002248
3.931500 -0.001701 0.002214 -0.009079 0.001411 0.001325 0.002249
3.934300 -0.001702 0.002216 -0.009076 0.001411 0.001326 0.002251
3.937000 -0.001703 0.002218 -0.009073 0.001412 0.001327 0.002252
3.939700 -0.001704 0.002220 -0.009070 0.001412 0.001328 0.002253
3.942500 -0.001705 0.002222 -0.009067 0.001413 0.001329 0.002255
3.945200 -0.001706 0.002224 -0.009064 0.001413 0.001330 0.002256
3.947900 -0.001707 0.002226 -0.009061 0.001414 0.001330 0.002257
3.950700 -0.001708 0.002228 -0.009058 0.001414 0.001331 0.002259
3.953400 -0.001709 0.002230 -0.009055 0.001415 0.001332 0.002260
3.956200 -0.001710 0.002232 -0.009052 0.001415 0.001333 0.002261
3.958900 -0.001711 0.002234 -0.009050 0.001416 0.001334 0.002263
3.961600 -0.001712 0.002236 -0.009047 0.001416 0.001335 0.002264
3.964400 -0.001713 0.002238 -0.009044 0.001417 0.001335 0.002266
3.967100 -0.001714 0.002240 -0.009041 0.001417 0.001336 0.002267
3.969900 -0.001715 0.002242 -0.009038 0.001418 0.001337 0.002268
3.972600 -0.001716 0.002244 -0.009035 0.001418 0.001338 0.002270
3.975300 -0.001717 0.002246 -0.009032 0.001418 0.001339 0.002271
3.978100 -0.001718 0.002248 -0.009029 0.001419 0.001340 0.002272
3.980800 -0.001719 0.002250 -0.009026 0.001419 0.001341 0.002274
3.983600 -0.001720 0.002252 -0.009023 0.001420 0.001341 0.002275
3.986300 -0.001721 0.002254 -0.009020 0.001420 0.001342 0.002277
3.989000 -0.001722 0.002256 -0.009017 0.001421 0.001343 0.002278
3.991800 -0.001723 0.002258 -0.009014 0.001421 0.001344 0.002279
3.994500 -0.001724 0.002260 -0.009011 0.001422 0.001345 0.002281
3.997300 -0.001725 0.002262 -0.009008 0.001422 0.001346 0.002282
4.000000 -0.001726 0.002264 -0.009005 0.001423 0.001347 0.002284
4.002700 -0.001727 0.002266 -0.009003 0.001423 0.001348 0.002285
4.005500 -0.001728 0.002268 -0.009000 0.001424 0.001348 0.002286
4.008200 -0.001729 0.002270 -0.008997 0.001424 0.001349 0.002288
4.011000 -0.001730 0.002272 -0.008994 0.001425 0.001350 0.002289
4.013700 -0.001731 0.002274 -0.008991 0.001425 0.001351 0.002291
4.016400 -0.001732 0.002276 -0.008988 0.001426 0.001352 0.002292
4.019200 -0.001733 0.002278 -0.008985 0.001426 0.001353 0.002293
4.021900 -0.001733 0.002280 -0.008982 0.001427 0.001354 0.002295
4.024700 -0.001734 0.002282 -0.008979 0.001427 0.001355 0.002296
4.027400 -0.001735 0.002284 -0.008976 0.001427 0.001356 0.002298
4.030100 -0.001736 0.002286 -0.008973 0.001428 0.001356 0.002299
4.032900 -0.001737 0.002288 -0.008970 0.001428 0.001357 0.002301
4.035600 -0.001738 0.002290 -0.008967 0.001429 0.001358 0.002302
4.038400 -0.001739 0.002292 -0.008964 0.001429 0.001359 0.002304
4.041100 -0.001740 0.002293 -0.008961 0.001430 0.001360 0.002305
4.043800 -0.001741 0.002295 -0.008958 0.001430 0.001361 0.002306
4.046600 -0.001742 0.002297 -0.008955 0.001431 0.001362 0.002308
4.049300 -0.001743 0.002299 -0.008952 0.001431 0.001363 0.002309
4.052100 -0.001744 0.002301 -0.008949 0.001432 0.001364 0.002311
4.054800 -0.001745 0.002303 -0.008946 0.001432 0.001365 0.002312
4.057500 -0.001746 0.002305 -0.008943 0.001433 0.001366 0.002314
4.060300 -0.001747 0.002307 -0.008940 0.001433 0.001367 0.002315
4.063000 -0.001748 0.002309 -0.008937 0.001434 0.001368 0.002317
4.065800 -0.001749 0.002311 -0.008934 0.001434 0.001368 0.002318
4.068500 -0.001750 0.002313 -0.008931 0.001435 0.001369 0.002320
4.071200 -0.001751 0.002315 -0.008928 0.001435 0.001370 0.002321
4.074000 -0.001752 0.002317 -0.008925 0.001435 0.001371 0.002323
4.076700 -0.001753 0.002319 -0.008922 0.001436 0.001372 0.002324
4.079500 -0.001754 0.002321 -0.008918 0.001436 0.001373 0.002326
4.082200 -0.001755 0.002323 -0.008916 0.001437 0.001374 0.002327
4.084900 -0.001756 0.002325 -0.008913 0.001437 0.001375 0.002329
4.087700 -0.001757 0.002327 -0.008909 0.001438 0.001376 0.002330
4.090400 -0.001758 0.002329 -0.008906 0.001438 0.001377 0.002332
4.093200 -0.001759 0.002331 -0.008903 0.001439 0.001378 0.002333
4.095900 -0.001760 0.002333 -0.008900 0.001439 0.001379 0.002335
4.098600 -0.001761 0.002335 -0.008897 0.001440 0.001380 0.002336
4.101400 -0.001762 0.002337 -0.008894 0.001440 0.001381 0.002338
4.104100 -0.001762 0.002339 -0.008891 0.001441 0.001382 0.002339
4.106900 -0.001763 0.002341 -0.008888 0.001441 0.001383 0.002341
4.109600 -0.001764 0.002342 -0.008885 0.001442 0.001384 0.002343
4.112300 -0.001765 0.002344 -0.008882 0.001442 0.001385 0.002344
4.115100 -0.001766 0.002346 -0.008879 0.001443 0.001386 0.002346
4.117800 -0.001767 0.002348 -0.008876 0.001443 0.001387 0.002347
4.120600 -0.001768 0.002350 -0.008873 0.001444 0.001388 0.002349
4.123300 -0.001769 0.002352 -0.008870 0.001444 0.001389 0.002350
4.126000 -0.001770 0.002354 -0.008867 0.001444 0.001390 0.002352
4.128800 -0.001771 0.002356 -0.008864 0.001445 0.001391 0.002353
4.131500 -0.001772 0.002358 -0.008861 0.001445 0.001392 0.002355
4.134300 -0.001773 0.002360 -0.008857 0.001446 0.001393 0.002357
4.137000 -0.001774 0.002362 -0.008854 0.001446 0.001394 0.002358
4.139700 -0.001775 0.002364 -0.008851 0.001447 0.001395 0.002360
4.142500 -0.001776 0.002366 -0.008848 0.001447 0.001396 0.002361
4.145200 -0.001777 0.002368 -0.008845 0.001448 0.001397 0.002363
4.147900 -0.001778 0.002369 -0.008842 0.001448 0.001398 0.002364
4.153400 -0.001780 0.002373 -0.008836 0.001449 0.001400 0.002368
4.156200 -0.001781 0.002375 -0.008833 0.001450 0.001401 0.002369
4.158900 -0.001782 0.002377 -0.008830 0.001450 0.001402 0.002371
4.161600 -0.001783 0.002379 -0.008827 0.001451 0.001403 0.002372
4.164400 -0.001784 0.002381 -0.008823 0.001451 0.001404 0.002374
4.167100 -0.001785 0.002383 -0.008820 0.001451 0.001405 0.002376
4.169900 -0.001785 0.002385 -0.008817 0.001452 0.001406 0.002377
4.172600 -0.001786 0.002387 -0.008814 0.001452 0.001407 0.002379
4.175300 -0.001787 0.002389 -0.008811 0.001453 0.001408 0.002380
4.178100 -0.001788 0.002391 -0.008808 0.001453 0.001409 0.002382
4.180800 -0.001789 0.002392 -0.008805 0.001454 0.001410 0.002384
4.219200 -0.001803 0.002419 -0.008761 0.001460 0.001425 0.002407
4.230100 -0.001806 0.002427 -0.008748 0.001462 0.001429 0.002413
4.232900 -0.001807 0.002429 -0.008745 0.001463 0.001430 0.002415
4.235600 -0.001808 0.002430 -0.008742 0.001463 0.001431 0.002417
4.238400 -0.001809 0.002432 -0.008739 0.001464 0.001432 0.002418
4.241100 -0.001810 0.002434 -0.008736 0.001464 0.001434 0.002420
4.243800 -0.001811 0.002436 -0.008733 0.001465 0.001435 0.002422
4.246600 -0.001812 0.002438 -0.008729 0.001465 0.001436 0.002424
4.249300 -0.001813 0.002440 -0.008726 0.001466 0.001437 0.002425
4.252100 -0.001814 0.002442 -0.008723 0.001466 0.001438 0.002427
4.254800 -0.001815 0.002444 -0.008720 0.001467 0.001439 0.002429
4.257500 -0.001816 0.002445 -0.008717 0.001467 0.001440 0.002430
4.260300 -0.001817 0.002447 -0.008713 0.001467 0.001441 0.002432
4.263000 -0.001818 0.002449 -0.008710 0.001468 0.001442 0.002434
4.265800 -0.001819 0.002451 -0.008707 0.001468 0.001443 0.002435
4.268500 -0.001820 0.002453 -0.008704 0.001469 0.001445 0.002437
4.271200 -0.001821 0.002455 -0.008701 0.001469 0.001446 0.002439
4.274000 -0.001822 0.002457 -0.008698 0.001470 0.001447 0.002441
4.276700 -0.001822 0.002459 -0.008694 0.001470 0.001448 0.002442
4.279500 -0.001823 0.002460 -0.008691 0.001471 0.001449 0.002444
4.282200 -0.001824 0.002462 -0.008688 0.001471 0.001450 0.002446
4.284900 -0.001825 0.002464 -0.008685 0.001472 0.001451 0.002448
4.287700 -0.001826 0.002466 -0.008682 0.001472 0.001452 0.002449
4.290400 -0.001827 0.002468 -0.008678 0.001473 0.001454 0.002451
4.293200 -0.001828 0.002470 -0.008675 0.001473 0.001455 0.002453
4.295900 -0.001829 0.002472 -0.008672 0.001474 0.001456 0.002455
4.298600 -0.001830 0.002473 -0.008669 0.001474 0.001457 0.002456
4.301400 -0.001831 0.002475 -0.008666 0.001475 0.001458 0.002458
4.304100 -0.001832 0.002477 -0.008662 0.001475 0.001459 0.002460
4.306900 -0.001833 0.002479 -0.008659 0.001475 0.001460 0.002462
