# time (yr) north(m) east(m) up(m) northsigma(m) eastsigma(m) upsigma(m)
0.000000 0.000000 0.000000 0.000000 0.001401 0.001264 0.001389
0.002700 -0.000006 -0.000012 -0.000033 0.001401 0.001268 0.001390
0.005500 -0.000011 -0.000023 -0.000068 0.001401 0.001279 0.001393
0.008200 -0.000017 -0.000034 -0.000103 0.001402 0.001296 0.001396
0.011000 -0.000022 -0.000045 -0.000138 0.001403 0.001319 0.001402
0.013700 -0.000028 -0.000056 -0.000173 0.001404 0.001345 0.001408
0.016400 -0.000033 -0.000067 -0.000209 0.001405 0.001373 0.001416
0.019200 -0.000038 -0.000077 -0.000246 0.001406 0.001405 0.001425
0.021900 -0.000043 -0.000088 -0.000281 0.001407 0.001436 0.001435
0.024700 -0.000048 -0.000098 -0.000319 0.001409 0.001470 0.001446
0.027400 -0.000053 -0.000108 -0.000355 0.001411 0.001502 0.001458
0.030100 -0.000057 -0.000119 -0.000391 0.001413 0.001534 0.001470
0.032900 -0.000062 -0.000129 -0.000429 0.001415 0.001567 0.001483
0.035600 -0.000067 -0.000139 -0.000465 0.001418 0.001597 0.001497
0.038400 -0.000071 -0.000149 -0.000503 0.001420 0.001629 0.001512
0.041100 -0.000075 -0.000159 -0.000540 0.001423 0.001658 0.001527
0.043800 -0.000080 -0.000169 -0.000577 0.001425 0.001685 0.001542
0.046600 -0.000084 -0.000179 -0.000615 0.001428 0.001713 0.001558
0.049300 -0.000088 -0.000188 -0.000652 0.001431 0.001739 0.001574
0.052100 -0.000093 -0.000198 -0.000690 0.001435 0.001764 0.001591
0.054800 -0.000097 -0.000208 -0.000727 0.001438 0.001787 0.001608
0.057500 -0.000101 -0.000217 -0.000764 0.001441 0.001809 0.001625
0.060300 -0.000105 -0.000227 -0.000802 0.001445 0.001831 0.001642
0.063000 -0.000109 -0.000236 -0.000839 0.001448 0.001850 0.001660
0.065800 -0.000112 -0.000245 -0.000878 0.001452 0.001870 0.001677
0.068500 -0.000116 -0.000254 -0.000914 0.001456 0.001887 0.001695
0.071200 -0.000120 -0.000263 -0.000951 0.001460 0.001903 0.001712
0.074000 -0.000124 -0.000273 -0.000989 0.001464 0.001919 0.001730
0.076700 -0.000127 -0.000281 -0.001026 0.001468 0.001933 0.001748
0.079500 -0.000131 -0.000291 -0.001064 0.001472 0.001947 0.001766
0.082200 -0.000135 -0.000299 -0.001101 0.001476 0.001960 0.001784
0.084900 -0.000138 -0.000308 -0.001137 0.001481 0.001971 0.001801
0.087700 -0.000142 -0.000317 -0.001175 0.001485 0.001982 0.001819
0.090400 -0.000145 -0.000325 -0.001211 0.001490 0.001992 0.001837
0.093200 -0.000149 -0.000334 -0.001249 0.001494 0.002001 0.001854
0.095900 -0.000152 -0.000342 -0.001285 0.001499 0.002010 0.001872
0.098600 -0.000155 -0.000350 -0.001321 0.001503 0.002017 0.001889
0.101400 -0.000158 -0.000359 -0.001358 0.001508 0.002025 0.001906
0.104100 -0.000162 -0.000367 -0.001394 0.001513 0.002031 0.001923
0.106900 -0.000165 -0.000375 -0.001431 0.001518 0.002037 0.001940
0.109600 -0.000168 -0.000383 -0.001466 0.001522 0.002042 0.001956
0.112300 -0.000171 -0.000391 -0.001502 0.001527 0.002047 0.001973
0.115100 -0.000174 -0.000399 -0.001539 0.001532 0.002051 0.001989
0.117800 -0.000177 -0.000407 -0.001574 0.001537 0.002055 0.002005
0.120600 -0.000180 -0.000415 -0.001610 0.001542 0.002058 0.002022
0.123300 -0.000183 -0.000422 -0.001645 0.001547 0.002061 0.002037
0.126000 -0.000186 -0.000430 -0.001680 0.001552 0.002063 0.002052
0.128800 -0.000188 -0.000438 -0.001716 0.001557 0.002065 0.002068
0.131500 -0.000191 -0.000445 -0.001751 0.001562 0.002067 0.002083
0.134300 -0.000194 -0.000453 -0.001787 0.001567 0.002068 0.002098
0.137000 -0.000197 -0.000460 -0.001821 0.001572 0.002069 0.002113
0.139700 -0.000199 -0.000467 -0.001855 0.001577 0.002070 0.002127
0.142500 -0.000202 -0.000475 -0.001891 0.001582 0.002070 0.002141
0.145200 -0.000204 -0.000482 -0.001925 0.001587 0.002070 0.002155
0.147900 -0.000207 -0.000489 -0.001959 0.001592 0.002070 0.002169
0.150700 -0.000209 -0.000496 -0.001994 0.001597 0.002069 0.002183
0.153400 -0.000212 -0.000503 -0.002027 0.001602 0.002069 0.002196
0.156200 -0.000214 -0.000510 -0.002062 0.001607 0.002068 0.002209
0.158900 -0.000217 -0.000517 -0.002095 0.001612 0.002067 0.002222
0.161600 -0.000219 -0.000523 -0.002129 0.001617 0.002065 0.002234
0.164400 -0.000221 -0.000530 -0.002163 0.001622 0.002064 0.002247
0.167100 -0.000223 -0.000537 -0.002196 0.001627 0.002062 0.002259
0.169900 -0.000226 -0.000544 -0.002230 0.001632 0.002060 0.002271
0.172600 -0.000228 -0.000550 -0.002263 0.001637 0.002058 0.002282
0.175300 -0.000230 -0.000556 -0.002295 0.001642 0.002056 0.002293
0.178100 -0.000232 -0.000563 -0.002329 0.001647 0.002054 0.002305
0.180800 -0.000234 -0.000569 -0.002361 0.001652 0.002052 0.002315
0.183600 -0.000236 -0.000576 -0.002394 0.001657 0.002050 0.002326
0.186300 -0.000238 -0.000582 -0.002426 0.001661 0.002047 0.002336
0.189000 -0.000240 -0.000588 -0.002458 0.001666 0.002045 0.002346
0.191800 -0.000242 -0.000594 -0.002491 0.001671 0.002042 0.002357
0.194500 -0.000244 -0.000600 -0.002523 0.001676 0.002039 0.002366
0.197300 -0.000246 -0.000607 -0.002556 0.001681 0.002036 0.002376
0.200000 -0.000247 -0.000613 -0.002587 0.001685 0.002033 0.002385
0.202700 -0.000249 -0.000618 -0.002618 0.001690 0.002031 0.002393
0.205500 -0.000251 -0.000624 -0.002650 0.001694 0.002027 0.002402
0.208200 -0.000252 -0.000630 -0.002681 0.001699 0.002024 0.002411
0.211000 -0.000254 -0.000636 -0.002714 0.001704 0.002021 0.002419
0.213700 -0.000256 -0.000642 -0.002744 0.001708 0.002018 0.002427
0.216400 -0.000257 -0.000647 -0.002775 0.001712 0.002015 0.002435
0.219200 -0.000259 -0.000653 -0.002807 0.001717 0.002012 0.002442
0.221900 -0.000260 -0.000659 -0.002837 0.001721 0.002009 0.002450
0.224700 -0.000262 -0.000665 -0.002868 0.001726 0.002006 0.002457
0.227400 -0.000263 -0.000670 -0.002898 0.001730 0.002002 0.002464
0.230100 -0.000264 -0.000675 -0.002928 0.001734 0.001999 0.002470
0.232900 -0.000266 -0.000681 -0.002959 0.001739 0.001996 0.002477
0.235600 -0.000267 -0.000686 -0.002989 0.001743 0.001993 0.002483
0.238400 -0.000268 -0.000692 -0.003020 0.001747 0.001989 0.002489
0.241100 -0.000269 -0.000697 -0.003050 0.001751 0.001986 0.002495
0.243800 -0.000270 -0.000702 -0.003079 0.001755 0.001983 0.002500
0.246600 -0.000272 -0.000707 -0.003109 0.001759 0.001980 0.002506
0.249300 -0.000273 -0.000713 -0.003139 0.001763 0.001976 0.002511
0.252100 -0.000274 -0.000718 -0.003169 0.001767 0.001973 0.002516
0.254800 -0.000275 -0.000723 -0.003198 0.001771 0.001970 0.002520
0.257500 -0.000276 -0.000728 -0.003227 0.001775 0.001967 0.002525
0.260300 -0.000277 -0.000733 -0.003256 0.001778 0.001963 0.002529
0.263000 -0.000278 -0.000738 -0.003285 0.001782 0.001960 0.002533
0.265800 -0.000279 -0.000743 -0.003315 0.001786 0.001957 0.002538
0.268500 -0.000279 -0.000748 -0.003343 0.001789 0.001954 0.002541
0.271200 -0.000280 -0.000752 -0.003371 0.001793 0.001951 0.002545
0.274000 -0.000281 -0.000757 -0.003401 0.001797 0.001947 0.002548
0.276700 -0.000282 -0.000762 -0.003429 0.001800 0.001944 0.002551
0.279500 -0.000282 -0.000767 -0.003458 0.001804 0.001941 0.002555
0.282200 -0.000283 -0.000772 -0.003486 0.001807 0.001938 0.002557
0.284900 -0.000284 -0.000776 -0.003514 0.001810 0.001935 0.002560
0.287700 -0.000284 -0.000781 -0.003542 0.001814 0.001932 0.002563
0.290400 -0.000285 -0.000786 -0.003570 0.001817 0.001929 0.002565
0.293200 -0.000286 -0.000790 -0.003599 0.001820 0.001926 0.002567
0.295900 -0.000286 -0.000795 -0.003626 0.001823 0.001923 0.002569
0.298600 -0.000286 -0.000799 -0.003653 0.001826 0.001920 0.002571
0.301400 -0.000287 -0.000804 -0.003682 0.001830 0.001917 0.002572
0.304100 -0.000287 -0.000808 -0.003709 0.001833 0.001914 0.002574
0.306900 -0.000288 -0.000813 -0.003737 0.001836 0.001911 0.002575
0.309600 -0.000288 -0.000817 -0.003764 0.001839 0.001908 0.002577
0.312300 -0.000288 -0.000821 -0.003791 0.001841 0.001905 0.002578
0.315100 -0.000289 -0.000826 -0.003818 0.001844 0.001903 0.002578
0.317800 -0.000289 -0.000830 -0.003845 0.001847 0.001900 0.002579
0.320600 -0.000289 -0.000834 -0.003873 0.001850 0.001897 0.002580
0.323300 -0.000289 -0.000838 -0.003899 0.001853 0.001894 0.002580
0.326000 -0.000289 -0.000843 -0.003926 0.001855 0.001891 0.002581
0.328800 -0.000289 -0.000847 -0.003953 0.001858 0.001889 0.002581
0.331500 -0.000290 -0.000851 -0.003979 0.001860 0.001886 0.002581
0.334300 -0.000290 -0.000855 -0.004006 0.001863 0.001883 0.002581
0.337000 -0.000290 -0.000859 -0.004032 0.001865 0.001881 0.002580
0.339700 -0.000290 -0.000863 -0.004058 0.001868 0.001878 0.002580
0.342500 -0.000290 -0.000867 -0.004085 0.001870 0.001875 0.002580
0.345200 -0.000289 -0.000871 -0.004111 0.001873 0.001873 0.002579
0.347900 -0.000289 -0.000875 -0.004137 0.001875 0.001870 0.002578
0.350700 -0.000289 -0.000879 -0.004164 0.001877 0.001868 0.002577
0.353400 -0.000289 -0.000883 -0.004189 0.001880 0.001865 0.002576
0.356200 -0.000289 -0.000887 -0.004216 0.001882 0.001863 0.002575
0.358900 -0.000288 -0.000891 -0.004241 0.001884 0.001860 0.002574
0.361600 -0.000288 -0.000895 -0.004267 0.001886 0.001858 0.002573
0.364400 -0.000288 -0.000899 -0.004293 0.001888 0.001856 0.002571
0.367100 -0.000288 -0.000903 -0.004318 0.001890 0.001853 0.002570
0.369900 -0.000287 -0.000907 -0.004344 0.001892 0.001851 0.002568
0.372600 -0.000287 -0.000910 -0.004370 0.001894 0.001849 0.002567
0.375300 -0.000286 -0.000914 -0.004395 0.001896 0.001846 0.002565
0.378100 -0.000286 -0.000918 -0.004421 0.001898 0.001844 0.002563
0.380800 -0.000285 -0.000922 -0.004446 0.001900 0.001842 0.002561
0.383600 -0.000285 -0.000925 -0.004471 0.001901 0.001839 0.002559
0.386300 -0.000284 -0.000929 -0.004496 0.001903 0.001837 0.002556
0.389000 -0.000284 -0.000933 -0.004521 0.001905 0.001835 0.002554
0.391800 -0.000283 -0.000936 -0.004546 0.001907 0.001833 0.002552
0.394500 -0.000282 -0.000940 -0.004571 0.001908 0.001831 0.002549
0.397300 -0.000282 -0.000944 -0.004596 0.001910 0.001829 0.002547
0.402700 -0.000280 -0.000951 -0.004645 0.001913 0.001825 0.002541
0.405500 -0.000280 -0.000954 -0.004671 0.001914 0.001822 0.002538
0.408200 -0.000279 -0.000958 -0.004695 0.001916 0.001820 0.002535
0.411000 -0.000278 -0.000961 -0.004720 0.001917 0.001818 0.002532
0.413700 -0.000277 -0.000965 -0.004744 0.001919 0.001816 0.002529
0.416400 -0.000276 -0.000968 -0.004768 0.001920 0.001814 0.002526
0.419200 -0.000275 -0.000972 -0.004793 0.001921 0.001812 0.002523
0.421900 -0.000274 -0.000975 -0.004817 0.001923 0.001811 0.002520
0.424700 -0.000273 -0.000979 -0.004842 0.001924 0.001809 0.002517
0.427400 -0.000272 -0.000982 -0.004866 0.001925 0.001807 0.002513
0.430100 -0.000271 -0.000985 -0.004890 0.001926 0.001805 0.002510
0.432900 -0.000270 -0.000989 -0.004915 0.001927 0.001803 0.002506
0.435600 -0.000269 -0.000992 -0.004938 0.001929 0.001801 0.002503
0.438400 -0.000268 -0.000996 -0.004963 0.001930 0.001799 0.002499
0.441100 -0.000267 -0.000999 -0.004987 0.001931 0.001798 0.002495
0.443800 -0.000266 -0.001002 -0.005010 0.001932 0.001796 0.002492
0.446600 -0.000264 -0.001006 -0.005035 0.001933 0.001794 0.002488
0.449300 -0.000263 -0.001009 -0.005058 0.001934 0.001792 0.002484
0.452100 -0.000262 -0.001012 -0.005083 0.001935 0.001791 0.002480
0.454800 -0.000261 -0.001015 -0.005106 0.001936 0.001789 0.002476
0.457500 -0.000259 -0.001019 -0.005129 0.001936 0.001787 0.002472
0.460300 -0.000258 -0.001022 -0.005153 0.001937 0.001786 0.002468
0.463000 -0.000257 -0.001025 -0.005177 0.001938 0.001784 0.002464
0.465800 -0.000255 -0.001029 -0.005201 0.001939 0.001782 0.002460
0.468500 -0.000254 -0.001032 -0.005224 0.001940 0.001781 0.002456
0.471200 -0.000252 -0.001035 -0.005247 0.001940 0.001779 0.002452
0.474000 -0.000251 -0.001038 -0.005271 0.001941 0.001778 0.002447
0.476700 -0.000249 -0.001041 -0.005294 0.001942 0.001776 0.002443
0.479500 -0.000248 -0.001044 -0.005318 0.001943 0.001774 0.002439
0.482200 -0.000246 -0.001048 -0.005341 0.001943 0.001773 0.002434
0.484900 -0.000244 -0.001051 -0.005364 0.001944 0.001771 0.002430
0.487700 -0.000243 -0.001054 -0.005388 0.001944 0.001770 0.002426
0.490400 -0.000241 -0.001057 -0.005410 0.001945 0.001769 0.002421
0.493200 -0.000239 -0.001060 -0.005434 0.001945 0.001767 0.002417
0.495900 -0.000238 -0.001063 -0.005457 0.001946 0.001766 0.002412
0.498600 -0.000236 -0.001066 -0.005480 0.001946 0.001764 0.002408
0.501400 -0.000234 -0.001069 -0.005503 0.001947 0.001763 0.002403
0.504100 -0.000232 -0.001072 -0.005526 0.001947 0.001761 0.002399
0.506900 -0.000231 -0.001076 -0.005549 0.001948 0.001760 0.002394
0.509600 -0.000229 -0.001079 -0.005572 0.001948 0.001759 0.002389
0.512300 -0.000227 -0.001082 -0.005594 0.001949 0.001757 0.002385
0.517800 -0.000223 -0.001088 -0.005640 0.001949 0.001755 0.002376
0.520600 -0.000221 -0.001091 -0.005663 0.001950 0.001754 0.002371
0.523300 -0.000219 -0.001094 -0.005686 0.001950 0.001752 0.002366
0.528800 -0.000215 -0.001100 -0.005731 0.001950 0.001750 0.002357
0.531500 -0.000213 -0.001103 -0.005753 0.001951 0.001749 0.002352
0.534300 -0.000211 -0.001106 -0.005777 0.001951 0.001747 0.002347
0.537000 -0.000209 -0.001109 -0.005799 0.001951 0.001746 0.002343
0.539700 -0.000206 -0.001112 -0.005821 0.001951 0.001745 0.002338
0.547900 -0.000200 -0.001120 -0.005888 0.001952 0.001742 0.002324
0.550700 -0.000198 -0.001124 -0.005911 0.001952 0.001740 0.002319
0.553400 -0.000195 -0.001126 -0.005933 0.001952 0.001739 0.002314
0.556200 -0.000193 -0.001129 -0.005956 0.001952 0.001738 0.002309
0.558900 -0.000191 -0.001132 -0.005978 0.001952 0.001737 0.002304
0.561600 -0.000188 -0.001135 -0.006000 0.001952 0.001736 0.002300
0.564400 -0.000186 -0.001138 -0.006022 0.001952 0.001735 0.002295
0.567100 -0.000183 -0.001141 -0.006044 0.001952 0.001734 0.002290
0.569900 -0.000181 -0.001144 -0.006067 0.001952 0.001733 0.002285
0.572600 -0.000179 -0.001147 -0.006089 0.001952 0.001732 0.002280
0.575300 -0.000176 -0.001150 -0.006111 0.001952 0.001731 0.002276
0.578100 -0.000173 -0.001153 -0.006133 0.001952 0.001730 0.002271
0.580800 -0.000171 -0.001155 -0.006155 0.001952 0.001729 0.002266
0.583600 -0.000168 -0.001158 -0.006177 0.001952 0.001728 0.002261
0.586300 -0.000166 -0.001161 -0.006199 0.001952 0.001727 0.002256
0.589000 -0.000163 -0.001164 -0.006221 0.001952 0.001726 0.002252
0.591800 -0.000160 -0.001167 -0.006243 0.001952 0.001725 0.002247
0.594500 -0.000158 -0.001170 -0.006265 0.001951 0.001724 0.002242
0.597300 -0.000155 -0.001173 -0.006287 0.001951 0.001724 0.002237
0.600000 -0.000152 -0.001175 -0.006309 0.001951 0.001723 0.002233
0.602700 -0.000150 -0.001178 -0.006330 0.001951 0.001722 0.002228
0.605500 -0.000147 -0.001181 -0.006353 0.001951 0.001721 0.002223
0.608200 -0.000144 -0.001184 -0.006374 0.001951 0.001720 0.002218
0.611000 -0.000141 -0.001187 -0.006396 0.001950 0.001719 0.002214
0.613700 -0.000138 -0.001190 -0.006418 0.001950 0.001719 0.002209
0.616400 -0.000136 -0.001192 -0.006439 0.001950 0.001718 0.002205
0.619200 -0.000133 -0.001195 -0.006461 0.001950 0.001717 0.002200
0.621900 -0.000130 -0.001198 -0.006483 0.001950 0.001716 0.002195
0.624700 -0.000127 -0.001201 -0.006505 0.001949 0.001715 0.002190
0.627400 -0.000124 -0.001204 -0.006526 0.001949 0.001715 0.002186
0.630100 -0.000121 -0.001207 -0.006548 0.001949 0.001714 0.002181
0.632900 -0.000118 -0.001209 -0.006570 0.001948 0.001713 0.002177
0.635600 -0.000115 -0.001212 -0.006591 0.001948 0.001712 0.002172
0.638400 -0.000112 -0.001215 -0.006613 0.001948 0.001712 0.002168
0.641100 -0.000108 -0.001218 -0.006634 0.001948 0.001711 0.002163
0.643800 -0.000105 -0.001221 -0.006655 0.001947 0.001710 0.002159
0.646600 -0.000102 -0.001223 -0.006677 0.001947 0.001710 0.002154
0.649300 -0.000099 -0.001226 -0.006698 0.001947 0.001709 0.002150
0.652100 -0.000096 -0.001229 -0.006720 0.001946 0.001708 0.002145
0.654800 -0.000093 -0.001232 -0.006741 0.001946 0.001708 0.002141
0.657500 -0.000089 -0.001234 -0.006762 0.001945 0.001707 0.002137
0.660300 -0.000086 -0.001237 -0.006784 0.001945 0.001707 0.002132
0.663000 -0.000083 -0.001240 -0.006805 0.001945 0.001706 0.002128
0.665800 -0.000079 -0.001243 -0.006827 0.001944 0.001705 0.002123
0.668500 -0.000076 -0.001246 -0.006848 0.001944 0.001705 0.002119
0.671200 -0.000073 -0.001248 -0.006869 0.001944 0.001704 0.002115
0.674000 -0.000069 -0.001251 -0.006891 0.001943 0.001704 0.002111
0.676700 -0.000066 -0.001254 -0.006912 0.001943 0.001703 0.002106
0.679500 -0.000063 -0.001257 -0.006933 0.001942 0.001702 0.002102
0.682200 -0.000059 -0.001259 -0.006954 0.001942 0.001702 0.002098
0.684900 -0.000056 -0.001262 -0.006975 0.001941 0.001701 0.002094
0.687700 -0.000052 -0.001265 -0.006997 0.001941 0.001701 0.002090
0.690400 -0.000049 -0.001268 -0.007018 0.001941 0.001700 0.002086
0.693200 -0.000045 -0.001271 -0.007039 0.001940 0.001700 0.002081
0.695900 -0.000041 -0.001273 -0.007060 0.001940 0.001699 0.002077
0.698600 -0.000038 -0.001276 -0.007081 0.001939 0.001699 0.002073
0.701400 -0.000034 -0.001279 -0.007102 0.001939 0.001698 0.002069
0.704100 -0.000031 -0.001282 -0.007123 0.001938 0.001698 0.002065
0.706900 -0.000027 -0.001284 -0.007145 0.001938 0.001698 0.002061
0.709600 -0.000023 -0.001287 -0.007165 0.001937 0.001697 0.002058
0.712300 -0.000020 -0.001290 -0.007186 0.001937 0.001697 0.002054
0.715100 -0.000016 -0.001293 -0.007208 0.001936 0.001696 0.002050
0.717800 -0.000012 -0.001295 -0.007228 0.001936 0.001696 0.002046
0.720600 -0.000008 -0.001298 -0.007250 0.001935 0.001695 0.002042
0.723300 -0.000004 -0.001301 -0.007270 0.001935 0.001695 0.002038
0.726000 -0.000001 -0.001304 -0.007291 0.001934 0.001695 0.002035
0.728800 0.000003 -0.001306 -0.007312 0.001934 0.001694 0.002031
0.731500 0.000007 -0.001309 -0.007333 0.001933 0.001694 0.002027
0.734300 0.000011 -0.001312 -0.007354 0.001933 0.001694 0.002024
0.737000 0.000015 -0.001315 -0.007375 0.001932 0.001693 0.002020
0.739700 0.000019 -0.001317 -0.007395 0.001932 0.001693 0.002016
0.742500 0.000023 -0.001320 -0.007416 0.001931 0.001693 0.002013
0.745200 0.000027 -0.001323 -0.007437 0.001930 0.001692 0.002009
0.747900 0.000031 -0.001326 -0.007457 0.001930 0.001692 0.002006
0.750700 0.000035 -0.001328 -0.007479 0.001929 0.001692 0.002002
0.753400 0.000039 -0.001331 -0.007499 0.001929 0.001691 0.001999
0.756200 0.000043 -0.001334 -0.007520 0.001928 0.001691 0.001995
0.758900 0.000047 -0.001337 -0.007540 0.001928 0.001691 0.001992
0.761600 0.000051 -0.001339 -0.007561 0.001927 0.001690 0.001989
0.764400 0.000055 -0.001342 -0.007582 0.001927 0.001690 0.001985
0.767100 0.000059 -0.001345 -0.007602 0.001926 0.001690 0.001982
0.769900 0.000064 -0.001348 -0.007623 0.001925 0.001690 0.001979
0.772600 0.000068 -0.001350 -0.007644 0.001925 0.001689 0.001976
0.775300 0.000072 -0.001353 -0.007664 0.001924 0.001689 0.001973
0.778100 0.000076 -0.001356 -0.007685 0.001924 0.001689 0.001969
0.780800 0.000080 -0.001359 -0.007705 0.001923 0.001689 0.001966
0.783600 0.000085 -0.001361 -0.007726 0.001922 0.001688 0.001963
0.786300 0.000089 -0.001364 -0.007747 0.001922 0.001688 0.001960
0.789000 0.000093 -0.001367 -0.007767 0.001921 0.001688 0.001957
0.791800 0.000098 -0.001370 -0.007788 0.001921 0.001688 0.001954
0.794500 0.000102 -0.001372 -0.007808 0.001920 0.001687 0.001951
0.797300 0.000107 -0.001375 -0.007829 0.001920 0.001687 0.001948
0.800000 0.000111 -0.001378 -0.007849 0.001919 0.001687 0.001945
0.802700 0.000115 -0.001381 -0.007869 0.001918 0.001687 0.001942
0.805500 0.000120 -0.001384 -0.007890 0.001918 0.001687 0.001940
0.808200 0.000124 -0.001386 -0.007910 0.001917 0.001687 0.001937
0.811000 0.000129 -0.001389 -0.007931 0.001917 0.001686 0.001934
0.813700 0.000133 -0.001392 -0.007951 0.001916 0.001686 0.001931
0.816400 0.000138 -0.001395 -0.007971 0.001915 0.001686 0.001929
0.819200 0.000142 -0.001397 -0.007992 0.001915 0.001686 0.001926
0.821900 0.000147 -0.001400 -0.008012 0.001914 0.001686 0.001923
0.824700 0.000152 -0.001403 -0.008033 0.001914 0.001686 0.001921
0.827400 0.000156 -0.001406 -0.008053 0.001913 0.001686 0.001918
0.830100 0.000161 -0.001408 -0.008072 0.001912 0.001685 0.001915
0.832900 0.000165 -0.001411 -0.008093 0.001912 0.001685 0.001913
0.835600 0.000170 -0.001414 -0.008113 0.001911 0.001685 0.001910
0.838400 0.000175 -0.001417 -0.008134 0.001910 0.001685 0.001908
0.841100 0.000179 -0.001420 -0.008154 0.001910 0.001685 0.001906
0.843800 0.000184 -0.001422 -0.008174 0.001909 0.001685 0.001903
0.846600 0.000189 -0.001425 -0.008194 0.001909 0.001685 0.001901
0.849300 0.000194 -0.001428 -0.008214 0.001908 0.001685 0.001899
0.852100 0.000199 -0.001431 -0.008235 0.001907 0.001685 0.001896
0.854800 0.000203 -0.001433 -0.008254 0.001907 0.001685 0.001894
0.857500 0.000208 -0.001436 -0.008274 0.001906 0.001684 0.001892
0.860300 0.000213 -0.001439 -0.008295 0.001906 0.001684 0.001889
0.863000 0.000218 -0.001442 -0.008315 0.001905 0.001684 0.001887
0.865800 0.000223 -0.001445 -0.008335 0.001904 0.001684 0.001885
0.868500 0.000228 -0.001447 -0.008355 0.001904 0.001684 0.001883
0.871200 0.000232 -0.001450 -0.008375 0.001903 0.001684 0.001881
0.874000 0.000238 -0.001453 -0.008395 0.001902 0.001684 0.001879
0.879500 0.000247 -0.001459 -0.008435 0.001901 0.001684 0.001875
0.884900 0.000257 -0.001464 -0.008474 0.001900 0.001684 0.001871
0.887700 0.000263 -0.001467 -0.008495 0.001899 0.001684 0.001869
0.890400 0.000267 -0.001470 -0.008514 0.001899 0.001684 0.001867
0.893200 0.000273 -0.001473 -0.008535 0.001898 0.001684 0.001865
0.895900 0.000278 -0.001475 -0.008554 0.001897 0.001684 0.001864
0.898600 0.000283 -0.001478 -0.008574 0.001897 0.001684 0.001862
0.901400 0.000288 -0.001481 -0.008594 0.001896 0.001684 0.001860
0.904100 0.000293 -0.001484 -0.008614 0.001896 0.001684 0.001859
0.906900 0.000298 -0.001487 -0.008634 0.001895 0.001684 0.001857
0.909600 0.000303 -0.001490 -0.008653 0.001894 0.001684 0.001855
0.912300 0.000309 -0.001492 -0.008673 0.001894 0.001684 0.001854
0.915100 0.000314 -0.001495 -0.008693 0.001893 0.001684 0.001852
0.917800 0.000319 -0.001498 -0.008713 0.001892 0.001684 0.001850
0.920600 0.000324 -0.001501 -0.008733 0.001892 0.001684 0.001849
0.923300 0.000330 -0.001504 -0.008752 0.001891 0.001684 0.001847
0.926000 0.000335 -0.001506 -0.008772 0.001891 0.001684 0.001846
0.928800 0.000340 -0.001509 -0.008792 0.001890 0.001684 0.001844
0.931500 0.000346 -0.001512 -0.008811 0.001889 0.001684 0.001843
0.934300 0.000351 -0.001515 -0.008831 0.001889 0.001684 0.001842
0.937000 0.000356 -0.001518 -0.008851 0.001888 0.001684 0.001840
0.939700 0.000362 -0.001521 -0.008870 0.001887 0.001684 0.001839
0.942500 0.000367 -0.001524 -0.008890 0.001887 0.001684 0.001838
0.945200 0.000372 -0.001526 -0.008909 0.001886 0.001684 0.001836
0.947900 0.000378 -0.001529 -0.008928 0.001886 0.001684 0.001835
0.950700 0.000383 -0.001532 -0.008948 0.001885 0.001684 0.001834
0.953400 0.000389 -0.001535 -0.008968 0.001884 0.001684 0.001833
0.956200 0.000394 -0.001538 -0.008988 0.001884 0.001684 0.001831
0.958900 0.000400 -0.001541 -0.009007 0.001883 0.001684 0.001830
0.961600 0.000405 -0.001543 -0.009026 0.001883 0.001684 0.001829
0.964400 0.000411 -0.001546 -0.009046 0.001882 0.001685 0.001828
0.967100 0.000416 -0.001549 -0.009065 0.001881 0.001685 0.001827
0.972600 0.000428 -0.001555 -0.009104 0.001880 0.001685 0.001825
0.975300 0.000433 -0.001558 -0.009123 0.001879 0.001685 0.001824
0.978100 0.000439 -0.001561 -0.009143 0.001879 0.001685 0.001823
0.980800 0.000444 -0.001564 -0.009162 0.001878 0.001685 0.001822
0.983600 0.000450 -0.001566 -0.009182 0.001878 0.001685 0.001821
0.986300 0.000456 -0.001569 -0.009201 0.001877 0.001685 0.001820
0.989000 0.000461 -0.001572 -0.009220 0.001876 0.001685 0.001819
0.991800 0.000467 -0.001575 -0.009240 0.001876 0.001685 0.001819
0.994500 0.000473 -0.001578 -0.009258 0.001875 0.001685 0.001818
0.997300 0.000479 -0.001581 -0.009278 0.001875 0.001685 0.001817
1.000000 0.000484 -0.001584 -0.009297 0.001874 0.001686 0.001816
1.002700 0.000490 -0.001587 -0.009316 0.001873 0.001686 0.001815
1.005500 0.000496 -0.001590 -0.009336 0.001873 0.001686 0.001815
1.008200 0.000502 -0.001592 -0.009355 0.001872 0.001686 0.001814
1.011000 0.000507 -0.001595 -0.009374 0.001871 0.001686 0.001813
1.013700 0.000513 -0.001598 -0.009393 0.001871 0.001686 0.001813
1.016400 0.000519 -0.001601 -0.009412 0.001870 0.001686 0.001812
1.019200 0.000525 -0.001604 -0.009431 0.001870 0.001686 0.001811
1.021900 0.000531 -0.001607 -0.009450 0.001869 0.001686 0.001811
1.024700 0.000537 -0.001610 -0.009470 0.001868 0.001687 0.001810
1.027400 0.000543 -0.001613 -0.009488 0.001868 0.001687 0.001810
1.030100 0.000548 -0.001616 -0.009507 0.001867 0.001687 0.001809
1.032900 0.000554 -0.001619 -0.009527 0.001867 0.001687 0.001809
1.035600 0.000560 -0.001621 -0.009545 0.001866 0.001687 0.001808
1.038400 0.000566 -0.001624 -0.009565 0.001865 0.001687 0.001808
1.041100 0.000572 -0.001627 -0.009583 0.001865 0.001687 0.001807
1.043800 0.000578 -0.001630 -0.009602 0.001864 0.001687 0.001807
1.046600 0.000584 -0.001633 -0.009621 0.001864 0.001687 0.001807
1.049300 0.000590 -0.001636 -0.009640 0.001863 0.001688 0.001806
1.052100 0.000596 -0.001639 -0.009659 0.001862 0.001688 0.001806
1.054800 0.000602 -0.001642 -0.009678 0.001862 0.001688 0.001806
1.057500 0.000608 -0.001645 -0.009697 0.001861 0.001688 0.001805
1.060300 0.000615 -0.001648 -0.009716 0.001861 0.001688 0.001805
1.063000 0.000621 -0.001651 -0.009734 0.001860 0.001688 0.001805
1.065800 0.000627 -0.001654 -0.009754 0.001860 0.001688 0.001805
1.068500 0.000633 -0.001657 -0.009772 0.001859 0.001688 0.001804
1.071200 0.000639 -0.001660 -0.009791 0.001858 0.001689 0.001804
1.074000 0.000645 -0.001663 -0.009810 0.001858 0.001689 0.001804
1.076700 0.000651 -0.001666 -0.009828 0.001857 0.001689 0.001804
1.079500 0.000658 -0.001669 -0.009847 0.001857 0.001689 0.001804
1.082200 0.000664 -0.001671 -0.009866 0.001856 0.001689 0.001804
1.084900 0.000670 -0.001674 -0.009884 0.001855 0.001689 0.001803
1.087700 0.000676 -0.001677 -0.009903 0.001855 0.001689 0.001803
1.090400 0.000682 -0.001680 -0.009921 0.001854 0.001690 0.001803
1.093200 0.000689 -0.001683 -0.009940 0.001854 0.001690 0.001803
1.095900 0.000695 -0.001686 -0.009959 0.001853 0.001690 0.001803
1.098600 0.000701 -0.001689 -0.009977 0.001853 0.001690 0.001803
1.101400 0.000707 -0.001692 -0.009996 0.001852 0.001690 0.001803
1.104100 0.000714 -0.001695 -0.010014 0.001851 0.001690 0.001803
1.106900 0.000720 -0.001698 -0.010033 0.001851 0.001690 0.001803
1.109600 0.000726 -0.001701 -0.010051 0.001850 0.001691 0.001803
1.112300 0.000733 -0.001704 -0.010070 0.001850 0.001691 0.001803
1.115100 0.000739 -0.001707 -0.010088 0.001849 0.001691 0.001803
1.117800 0.000745 -0.001710 -0.010107 0.001849 0.001691 0.001804
1.120600 0.000752 -0.001713 -0.010125 0.001848 0.001691 0.001804
1.123300 0.000758 -0.001716 -0.010144 0.001847 0.001691 0.001804
1.126000 0.000764 -0.001719 -0.010162 0.001847 0.001691 0.001804
1.128800 0.000771 -0.001722 -0.010180 0.001846 0.001692 0.001804
1.131500 0.000777 -0.001725 -0.010198 0.001846 0.001692 0.001804
1.134300 0.000784 -0.001728 -0.010217 0.001845 0.001692 0.001804
1.137000 0.000790 -0.001731 -0.010235 0.001845 0.001692 0.001805
1.139700 0.000797 -0.001734 -0.010253 0.001844 0.001692 0.001805
1.142500 0.000803 -0.001737 -0.010272 0.001843 0.001692 0.001805
1.145200 0.000810 -0.001740 -0.010290 0.001843 0.001693 0.001805
1.147900 0.000816 -0.001743 -0.010308 0.001842 0.001693 0.001806
1.150700 0.000823 -0.001746 -0.010326 0.001842 0.001693 0.001806
1.153400 0.000829 -0.001749 -0.010344 0.001841 0.001693 0.001806
1.156200 0.000836 -0.001752 -0.010363 0.001841 0.001693 0.001807
1.158900 0.000842 -0.001755 -0.010381 0.001840 0.001693 0.001807
1.161600 0.000849 -0.001758 -0.010398 0.001840 0.001693 0.001807
1.164400 0.000855 -0.001761 -0.010417 0.001839 0.001694 0.001808
1.167100 0.000862 -0.001764 -0.010435 0.001838 0.001694 0.001808
1.169900 0.000869 -0.001767 -0.010453 0.001838 0.001694 0.001808
1.172600 0.000875 -0.001770 -0.010471 0.001837 0.001694 0.001809
1.175300 0.000882 -0.001773 -0.010489 0.001837 0.001694 0.001809
1.178100 0.000889 -0.001776 -0.010507 0.001836 0.001694 0.001810
1.180800 0.000895 -0.001779 -0.010525 0.001836 0.001695 0.001810
1.183600 0.000902 -0.001783 -0.010543 0.001835 0.001695 0.001811
1.186300 0.000908 -0.001786 -0.010561 0.001835 0.001695 0.001811
1.189000 0.000915 -0.001789 -0.010578 0.001834 0.001695 0.001812
1.191800 0.000922 -0.001792 -0.010597 0.001833 0.001695 0.001812
1.194500 0.000928 -0.001795 -0.010614 0.001833 0.001695 0.001813
1.197300 0.000935 -0.001798 -0.010632 0.001832 0.001696 0.001813
1.205500 0.000955 -0.001807 -0.010686 0.001831 0.001696 0.001815
1.208200 0.000962 -0.001810 -0.010703 0.001830 0.001696 0.001815
1.211000 0.000969 -0.001813 -0.010721 0.001830 0.001696 0.001816
1.213700 0.000976 -0.001816 -0.010739 0.001829 0.001696 0.001816
1.219200 0.000989 -0.001822 -0.010774 0.001828 0.001697 0.001818
1.221900 0.000996 -0.001825 -0.010791 0.001828 0.001697 0.001818
1.224700 0.001003 -0.001828 -0.010809 0.001827 0.001697 0.001819
1.227400 0.001010 -0.001831 -0.010827 0.001827 0.001697 0.001820
1.230100 0.001016 -0.001834 -0.010844 0.001826 0.001697 0.001820
1.232900 0.001023 -0.001838 -0.010862 0.001826 0.001698 0.001821
1.235600 0.001030 -0.001841 -0.010879 0.001825 0.001698 0.001821
1.238400 0.001037 -0.001844 -0.010897 0.001824 0.001698 0.001822
1.241100 0.001044 -0.001847 -0.010914 0.001824 0.001698 0.001823
1.243800 0.001051 -0.001850 -0.010932 0.001823 0.001698 0.001824
1.246600 0.001058 -0.001853 -0.010949 0.001823 0.001698 0.001824
1.249300 0.001065 -0.001856 -0.010967 0.001822 0.001699 0.001825
1.252100 0.001072 -0.001859 -0.010984 0.001822 0.001699 0.001826
1.254800 0.001079 -0.001862 -0.011001 0.001821 0.001699 0.001827
1.257500 0.001085 -0.001865 -0.011019 0.001821 0.001699 0.001827
1.260300 0.001092 -0.001869 -0.011036 0.001820 0.001699 0.001828
1.263000 0.001099 -0.001872 -0.011053 0.001820 0.001699 0.001829
1.265800 0.001106 -0.001875 -0.011071 0.001819 0.001700 0.001830
1.268500 0.001113 -0.001878 -0.011088 0.001819 0.001700 0.001830
1.271200 0.001120 -0.001881 -0.011105 0.001818 0.001700 0.001831
1.274000 0.001127 -0.001884 -0.011123 0.001818 0.001700 0.001832
1.276700 0.001134 -0.001887 -0.011139 0.001817 0.001700 0.001833
1.279500 0.001141 -0.001890 -0.011157 0.001817 0.001700 0.001834
1.282200 0.001148 -0.001893 -0.011174 0.001816 0.001701 0.001834
1.284900 0.001155 -0.001897 -0.011191 0.001816 0.001701 0.001835
1.287700 0.001162 -0.001900 -0.011208 0.001815 0.001701 0.001836
1.290400 0.001169 -0.001903 -0.011225 0.001815 0.001701 0.001837
1.293200 0.001177 -0.001906 -0.011243 0.001814 0.001701 0.001838
1.295900 0.001183 -0.001909 -0.011259 0.001814 0.001701 0.001839
1.298600 0.001190 -0.001912 -0.011276 0.001813 0.001702 0.001840
1.301400 0.001198 -0.001915 -0.011293 0.001813 0.001702 0.001841
1.304100 0.001205 -0.001918 -0.011310 0.001813 0.001702 0.001841
1.306900 0.001212 -0.001922 -0.011327 0.001812 0.001702 0.001842
1.309600 0.001219 -0.001925 -0.011344 0.001812 0.001702 0.001843
1.312300 0.001226 -0.001928 -0.011361 0.001811 0.001702 0.001844
1.315100 0.001233 -0.001931 -0.011378 0.001811 0.001702 0.001845
1.317800 0.001240 -0.001934 -0.011395 0.001810 0.001703 0.001846
1.320600 0.001247 -0.001937 -0.011412 0.001810 0.001703 0.001847
1.323300 0.001254 -0.001941 -0.011428 0.001809 0.001703 0.001848
1.326000 0.001262 -0.001944 -0.011445 0.001809 0.001703 0.001849
1.328800 0.001269 -0.001947 -0.011462 0.001808 0.001703 0.001850
1.331500 0.001276 -0.001950 -0.011478 0.001808 0.001703 0.001851
1.334300 0.001283 -0.001953 -0.011495 0.001807 0.001704 0.001852
1.337000 0.001290 -0.001956 -0.011512 0.001807 0.001704 0.001853
1.345200 0.001312 -0.001966 -0.011562 0.001806 0.001704 0.001856
1.347900 0.001319 -0.001969 -0.011578 0.001805 0.001704 0.001857
1.350700 0.001326 -0.001972 -0.011595 0.001805 0.001705 0.001858
1.353400 0.001333 -0.001975 -0.011611 0.001804 0.001705 0.001859
1.356200 0.001341 -0.001978 -0.011628 0.001804 0.001705 0.001860
1.358900 0.001348 -0.001982 -0.011644 0.001803 0.001705 0.001861
1.361600 0.001355 -0.001985 -0.011661 0.001803 0.001705 0.001862
1.364400 0.001362 -0.001988 -0.011677 0.001802 0.001705 0.001863
1.367100 0.001370 -0.001991 -0.011693 0.001802 0.001706 0.001864
1.369900 0.001377 -0.001994 -0.011710 0.001801 0.001706 0.001865
1.372600 0.001384 -0.001998 -0.011726 0.001801 0.001706 0.001866
1.375300 0.001391 -0.002001 -0.011742 0.001801 0.001706 0.001867
1.378100 0.001399 -0.002004 -0.011759 0.001800 0.001706 0.001868
1.380800 0.001406 -0.002007 -0.011775 0.001800 0.001706 0.001869
1.383600 0.001413 -0.002010 -0.011792 0.001799 0.001706 0.001870
1.386300 0.001421 -0.002013 -0.011808 0.001799 0.001707 0.001871
1.389000 0.001428 -0.002017 -0.011824 0.001799 0.001707 0.001873
1.391800 0.001435 -0.002020 -0.011840 0.001798 0.001707 0.001874
1.394500 0.001443 -0.002023 -0.011856 0.001798 0.001707 0.001875
1.400000 0.001457 -0.002029 -0.011889 0.001797 0.001707 0.001877
1.402700 0.001464 -0.002033 -0.011905 0.001796 0.001708 0.001878
1.405500 0.001472 -0.002036 -0.011921 0.001796 0.001708 0.001879
1.408200 0.001479 -0.002039 -0.011937 0.001796 0.001708 0.001880
1.411000 0.001487 -0.002042 -0.011953 0.001795 0.001708 0.001881
1.413700 0.001494 -0.002046 -0.011969 0.001795 0.001708 0.001883
1.419200 0.001509 -0.002052 -0.012001 0.001794 0.001708 0.001885
1.421900 0.001516 -0.002055 -0.012017 0.001794 0.001709 0.001886
1.424700 0.001524 -0.002058 -0.012033 0.001793 0.001709 0.001887
1.432900 0.001546 -0.002068 -0.012080 0.001792 0.001709 0.001891
1.435600 0.001553 -0.002071 -0.012096 0.001792 0.001709 0.001892
1.438400 0.001561 -0.002075 -0.012112 0.001791 0.001710 0.001893
1.441100 0.001568 -0.002078 -0.012127 0.001791 0.001710 0.001894
1.443800 0.001575 -0.002081 -0.012143 0.001791 0.001710 0.001895
1.449300 0.001590 -0.002087 -0.012174 0.001790 0.001710 0.001898
1.452100 0.001598 -0.002091 -0.012190 0.001789 0.001710 0.001899
1.454800 0.001605 -0.002094 -0.012206 0.001789 0.001710 0.001900
1.457500 0.001612 -0.002097 -0.012221 0.001789 0.001711 0.001901
1.460300 0.001620 -0.002100 -0.012237 0.001788 0.001711 0.001902
1.463000 0.001627 -0.002104 -0.012252 0.001788 0.001711 0.001904
1.465800 0.001635 -0.002107 -0.012268 0.001788 0.001711 0.001905
1.468500 0.001642 -0.002110 -0.012283 0.001787 0.001711 0.001906
1.471200 0.001650 -0.002113 -0.012299 0.001787 0.001711 0.001907
1.474000 0.001657 -0.002117 -0.012314 0.001787 0.001711 0.001908
1.476700 0.001665 -0.002120 -0.012330 0.001786 0.001712 0.001910
1.479500 0.001672 -0.002123 -0.012345 0.001786 0.001712 0.001911
1.482200 0.001680 -0.002126 -0.012361 0.001785 0.001712 0.001912
1.484900 0.001687 -0.002130 -0.012376 0.001785 0.001712 0.001913
1.487700 0.001695 -0.002133 -0.012391 0.001785 0.001712 0.001915
1.490400 0.001702 -0.002136 -0.012406 0.001784 0.001712 0.001916
1.493200 0.001710 -0.002139 -0.012422 0.001784 0.001712 0.001917
1.495900 0.001717 -0.002143 -0.012437 0.001784 0.001713 0.001918
1.498600 0.001725 -0.002146 -0.012452 0.001783 0.001713 0.001919
1.501400 0.001732 -0.002149 -0.012467 0.001783 0.001713 0.001921
1.504100 0.001740 -0.002152 -0.012482 0.001783 0.001713 0.001922
1.506900 0.001747 -0.002156 -0.012498 0.001783 0.001713 0.001923
1.509600 0.001755 -0.002159 -0.012513 0.001782 0.001713 0.001924
1.512300 0.001762 -0.002162 -0.012528 0.001782 0.001713 0.001926
1.515100 0.001770 -0.002166 -0.012543 0.001782 0.001714 0.001927
1.520600 0.001785 -0.002172 -0.012573 0.001781 0.001714 0.001929
1.523300 0.001792 -0.002175 -0.012588 0.001781 0.001714 0.001931
1.526000 0.001800 -0.002179 -0.012603 0.001780 0.001714 0.001932
1.528800 0.001807 -0.002182 -0.012618 0.001780 0.001714 0.001933
1.531500 0.001815 -0.002185 -0.012633 0.001780 0.001714 0.001934
1.534300 0.001823 -0.002189 -0.012648 0.001779 0.001715 0.001936
1.537000 0.001830 -0.002192 -0.012662 0.001779 0.001715 0.001937
1.539700 0.001838 -0.002195 -0.012677 0.001779 0.001715 0.001938
1.542500 0.001845 -0.002198 -0.012692 0.001779 0.001715 0.001940
1.545200 0.001853 -0.002202 -0.012707 0.001778 0.001715 0.001941
1.547900 0.001860 -0.002205 -0.012721 0.001778 0.001715 0.001942
1.550700 0.001868 -0.002208 -0.012736 0.001778 0.001715 0.001943
1.553400 0.001875 -0.002212 -0.012751 0.001778 0.001716 0.001945
1.556200 0.001883 -0.002215 -0.012766 0.001777 0.001716 0.001946
1.578100 0.001944 -0.002241 -0.012882 0.001775 0.001717 0.001956
1.580800 0.001951 -0.002245 -0.012896 0.001775 0.001717 0.001957
1.586300 0.001966 -0.002251 -0.012925 0.001775 0.001717 0.001960
1.589000 0.001974 -0.002254 -0.012939 0.001774 0.001717 0.001961
1.591800 0.001982 -0.002258 -0.012954 0.001774 0.001717 0.001963
1.594500 0.001989 -0.002261 -0.012968 0.001774 0.001718 0.001964
1.597300 0.001997 -0.002264 -0.012982 0.001774 0.001718 0.001965
1.600000 0.002004 -0.002268 -0.012996 0.001773 0.001718 0.001967
1.602700 0.002012 -0.002271 -0.013010 0.001773 0.001718 0.001968
1.605500 0.002020 -0.002274 -0.013025 0.001773 0.001718 0.001969
1.608200 0.002027 -0.002278 -0.013039 0.001773 0.001718 0.001970
1.611000 0.002035 -0.002281 -0.013053 0.001773 0.001718 0.001972
1.613700 0.002042 -0.002284 -0.013067 0.001772 0.001719 0.001973
1.616400 0.002050 -0.002288 -0.013081 0.001772 0.001719 0.001974
1.619200 0.002058 -0.002291 -0.013095 0.001772 0.001719 0.001976
1.621900 0.002065 -0.002294 -0.013109 0.001772 0.001719 0.001977
1.624700 0.002073 -0.002298 -0.013123 0.001772 0.001719 0.001978
1.627400 0.002080 -0.002301 -0.013137 0.001771 0.001719 0.001980
1.630100 0.002088 -0.002304 -0.013151 0.001771 0.001719 0.001981
1.632900 0.002096 -0.002308 -0.013165 0.001771 0.001719 0.001982
1.635600 0.002103 -0.002311 -0.013179 0.001771 0.001720 0.001983
1.638400 0.002111 -0.002314 -0.013193 0.001771 0.001720 0.001985
1.641100 0.002118 -0.002318 -0.013207 0.001771 0.001720 0.001986
1.643800 0.002126 -0.002321 -0.013220 0.001770 0.001720 0.001987
1.646600 0.002134 -0.002324 -0.013234 0.001770 0.001720 0.001989
1.649300 0.002141 -0.002328 -0.013248 0.001770 0.001720 0.001990
1.652100 0.002149 -0.002331 -0.013262 0.001770 0.001720 0.001991
1.654800 0.002157 -0.002334 -0.013275 0.001770 0.001721 0.001993
1.657500 0.002164 -0.002338 -0.013289 0.001770 0.001721 0.001994
1.660300 0.002172 -0.002341 -0.013303 0.001769 0.001721 0.001995
1.663000 0.002179 -0.002344 -0.013316 0.001769 0.001721 0.001997
1.665800 0.002187 -0.002348 -0.013330 0.001769 0.001721 0.001998
1.668500 0.002195 -0.002351 -0.013343 0.001769 0.001721 0.001999
1.671200 0.002202 -0.002354 -0.013357 0.001769 0.001721 0.002000
1.674000 0.002210 -0.002358 -0.013371 0.001769 0.001721 0.002002
1.676700 0.002217 -0.002361 -0.013384 0.001769 0.001722 0.002003
1.679500 0.002225 -0.002365 -0.013398 0.001769 0.001722 0.002004
1.682200 0.002233 -0.002368 -0.013411 0.001768 0.001722 0.002006
1.684900 0.002240 -0.002371 -0.013424 0.001768 0.001722 0.002007
1.687700 0.002248 -0.002375 -0.013438 0.001768 0.001722 0.002008
1.690400 0.002256 -0.002378 -0.013451 0.001768 0.001722 0.002010
1.693200 0.002263 -0.002381 -0.013464 0.001768 0.001722 0.002011
1.695900 0.002271 -0.002385 -0.013477 0.001768 0.001723 0.002012
1.698600 0.002278 -0.002388 -0.013491 0.001768 0.001723 0.002014
1.701400 0.002286 -0.002391 -0.013504 0.001768 0.001723 0.002015
1.704100 0.002294 -0.002395 -0.013517 0.001768 0.001723 0.002016
1.706900 0.002301 -0.002398 -0.013531 0.001768 0.001723 0.002018
1.709600 0.002309 -0.002401 -0.013544 0.001767 0.001723 0.002019
1.712300 0.002316 -0.002405 -0.013556 0.001767 0.001723 0.002020
1.715100 0.002324 -0.002408 -0.013570 0.001767 0.001723 0.002022
1.717800 0.002332 -0.002412 -0.013583 0.001767 0.001724 0.002023
1.720600 0.002339 -0.002415 -0.013596 0.001767 0.001724 0.002024
1.723300 0.002347 -0.002418 -0.013609 0.001767 0.001724 0.002025
1.726000 0.002354 -0.002422 -0.013622 0.001767 0.001724 0.002027
1.728800 0.002362 -0.002425 -0.013635 0.001767 0.001724 0.002028
1.731500 0.002370 -0.002428 -0.013648 0.001767 0.001724 0.002029
1.734300 0.002377 -0.002432 -0.013661 0.001767 0.001724 0.002031
1.737000 0.002385 -0.002435 -0.013674 0.001767 0.001724 0.002032
1.739700 0.002392 -0.002439 -0.013686 0.001767 0.001725 0.002033
1.742500 0.002400 -0.002442 -0.013699 0.001767 0.001725 0.002035
1.745200 0.002408 -0.002445 -0.013712 0.001767 0.001725 0.002036
1.747900 0.002415 -0.002449 -0.013724 0.001767 0.001725 0.002037
1.750700 0.002423 -0.002452 -0.013737 0.001767 0.001725 0.002039
1.753400 0.002430 -0.002455 -0.013750 0.001767 0.001725 0.002040
1.756100 0.002438 -0.002459 -0.013763 0.001767 0.001725 0.002041
1.758900 0.002446 -0.002462 -0.013775 0.001767 0.001725 0.002042
1.791600 0.002536 -0.002503 -0.013924 0.001767 0.001727 0.002058
1.794400 0.002544 -0.002506 -0.013937 0.001767 0.001727 0.002059
1.797100 0.002551 -0.002509 -0.013949 0.001767 0.001727 0.002061
1.799800 0.002559 -0.002513 -0.013961 0.001767 0.001727 0.002062
1.802600 0.002567 -0.002516 -0.013974 0.001767 0.001728 0.002063
1.805300 0.002574 -0.002520 -0.013986 0.001767 0.001728 0.002064
1.808000 0.002581 -0.002523 -0.013998 0.001767 0.001728 0.002066
1.810800 0.002589 -0.002526 -0.014010 0.001767 0.001728 0.002067
1.813500 0.002597 -0.002530 -0.014022 0.001767 0.001728 0.002068
1.816200 0.002604 -0.002533 -0.014034 0.001767 0.001728 0.002070
1.819000 0.002612 -0.002537 -0.014046 0.001767 0.001728 0.002071
1.821700 0.002619 -0.002540 -0.014058 0.001767 0.001728 0.002072
1.824400 0.002627 -0.002543 -0.014070 0.001767 0.001729 0.002073
1.827200 0.002634 -0.002547 -0.014082 0.001767 0.001729 0.002075
1.829900 0.002642 -0.002550 -0.014094 0.001768 0.001729 0.002076
1.832600 0.002649 -0.002554 -0.014106 0.001768 0.001729 0.002077
1.835400 0.002657 -0.002557 -0.014118 0.001768 0.001729 0.002078
1.838100 0.002664 -0.002560 -0.014129 0.001768 0.001729 0.002080
1.840800 0.002672 -0.002564 -0.014141 0.001768 0.001729 0.002081
1.843600 0.002679 -0.002567 -0.014153 0.001768 0.001729 0.002082
1.846300 0.002687 -0.002571 -0.014165 0.001768 0.001730 0.002084
1.849000 0.002694 -0.002574 -0.014176 0.001768 0.001730 0.002085
1.851800 0.002702 -0.002577 -0.014188 0.001768 0.001730 0.002086
1.854500 0.002709 -0.002581 -0.014200 0.001768 0.001730 0.002087
1.857200 0.002717 -0.002584 -0.014211 0.001769 0.001730 0.002089
1.860000 0.002724 -0.002588 -0.014223 0.001769 0.001730 0.002090
1.862700 0.002732 -0.002591 -0.014235 0.001769 0.001730 0.002091
1.865400 0.002739 -0.002594 -0.014246 0.001769 0.001731 0.002092
1.868100 0.002746 -0.002598 -0.014257 0.001769 0.001731 0.002094
1.870900 0.002754 -0.002601 -0.014269 0.001769 0.001731 0.002095
1.873600 0.002761 -0.002605 -0.014281 0.001769 0.001731 0.002096
1.876300 0.002769 -0.002608 -0.014292 0.001769 0.001731 0.002097
1.879100 0.002776 -0.002611 -0.014304 0.001770 0.001731 0.002099
1.881800 0.002784 -0.002615 -0.014315 0.001770 0.001731 0.002100
1.884500 0.002791 -0.002618 -0.014326 0.001770 0.001731 0.002101
1.887300 0.002799 -0.002622 -0.014338 0.001770 0.001732 0.002102
1.890000 0.002806 -0.002625 -0.014349 0.001770 0.001732 0.002104
1.892700 0.002813 -0.002628 -0.014360 0.001770 0.001732 0.002105
1.895500 0.002821 -0.002632 -0.014371 0.001771 0.001732 0.002106
1.898200 0.002828 -0.002635 -0.014383 0.001771 0.001732 0.002107
1.900900 0.002836 -0.002639 -0.014394 0.001771 0.001732 0.002109
1.903700 0.002843 -0.002642 -0.014405 0.001771 0.001732 0.002110
1.906400 0.002851 -0.002646 -0.014416 0.001771 0.001732 0.002111
1.909100 0.002858 -0.002649 -0.014427 0.001772 0.001733 0.002112
1.911900 0.002865 -0.002652 -0.014438 0.001772 0.001733 0.002114
1.914600 0.002873 -0.002656 -0.014449 0.001772 0.001733 0.002115
1.917300 0.002880 -0.002659 -0.014460 0.001772 0.001733 0.002116
1.920100 0.002888 -0.002663 -0.014471 0.001772 0.001733 0.002117
1.922800 0.002895 -0.002666 -0.014482 0.001773 0.001733 0.002119
1.925500 0.002902 -0.002669 -0.014493 0.001773 0.001733 0.002120
1.928300 0.002910 -0.002673 -0.014504 0.001773 0.001734 0.002121
1.931000 0.002917 -0.002676 -0.014515 0.001773 0.001734 0.002122
1.933700 0.002924 -0.002680 -0.014526 0.001773 0.001734 0.002123
1.936500 0.002932 -0.002683 -0.014537 0.001774 0.001734 0.002125
1.939200 0.002939 -0.002687 -0.014548 0.001774 0.001734 0.002126
1.941900 0.002946 -0.002690 -0.014558 0.001774 0.001734 0.002127
1.944700 0.002954 -0.002694 -0.014569 0.001774 0.001734 0.002128
1.947400 0.002961 -0.002697 -0.014580 0.001775 0.001735 0.002130
1.950100 0.002968 -0.002700 -0.014590 0.001775 0.001735 0.002131
1.952800 0.002976 -0.002704 -0.014601 0.001775 0.001735 0.002132
1.955600 0.002983 -0.002707 -0.014612 0.001775 0.001735 0.002133
1.958300 0.002990 -0.002711 -0.014622 0.001776 0.001735 0.002134
1.961000 0.002998 -0.002714 -0.014633 0.001776 0.001735 0.002136
1.963800 0.003005 -0.002718 -0.014644 0.001776 0.001735 0.002137
1.966500 0.003012 -0.002721 -0.014654 0.001776 0.001736 0.002138
1.969200 0.003020 -0.002724 -0.014664 0.001777 0.001736 0.002139
1.972000 0.003027 -0.002728 -0.014675 0.001777 0.001736 0.002140
1.974700 0.003034 -0.002731 -0.014686 0.001777 0.001736 0.002142
1.977400 0.003041 -0.002735 -0.014696 0.001777 0.001736 0.002143
1.980200 0.003049 -0.002738 -0.014706 0.001778 0.001736 0.002144
1.982900 0.003056 -0.002742 -0.014717 0.001778 0.001736 0.002145
1.985600 0.003063 -0.002745 -0.014727 0.001778 0.001737 0.002146
1.988400 0.003071 -0.002748 -0.014738 0.001779 0.001737 0.002148
1.991100 0.003078 -0.002752 -0.014748 0.001779 0.001737 0.002149
1.993800 0.003085 -0.002755 -0.014758 0.001779 0.001737 0.002150
1.996600 0.003092 -0.002759 -0.014768 0.001780 0.001737 0.002151
1.999300 0.003100 -0.002762 -0.014778 0.001780 0.001737 0.002152
2.002000 0.003107 -0.002766 -0.014788 0.001780 0.001737 0.002153
2.004800 0.003114 -0.002769 -0.014799 0.001780 0.001738 0.002155
2.007500 0.003121 -0.002772 -0.014809 0.001781 0.001738 0.002156
2.010200 0.003128 -0.002776 -0.014819 0.001781 0.001738 0.002157
2.013000 0.003136 -0.002779 -0.014829 0.001781 0.001738 0.002158
2.034800 0.003193 -0.002807 -0.014908 0.001784 0.001739 0.002167
2.037500 0.003200 -0.002810 -0.014918 0.001785 0.001739 0.002168
2.040300 0.003207 -0.002814 -0.014928 0.001785 0.001739 0.002170
2.043000 0.003215 -0.002817 -0.014938 0.001785 0.001740 0.002171
2.045700 0.003222 -0.002821 -0.014948 0.001786 0.001740 0.002172
2.048500 0.003229 -0.002824 -0.014957 0.001786 0.001740 0.002173
2.051200 0.003236 -0.002828 -0.014967 0.001786 0.001740 0.002174
2.067600 0.003279 -0.002848 -0.015025 0.001789 0.001741 0.002181
2.070300 0.003286 -0.002852 -0.015034 0.001789 0.001741 0.002182
2.073100 0.003293 -0.002855 -0.015044 0.001790 0.001741 0.002183
2.100400 0.003363 -0.002890 -0.015137 0.001794 0.001743 0.002194
2.103100 0.003370 -0.002893 -0.015146 0.001794 0.001743 0.002195
2.105900 0.003377 -0.002897 -0.015155 0.001795 0.001743 0.002196
2.108600 0.003384 -0.002900 -0.015164 0.001795 0.001743 0.002198
2.111300 0.003391 -0.002903 -0.015173 0.001795 0.001744 0.002199
2.114100 0.003398 -0.002907 -0.015183 0.001796 0.001744 0.002200
2.116800 0.003405 -0.002910 -0.015191 0.001796 0.001744 0.002201
2.119500 0.003412 -0.002914 -0.015200 0.001797 0.001744 0.002202
2.122200 0.003419 -0.002917 -0.015209 0.001797 0.001744 0.002203
2.125000 0.003426 -0.002921 -0.015218 0.001798 0.001744 0.002204
2.127700 0.003433 -0.002924 -0.015227 0.001798 0.001745 0.002205
2.130400 0.003439 -0.002928 -0.015236 0.001799 0.001745 0.002206
2.133200 0.003446 -0.002931 -0.015245 0.001799 0.001745 0.002207
2.135900 0.003453 -0.002935 -0.015254 0.001800 0.001745 0.002208
2.138600 0.003460 -0.002938 -0.015263 0.001800 0.001745 0.002209
2.141400 0.003467 -0.002942 -0.015272 0.001801 0.001746 0.002210
2.146800 0.003481 -0.002948 -0.015289 0.001802 0.001746 0.002213
2.149600 0.003488 -0.002952 -0.015298 0.001802 0.001746 0.002214
2.152300 0.003495 -0.002955 -0.015306 0.001803 0.001746 0.002215
2.155000 0.003501 -0.002959 -0.015315 0.001803 0.001746 0.002216
2.157800 0.003508 -0.002962 -0.015324 0.001804 0.001747 0.002217
2.160500 0.003515 -0.002966 -0.015332 0.001804 0.001747 0.002218
2.163200 0.003522 -0.002969 -0.015341 0.001805 0.001747 0.002219
2.166000 0.003529 -0.002973 -0.015350 0.001805 0.001747 0.002220
2.168700 0.003535 -0.002976 -0.015358 0.001806 0.001747 0.002221
2.171400 0.003542 -0.002980 -0.015366 0.001806 0.001748 0.002222
2.174200 0.003549 -0.002983 -0.015375 0.001807 0.001748 0.002223
2.176900 0.003556 -0.002986 -0.015383 0.001807 0.001748 0.002224
2.179600 0.003563 -0.002990 -0.015392 0.001808 0.001748 0.002225
2.182400 0.003570 -0.002993 -0.015400 0.001808 0.001748 0.002226
2.185100 0.003576 -0.002997 -0.015409 0.001809 0.001748 0.002227
2.187800 0.003583 -0.003000 -0.015417 0.001809 0.001749 0.002228
2.190600 0.003590 -0.003004 -0.015425 0.001810 0.001749 0.002229
2.193300 0.003596 -0.003007 -0.015434 0.001810 0.001749 0.002230
2.196000 0.003603 -0.003011 -0.015442 0.001811 0.001749 0.002231
2.198800 0.003610 -0.003014 -0.015450 0.001811 0.001749 0.002232
2.215100 0.003650 -0.003035 -0.015499 0.001815 0.001751 0.002238
2.217900 0.003657 -0.003038 -0.015507 0.001815 0.001751 0.002239
2.220600 0.003663 -0.003042 -0.015515 0.001816 0.001751 0.002240
2.223300 0.003670 -0.003045 -0.015523 0.001816 0.001751 0.002241
2.226100 0.003677 -0.003049 -0.015531 0.001817 0.001751 0.002242
2.228800 0.003683 -0.003052 -0.015539 0.001818 0.001752 0.002243
2.231500 0.003690 -0.003056 -0.015547 0.001818 0.001752 0.002244
2.234300 0.003696 -0.003059 -0.015555 0.001819 0.001752 0.002245
2.237000 0.003703 -0.003063 -0.015562 0.001819 0.001752 0.002246
2.239700 0.003709 -0.003066 -0.015570 0.001820 0.001752 0.002247
2.242500 0.003716 -0.003070 -0.015578 0.001820 0.001753 0.002248
2.245200 0.003723 -0.003073 -0.015586 0.001821 0.001753 0.002249
2.247900 0.003729 -0.003077 -0.015593 0.001822 0.001753 0.002250
2.250700 0.003736 -0.003080 -0.015601 0.001822 0.001753 0.002251
2.253400 0.003742 -0.003084 -0.015609 0.001823 0.001753 0.002252
2.256100 0.003749 -0.003087 -0.015617 0.001823 0.001754 0.002253
2.258900 0.003756 -0.003090 -0.015624 0.001824 0.001754 0.002254
2.261600 0.003762 -0.003094 -0.015632 0.001825 0.001754 0.002255
2.264300 0.003768 -0.003097 -0.015639 0.001825 0.001754 0.002255
2.267100 0.003775 -0.003101 -0.015647 0.001826 0.001755 0.002256
2.269800 0.003781 -0.003104 -0.015655 0.001826 0.001755 0.002257
2.272500 0.003788 -0.003108 -0.015662 0.001827 0.001755 0.002258
2.275300 0.003794 -0.003111 -0.015670 0.001828 0.001755 0.002259
2.278000 0.003801 -0.003115 -0.015677 0.001828 0.001755 0.002260
2.280700 0.003807 -0.003118 -0.015685 0.001829 0.001756 0.002261
2.283400 0.003814 -0.003122 -0.015692 0.001830 0.001756 0.002262
2.286200 0.003820 -0.003125 -0.015699 0.001830 0.001756 0.002263
2.288900 0.003827 -0.003129 -0.015707 0.001831 0.001756 0.002264
2.291600 0.003833 -0.003132 -0.015714 0.001831 0.001757 0.002265
2.294400 0.003839 -0.003136 -0.015721 0.001832 0.001757 0.002266
2.297100 0.003846 -0.003139 -0.015729 0.001833 0.001757 0.002267
2.299800 0.003852 -0.003142 -0.015736 0.001833 0.001757 0.002267
2.302600 0.003859 -0.003146 -0.015743 0.001834 0.001758 0.002268
2.305300 0.003865 -0.003149 -0.015750 0.001835 0.001758 0.002269
2.308000 0.003871 -0.003153 -0.015757 0.001835 0.001758 0.002270
2.310800 0.003878 -0.003156 -0.015765 0.001836 0.001758 0.002271
2.313500 0.003884 -0.003160 -0.015772 0.001837 0.001758 0.002272
2.316200 0.003890 -0.003163 -0.015779 0.001837 0.001759 0.002273
2.319000 0.003897 -0.003167 -0.015786 0.001838 0.001759 0.002274
2.321700 0.003903 -0.003170 -0.015793 0.001839 0.001759 0.002275
2.324400 0.003909 -0.003174 -0.015800 0.001839 0.001759 0.002275
2.327200 0.003916 -0.003177 -0.015807 0.001840 0.001760 0.002276
2.329900 0.003922 -0.003181 -0.015814 0.001841 0.001760 0.002277
2.332600 0.003928 -0.003184 -0.015821 0.001841 0.001760 0.002278
2.335400 0.003934 -0.003188 -0.015828 0.001842 0.001760 0.002279
2.340800 0.003947 -0.003194 -0.015842 0.001843 0.001761 0.002281
2.343600 0.003953 -0.003198 -0.015849 0.001844 0.001761 0.002282
2.346300 0.003959 -0.003201 -0.015855 0.001845 0.001761 0.002282
2.349000 0.003965 -0.003205 -0.015862 0.001845 0.001762 0.002283
2.351800 0.003972 -0.003208 -0.015869 0.001846 0.001762 0.002284
2.354500 0.003978 -0.003212 -0.015876 0.001847 0.001762 0.002285
2.357200 0.003984 -0.003215 -0.015882 0.001847 0.001762 0.002286
2.360000 0.003990 -0.003219 -0.015889 0.001848 0.001763 0.002287
2.362700 0.003996 -0.003222 -0.015896 0.001849 0.001763 0.002288
2.365400 0.004002 -0.003226 -0.015902 0.001849 0.001763 0.002288
2.368100 0.004008 -0.003229 -0.015909 0.001850 0.001763 0.002289
2.370900 0.004015 -0.003233 -0.015915 0.001851 0.001764 0.002290
2.373600 0.004021 -0.003236 -0.015922 0.001851 0.001764 0.002291
2.376300 0.004027 -0.003240 -0.015928 0.001852 0.001764 0.002292
2.379100 0.004033 -0.003243 -0.015935 0.001853 0.001765 0.002293
2.381800 0.004039 -0.003247 -0.015941 0.001854 0.001765 0.002293
2.384500 0.004045 -0.003250 -0.015948 0.001854 0.001765 0.002294
2.387300 0.004051 -0.003254 -0.015954 0.001855 0.001765 0.002295
2.390000 0.004057 -0.003257 -0.015961 0.001856 0.001766 0.002296
2.392700 0.004063 -0.003260 -0.015967 0.001856 0.001766 0.002297
2.395500 0.004069 -0.003264 -0.015974 0.001857 0.001766 0.002298
2.398200 0.004075 -0.003267 -0.015980 0.001858 0.001767 0.002298
2.400900 0.004081 -0.003271 -0.015986 0.001858 0.001767 0.002299
2.403700 0.004088 -0.003274 -0.015993 0.001859 0.001767 0.002300
2.406400 0.004093 -0.003278 -0.015999 0.001860 0.001767 0.002301
2.409100 0.004099 -0.003281 -0.016005 0.001861 0.001768 0.002302
2.411900 0.004105 -0.003285 -0.016011 0.001861 0.001768 0.002302
2.414600 0.004111 -0.003288 -0.016017 0.001862 0.001768 0.002303
2.417300 0.004117 -0.003292 -0.016023 0.001863 0.001769 0.002304
2.420100 0.004123 -0.003295 -0.016030 0.001864 0.001769 0.002305
2.422800 0.004129 -0.003299 -0.016036 0.001864 0.001769 0.002305
2.425500 0.004135 -0.003302 -0.016042 0.001865 0.001769 0.002306
2.428300 0.004141 -0.003306 -0.016048 0.001866 0.001770 0.002307
2.431000 0.004147 -0.003309 -0.016054 0.001867 0.001770 0.002308
2.433700 0.004153 -0.003313 -0.016060 0.001867 0.001770 0.002309
2.436500 0.004159 -0.003316 -0.016066 0.001868 0.001771 0.002309
2.439200 0.004165 -0.003320 -0.016072 0.001869 0.001771 0.002310
2.441900 0.004170 -0.003323 -0.016078 0.001869 0.001771 0.002311
2.444700 0.004176 -0.003327 -0.016084 0.001870 0.001772 0.002312
2.447400 0.004182 -0.003330 -0.016089 0.001871 0.001772 0.002312
2.450100 0.004188 -0.003333 -0.016095 0.001872 0.001772 0.002313
2.452800 0.004194 -0.003337 -0.016101 0.001872 0.001772 0.002314
2.455600 0.004199 -0.003340 -0.016107 0.001873 0.001773 0.002315
2.458300 0.004205 -0.003344 -0.016113 0.001874 0.001773 0.002315
2.461000 0.004211 -0.003347 -0.016118 0.001875 0.001773 0.002316
2.463800 0.004217 -0.003351 -0.016124 0.001876 0.001774 0.002317
2.466500 0.004222 -0.003354 -0.016130 0.001876 0.001774 0.002318
2.469200 0.004228 -0.003358 -0.016135 0.001877 0.001774 0.002318
2.472000 0.004234 -0.003361 -0.016141 0.001878 0.001775 0.002319
2.474700 0.004240 -0.003365 -0.016147 0.001879 0.001775 0.002320
2.477400 0.004245 -0.003368 -0.016152 0.001879 0.001775 0.002321
2.480200 0.004251 -0.003372 -0.016158 0.001880 0.001776 0.002321
2.482900 0.004257 -0.003375 -0.016163 0.001881 0.001776 0.002322
2.485600 0.004262 -0.003379 -0.016169 0.001882 0.001776 0.002323
2.488400 0.004268 -0.003382 -0.016175 0.001882 0.001777 0.002323
2.491100 0.004274 -0.003385 -0.016180 0.001883 0.001777 0.002324
2.493800 0.004279 -0.003389 -0.016185 0.001884 0.001777 0.002325
2.496600 0.004285 -0.003392 -0.016191 0.001885 0.001778 0.002326
2.499300 0.004291 -0.003396 -0.016196 0.001886 0.001778 0.002326
2.502000 0.004296 -0.003399 -0.016202 0.001886 0.001778 0.002327
2.504800 0.004302 -0.003403 -0.016207 0.001887 0.001779 0.002328
2.507500 0.004307 -0.003406 -0.016212 0.001888 0.001779 0.002328
2.510200 0.004313 -0.003410 -0.016218 0.001889 0.001779 0.002329
2.513000 0.004319 -0.003413 -0.016223 0.001889 0.001780 0.002330
2.515700 0.004324 -0.003417 -0.016228 0.001890 0.001780 0.002331
2.518400 0.004330 -0.003420 -0.016233 0.001891 0.001780 0.002331
2.521200 0.004335 -0.003424 -0.016239 0.001892 0.001781 0.002332
2.523900 0.004341 -0.003427 -0.016244 0.001893 0.001781 0.002333
2.526600 0.004346 -0.003431 -0.016249 0.001893 0.001782 0.002333
2.529400 0.004352 -0.003434 -0.016254 0.001894 0.001782 0.002334
2.532100 0.004357 -0.003438 -0.016259 0.001895 0.001782 0.002335
2.534800 0.004363 -0.003441 -0.016264 0.001896 0.001783 0.002335
2.537500 0.004368 -0.003444 -0.016269 0.001897 0.001783 0.002336
2.540300 0.004374 -0.003448 -0.016274 0.001897 0.001783 0.002337
2.543000 0.004379 -0.003451 -0.016279 0.001898 0.001784 0.002337
2.545700 0.004384 -0.003455 -0.016284 0.001899 0.001784 0.002338
2.548500 0.004390 -0.003458 -0.016289 0.001900 0.001784 0.002339
2.551200 0.004395 -0.003462 -0.016294 0.001901 0.001785 0.002339
2.553900 0.004400 -0.003465 -0.016299 0.001901 0.001785 0.002340
2.556700 0.004406 -0.003469 -0.016304 0.001902 0.001786 0.002341
2.559400 0.004411 -0.003472 -0.016309 0.001903 0.001786 0.002341
2.562100 0.004417 -0.003476 -0.016314 0.001904 0.001786 0.002342
2.564900 0.004422 -0.003479 -0.016319 0.001905 0.001787 0.002343
2.567600 0.004427 -0.003483 -0.016323 0.001906 0.001787 0.002343
2.570300 0.004433 -0.003486 -0.016328 0.001906 0.001788 0.002344
2.573100 0.004438 -0.003490 -0.016333 0.001907 0.001788 0.002345
2.575800 0.004443 -0.003493 -0.016337 0.001908 0.001788 0.002345
2.578500 0.004448 -0.003496 -0.016342 0.001909 0.001789 0.002346
2.581300 0.004454 -0.003500 -0.016347 0.001910 0.001789 0.002346
2.584000 0.004459 -0.003503 -0.016351 0.001911 0.001790 0.002347
2.586700 0.004464 -0.003507 -0.016356 0.001911 0.001790 0.002348
2.589500 0.004470 -0.003510 -0.016361 0.001912 0.001790 0.002348
2.592200 0.004475 -0.003514 -0.016365 0.001913 0.001791 0.002349
2.594900 0.004480 -0.003517 -0.016370 0.001914 0.001791 0.002350
2.597700 0.004485 -0.003521 -0.016374 0.001915 0.001792 0.002350
2.600400 0.004490 -0.003524 -0.016379 0.001916 0.001792 0.002351
2.603100 0.004495 -0.003528 -0.016383 0.001916 0.001792 0.002351
2.605900 0.004501 -0.003531 -0.016388 0.001917 0.001793 0.002352
2.608600 0.004506 -0.003535 -0.016392 0.001918 0.001793 0.002353
2.611300 0.004511 -0.003538 -0.016397 0.001919 0.001794 0.002353
2.614100 0.004516 -0.003542 -0.016401 0.001920 0.001794 0.002354
2.616800 0.004521 -0.003545 -0.016405 0.001921 0.001795 0.002354
2.619500 0.004526 -0.003548 -0.016410 0.001921 0.001795 0.002355
2.622200 0.004531 -0.003552 -0.016414 0.001922 0.001795 0.002356
2.625000 0.004536 -0.003555 -0.016418 0.001923 0.001796 0.002356
2.627700 0.004541 -0.003559 -0.016422 0.001924 0.001796 0.002357
2.630400 0.004546 -0.003562 -0.016427 0.001925 0.001797 0.002357
2.633200 0.004551 -0.003566 -0.016431 0.001926 0.001797 0.002358
2.635900 0.004556 -0.003569 -0.016435 0.001927 0.001798 0.002359
2.638600 0.004561 -0.003573 -0.016439 0.001927 0.001798 0.002359
2.641400 0.004567 -0.003576 -0.016443 0.001928 0.001798 0.002360
2.644100 0.004571 -0.003580 -0.016447 0.001929 0.001799 0.002360
2.646800 0.004576 -0.003583 -0.016452 0.001930 0.001799 0.002361
2.649600 0.004581 -0.003587 -0.016456 0.001931 0.001800 0.002361
2.652300 0.004586 -0.003590 -0.016460 0.001932 0.001800 0.002362
2.655000 0.004591 -0.003593 -0.016464 0.001933 0.001801 0.002363
2.657800 0.004596 -0.003597 -0.016468 0.001933 0.001801 0.002363
2.660500 0.004601 -0.003600 -0.016472 0.001934 0.001802 0.002364
2.663200 0.004606 -0.003604 -0.016476 0.001935 0.001802 0.002364
2.666000 0.004611 -0.003607 -0.016480 0.001936 0.001803 0.002365
2.668700 0.004616 -0.003611 -0.016483 0.001937 0.001803 0.002365
2.671400 0.004621 -0.003614 -0.016487 0.001938 0.001803 0.002366
2.674200 0.004626 -0.003618 -0.016491 0.001939 0.001804 0.002367
2.676900 0.004630 -0.003621 -0.016495 0.001940 0.001804 0.002367
2.679600 0.004635 -0.003625 -0.016499 0.001940 0.001805 0.002368
2.682400 0.004640 -0.003628 -0.016503 0.001941 0.001805 0.002368
2.685100 0.004645 -0.003632 -0.016506 0.001942 0.001806 0.002369
2.687800 0.004649 -0.003635 -0.016510 0.001943 0.001806 0.002369
2.690600 0.004654 -0.003639 -0.016514 0.001944 0.001807 0.002370
2.693300 0.004659 -0.003642 -0.016518 0.001945 0.001807 0.002370
2.696000 0.004664 -0.003645 -0.016521 0.001946 0.001808 0.002371
2.698800 0.004669 -0.003649 -0.016525 0.001947 0.001808 0.002371
2.701500 0.004673 -0.003652 -0.016529 0.001948 0.001809 0.002372
2.704200 0.004678 -0.003656 -0.016532 0.001948 0.001809 0.002372
2.706900 0.004683 -0.003659 -0.016536 0.001949 0.001810 0.002373
2.709700 0.004687 -0.003663 -0.016539 0.001950 0.001810 0.002374
2.712400 0.004692 -0.003666 -0.016543 0.001951 0.001811 0.002374
2.715100 0.004697 -0.003670 -0.016546 0.001952 0.001811 0.002375
2.717900 0.004701 -0.003673 -0.016550 0.001953 0.001812 0.002375
2.720600 0.004706 -0.003677 -0.016553 0.001954 0.001812 0.002376
2.723300 0.004710 -0.003680 -0.016557 0.001955 0.001813 0.002376
2.726100 0.004715 -0.003684 -0.016560 0.001956 0.001813 0.002377
2.728800 0.004720 -0.003687 -0.016563 0.001957 0.001814 0.002377
2.731500 0.004724 -0.003690 -0.016567 0.001957 0.001814 0.002378
2.734300 0.004729 -0.003694 -0.016570 0.001958 0.001815 0.002378
2.737000 0.004733 -0.003697 -0.016573 0.001959 0.001816 0.002379
2.739700 0.004738 -0.003701 -0.016577 0.001960 0.001816 0.002379
2.742500 0.004742 -0.003704 -0.016580 0.001961 0.001817 0.002380
2.745200 0.004747 -0.003708 -0.016583 0.001962 0.001817 0.002380
2.747900 0.004751 -0.003711 -0.016587 0.001963 0.001818 0.002381
2.750700 0.004756 -0.003715 -0.016590 0.001964 0.001818 0.002381
2.753400 0.004760 -0.003718 -0.016593 0.001965 0.001819 0.002382
2.756200 0.004765 -0.003722 -0.016596 0.001966 0.001819 0.002382
2.758900 0.004769 -0.003725 -0.016599 0.001967 0.001820 0.002383
2.761600 0.004774 -0.003728 -0.016602 0.001968 0.001820 0.002383
2.764400 0.004778 -0.003732 -0.016606 0.001969 0.001821 0.002384
2.767100 0.004783 -0.003735 -0.016609 0.001969 0.001822 0.002384
2.769900 0.004787 -0.003739 -0.016612 0.001970 0.001822 0.002385
2.772600 0.004791 -0.003742 -0.016615 0.001971 0.001823 0.002385
2.775300 0.004796 -0.003746 -0.016618 0.001972 0.001823 0.002386
2.778100 0.004800 -0.003749 -0.016621 0.001973 0.001824 0.002386
2.780800 0.004805 -0.003753 -0.016624 0.001974 0.001824 0.002387
2.783600 0.004809 -0.003756 -0.016627 0.001975 0.001825 0.002387
2.786300 0.004813 -0.003760 -0.016630 0.001976 0.001826 0.002388
2.791800 0.004822 -0.003767 -0.016635 0.001978 0.001827 0.002389
2.794500 0.004826 -0.003770 -0.016638 0.001979 0.001827 0.002389
2.797300 0.004830 -0.003774 -0.016641 0.001980 0.001828 0.002389
2.800000 0.004835 -0.003777 -0.016644 0.001981 0.001828 0.002390
2.802700 0.004839 -0.003780 -0.016647 0.001982 0.001829 0.002390
2.805500 0.004843 -0.003784 -0.016649 0.001983 0.001830 0.002391
2.808200 0.004847 -0.003787 -0.016652 0.001984 0.001830 0.002391
2.811000 0.004852 -0.003791 -0.016655 0.001985 0.001831 0.002392
2.813700 0.004856 -0.003794 -0.016658 0.001986 0.001831 0.002392
2.816400 0.004860 -0.003798 -0.016660 0.001987 0.001832 0.002393
2.819200 0.004864 -0.003801 -0.016663 0.001988 0.001833 0.002393
2.821900 0.004868 -0.003805 -0.016665 0.001988 0.001833 0.002394
2.824700 0.004872 -0.003808 -0.016668 0.001989 0.001834 0.002394
2.827400 0.004877 -0.003811 -0.016671 0.001990 0.001835 0.002395
2.830100 0.004881 -0.003815 -0.016673 0.001991 0.001835 0.002395
2.832900 0.004885 -0.003818 -0.016676 0.001992 0.001836 0.002395
2.835600 0.004889 -0.003822 -0.016678 0.001993 0.001836 0.002396
2.838400 0.004893 -0.003825 -0.016681 0.001994 0.001837 0.002396
2.841100 0.004897 -0.003829 -0.016683 0.001995 0.001838 0.002397
2.843800 0.004901 -0.003832 -0.016686 0.001996 0.001838 0.002397
2.846600 0.004905 -0.003836 -0.016688 0.001997 0.001839 0.002398
2.849300 0.004909 -0.003839 -0.016690 0.001998 0.001840 0.002398
2.852100 0.004913 -0.003843 -0.016693 0.001999 0.001840 0.002399
2.854800 0.004917 -0.003846 -0.016695 0.002000 0.001841 0.002399
2.857500 0.004921 -0.003849 -0.016698 0.002001 0.001842 0.002399
2.860300 0.004925 -0.003853 -0.016700 0.002002 0.001842 0.002400
2.863000 0.004929 -0.003856 -0.016702 0.002003 0.001843 0.002400
2.865800 0.004933 -0.003860 -0.016705 0.002004 0.001844 0.002401
2.868500 0.004937 -0.003863 -0.016707 0.002005 0.001844 0.002401
2.871200 0.004941 -0.003867 -0.016709 0.002006 0.001845 0.002402
2.874000 0.004945 -0.003870 -0.016711 0.002007 0.001846 0.002402
2.876700 0.004948 -0.003874 -0.016713 0.002008 0.001846 0.002403
2.879500 0.004952 -0.003877 -0.016716 0.002009 0.001847 0.002403
2.882200 0.004956 -0.003881 -0.016718 0.002010 0.001848 0.002403
2.884900 0.004960 -0.003884 -0.016720 0.002011 0.001848 0.002404
2.887700 0.004964 -0.003887 -0.016722 0.002012 0.001849 0.002404
2.890400 0.004968 -0.003891 -0.016724 0.002013 0.001850 0.002405
2.893200 0.004972 -0.003894 -0.016726 0.002014 0.001850 0.002405
2.895900 0.004975 -0.003898 -0.016728 0.002015 0.001851 0.002406
2.898600 0.004979 -0.003901 -0.016730 0.002016 0.001852 0.002406
2.901400 0.004983 -0.003905 -0.016732 0.002017 0.001852 0.002406
2.904100 0.004987 -0.003908 -0.016734 0.002018 0.001853 0.002407
2.906900 0.004990 -0.003912 -0.016736 0.002019 0.001854 0.002407
2.909600 0.004994 -0.003915 -0.016738 0.002020 0.001855 0.002408
2.912300 0.004998 -0.003918 -0.016740 0.002021 0.001855 0.002408
2.915100 0.005001 -0.003922 -0.016742 0.002023 0.001856 0.002408
2.917800 0.005005 -0.003925 -0.016743 0.002024 0.001857 0.002409
2.920600 0.005009 -0.003929 -0.016745 0.002025 0.001857 0.002409
2.923300 0.005012 -0.003932 -0.016747 0.002026 0.001858 0.002410
2.926000 0.005016 -0.003936 -0.016749 0.002027 0.001859 0.002410
2.928800 0.005020 -0.003939 -0.016751 0.002028 0.001860 0.002411
2.931500 0.005023 -0.003943 -0.016752 0.002029 0.001860 0.002411
2.934300 0.005027 -0.003946 -0.016754 0.002030 0.001861 0.002411
2.937000 0.005030 -0.003949 -0.016756 0.002031 0.001862 0.002412
2.939700 0.005034 -0.003953 -0.016758 0.002032 0.001862 0.002412
2.942500 0.005037 -0.003956 -0.016759 0.002033 0.001863 0.002413
2.945200 0.005041 -0.003960 -0.016761 0.002034 0.001864 0.002413
2.947900 0.005044 -0.003963 -0.016762 0.002035 0.001865 0.002413
2.950700 0.005048 -0.003967 -0.016764 0.002036 0.001866 0.002414
2.953400 0.005051 -0.003970 -0.016766 0.002037 0.001866 0.002414
2.956200 0.005055 -0.003974 -0.016767 0.002038 0.001867 0.002415
2.958900 0.005058 -0.003977 -0.016769 0.002039 0.001868 0.002415
2.961600 0.005062 -0.003980 -0.016770 0.002040 0.001869 0.002415
2.964400 0.005065 -0.003984 -0.016772 0.002042 0.001869 0.002416
2.967100 0.005069 -0.003987 -0.016773 0.002043 0.001870 0.002416
2.969900 0.005072 -0.003991 -0.016775 0.002044 0.001871 0.002417
2.972600 0.005076 -0.003994 -0.016776 0.002045 0.001872 0.002417
2.975300 0.005079 -0.003998 -0.016778 0.002046 0.001872 0.002418
2.978100 0.005082 -0.004001 -0.016779 0.002047 0.001873 0.002418
2.980800 0.005086 -0.004004 -0.016780 0.002048 0.001874 0.002418
2.983600 0.005089 -0.004008 -0.016782 0.002049 0.001875 0.002419
2.986300 0.005092 -0.004011 -0.016783 0.002050 0.001876 0.002419
2.989000 0.005096 -0.004015 -0.016784 0.002051 0.001876 0.002420
2.991800 0.005099 -0.004018 -0.016786 0.002052 0.001877 0.002420
2.994500 0.005102 -0.004022 -0.016787 0.002054 0.001878 0.002420
2.997300 0.005106 -0.004025 -0.016788 0.002055 0.001879 0.002421
3.000000 0.005109 -0.004029 -0.016789 0.002056 0.001880 0.002421
3.002700 0.005112 -0.004032 -0.016790 0.002057 0.001880 0.002422
3.005500 0.005115 -0.004035 -0.016792 0.002058 0.001881 0.002422
3.008200 0.005118 -0.004039 -0.016793 0.002059 0.001882 0.002422
3.011000 0.005122 -0.004042 -0.016794 0.002060 0.001883 0.002423
3.013700 0.005125 -0.004046 -0.016795 0.002061 0.001884 0.002423
3.016400 0.005128 -0.004049 -0.016796 0.002062 0.001885 0.002424
3.019200 0.005131 -0.004053 -0.016797 0.002064 0.001885 0.002424
3.021900 0.005134 -0.004056 -0.016798 0.002065 0.001886 0.002424
3.024700 0.005137 -0.004059 -0.016799 0.002066 0.001887 0.002425
3.027400 0.005140 -0.004063 -0.016800 0.002067 0.001888 0.002425
3.030100 0.005144 -0.004066 -0.016801 0.002068 0.001889 0.002426
3.032900 0.005147 -0.004070 -0.016802 0.002069 0.001890 0.002426
3.035600 0.005150 -0.004073 -0.016803 0.002070 0.001890 0.002426
3.038400 0.005153 -0.004077 -0.016804 0.002072 0.001891 0.002427
3.041100 0.005156 -0.004080 -0.016805 0.002073 0.001892 0.002427
3.043800 0.005159 -0.004083 -0.016806 0.002074 0.001893 0.002428
3.046600 0.005162 -0.004087 -0.016807 0.002075 0.001894 0.002428
3.049300 0.005165 -0.004090 -0.016808 0.002076 0.001895 0.002428
3.052100 0.005168 -0.004094 -0.016809 0.002077 0.001896 0.002429
3.054800 0.005171 -0.004097 -0.016809 0.002079 0.001897 0.002429
3.057500 0.005174 -0.004101 -0.016810 0.002080 0.001897 0.002430
3.060300 0.005177 -0.004104 -0.016811 0.002081 0.001898 0.002430
3.065800 0.005183 -0.004111 -0.016812 0.002083 0.001900 0.002431
3.068500 0.005185 -0.004114 -0.016813 0.002084 0.001901 0.002431
3.071200 0.005188 -0.004118 -0.016814 0.002086 0.001902 0.002432
3.074000 0.005191 -0.004121 -0.016814 0.002087 0.001903 0.002432
3.076700 0.005194 -0.004125 -0.016815 0.002088 0.001904 0.002432
3.079500 0.005197 -0.004128 -0.016816 0.002089 0.001905 0.002433
3.082200 0.005200 -0.004131 -0.016816 0.002090 0.001906 0.002433
3.084900 0.005202 -0.004135 -0.016817 0.002092 0.001906 0.002434
3.087700 0.005205 -0.004138 -0.016817 0.002093 0.001907 0.002434
3.090400 0.005208 -0.004142 -0.016818 0.002094 0.001908 0.002435
3.093200 0.005211 -0.004145 -0.016818 0.002095 0.001909 0.002435
3.095900 0.005214 -0.004149 -0.016819 0.002097 0.001910 0.002435
3.098600 0.005216 -0.004152 -0.016819 0.002098 0.001911 0.002436
3.101400 0.005219 -0.004155 -0.016820 0.002099 0.001912 0.002436
3.104100 0.005222 -0.004159 -0.016820 0.002100 0.001913 0.002437
3.106900 0.005225 -0.004162 -0.016821 0.002101 0.001914 0.002437
3.109600 0.005227 -0.004166 -0.016821 0.002103 0.001915 0.002437
3.112300 0.005230 -0.004169 -0.016822 0.002104 0.001916 0.002438
3.115100 0.005233 -0.004172 -0.016822 0.002105 0.001917 0.002438
3.117800 0.005235 -0.004176 -0.016822 0.002106 0.001918 0.002439
3.120600 0.005238 -0.004179 -0.016823 0.002108 0.001919 0.002439
3.123300 0.005240 -0.004183 -0.016823 0.002109 0.001920 0.002439
3.126000 0.005243 -0.004186 -0.016823 0.002110 0.001921 0.002440
3.128800 0.005246 -0.004190 -0.016823 0.002111 0.001922 0.002440
3.131500 0.005248 -0.004193 -0.016824 0.002113 0.001923 0.002441
3.134300 0.005251 -0.004196 -0.016824 0.002114 0.001924 0.002441
3.137000 0.005253 -0.004200 -0.016824 0.002115 0.001925 0.002442
3.139700 0.005256 -0.004203 -0.016824 0.002117 0.001926 0.002442
3.142500 0.005258 -0.004207 -0.016824 0.002118 0.001927 0.002442
3.145200 0.005261 -0.004210 -0.016825 0.002119 0.001928 0.002443
3.147900 0.005263 -0.004213 -0.016825 0.002120 0.001929 0.002443
3.150700 0.005266 -0.004217 -0.016825 0.002122 0.001930 0.002444
3.153400 0.005268 -0.004220 -0.016825 0.002123 0.001931 0.002444
3.156200 0.005271 -0.004224 -0.016825 0.002124 0.001932 0.002445
3.158900 0.005273 -0.004227 -0.016825 0.002126 0.001933 0.002445
3.161600 0.005275 -0.004230 -0.016825 0.002127 0.001934 0.002445
3.164400 0.005278 -0.004234 -0.016825 0.002128 0.001935 0.002446
3.167100 0.005280 -0.004237 -0.016825 0.002130 0.001936 0.002446
3.169900 0.005283 -0.004241 -0.016825 0.002131 0.001937 0.002447
3.172600 0.005285 -0.004244 -0.016825 0.002132 0.001938 0.002447
3.175300 0.005287 -0.004247 -0.016825 0.002134 0.001939 0.002448
3.178100 0.005289 -0.004251 -0.016825 0.002135 0.001940 0.002448
3.180800 0.005292 -0.004254 -0.016825 0.002136 0.001941 0.002449
3.183600 0.005294 -0.004258 -0.016824 0.002138 0.001942 0.002449
3.186300 0.005296 -0.004261 -0.016824 0.002139 0.001943 0.002449
3.189000 0.005299 -0.004264 -0.016824 0.002140 0.001944 0.002450
3.191800 0.005301 -0.004268 -0.016824 0.002142 0.001945 0.002450
3.194500 0.005303 -0.004271 -0.016824 0.002143 0.001946 0.002451
3.197300 0.005305 -0.004275 -0.016824 0.002144 0.001947 0.002451
3.200000 0.005308 -0.004278 -0.016823 0.002146 0.001948 0.002452
3.202700 0.005310 -0.004281 -0.016823 0.002147 0.001949 0.002452
3.205500 0.005312 -0.004285 -0.016823 0.002149 0.001950 0.002453
3.208200 0.005314 -0.004288 -0.016822 0.002150 0.001951 0.002453
3.211000 0.005316 -0.004292 -0.016822 0.002151 0.001953 0.002454
3.213700 0.005318 -0.004295 -0.016822 0.002153 0.001954 0.002454
3.216400 0.005320 -0.004298 -0.016821 0.002154 0.001955 0.002454
3.219200 0.005323 -0.004302 -0.016821 0.002156 0.001956 0.002455
3.221900 0.005325 -0.004305 -0.016821 0.002157 0.001957 0.002455
3.224700 0.005327 -0.004309 -0.016820 0.002158 0.001958 0.002456
3.227400 0.005329 -0.004312 -0.016820 0.002160 0.001959 0.002456
3.230100 0.005331 -0.004315 -0.016819 0.002161 0.001960 0.002457
3.232900 0.005333 -0.004319 -0.016819 0.002163 0.001961 0.002457
3.235600 0.005335 -0.004322 -0.016818 0.002164 0.001962 0.002458
3.238400 0.005337 -0.004326 -0.016818 0.002166 0.001964 0.002458
3.241100 0.005339 -0.004329 -0.016817 0.002167 0.001965 0.002459
3.243800 0.005341 -0.004332 -0.016817 0.002168 0.001966 0.002459
3.246600 0.005343 -0.004336 -0.016816 0.002170 0.001967 0.002460
3.249300 0.005345 -0.004339 -0.016815 0.002171 0.001968 0.002460
3.252100 0.005347 -0.004343 -0.016815 0.002173 0.001969 0.002461
3.254800 0.005348 -0.004346 -0.016814 0.002174 0.001970 0.002461
3.257500 0.005350 -0.004349 -0.016814 0.002176 0.001971 0.002462
3.260300 0.005352 -0.004353 -0.016813 0.002177 0.001973 0.002462
3.265800 0.005356 -0.004360 -0.016812 0.002180 0.001975 0.002463
3.268500 0.005358 -0.004363 -0.016811 0.002182 0.001976 0.002464
3.271200 0.005360 -0.004366 -0.016810 0.002183 0.001977 0.002464
3.274000 0.005361 -0.004370 -0.016809 0.002185 0.001978 0.002465
3.276700 0.005363 -0.004373 -0.016809 0.002186 0.001980 0.002465
3.279500 0.005365 -0.004377 -0.016808 0.002188 0.001981 0.002466
3.282200 0.005367 -0.004380 -0.016807 0.002189 0.001982 0.002466
3.284900 0.005368 -0.004383 -0.016806 0.002191 0.001983 0.002467
3.287700 0.005370 -0.004387 -0.016805 0.002192 0.001984 0.002467
3.290400 0.005372 -0.004390 -0.016804 0.002194 0.001986 0.002468
3.293200 0.005374 -0.004394 -0.016803 0.002195 0.001987 0.002468
3.295900 0.005375 -0.004397 -0.016802 0.002197 0.001988 0.002469
3.298600 0.005377 -0.004400 -0.016802 0.002199 0.001989 0.002470
3.301400 0.005379 -0.004404 -0.016801 0.002200 0.001990 0.002470
3.304100 0.005380 -0.004407 -0.016800 0.002202 0.001992 0.002471
3.306900 0.005382 -0.004411 -0.016799 0.002203 0.001993 0.002471
3.309600 0.005384 -0.004414 -0.016798 0.002205 0.001994 0.002472
3.312300 0.005385 -0.004417 -0.016797 0.002206 0.001995 0.002472
3.315100 0.005387 -0.004421 -0.016796 0.002208 0.001996 0.002473
3.317800 0.005388 -0.004424 -0.016795 0.002210 0.001998 0.002473
3.320600 0.005390 -0.004427 -0.016793 0.002211 0.001999 0.002474
3.323300 0.005391 -0.004431 -0.016792 0.002213 0.002000 0.002475
3.326000 0.005393 -0.004434 -0.016791 0.002214 0.002001 0.002475
3.328800 0.005394 -0.004438 -0.016790 0.002216 0.002003 0.002476
3.331500 0.005396 -0.004441 -0.016789 0.002218 0.002004 0.002476
3.334300 0.005397 -0.004444 -0.016788 0.002219 0.002005 0.002477
3.337000 0.005399 -0.004448 -0.016787 0.002221 0.002006 0.002477
3.339700 0.005400 -0.004451 -0.016785 0.002223 0.002008 0.002478
3.342500 0.005402 -0.004454 -0.016784 0.002224 0.002009 0.002479
3.345200 0.005403 -0.004458 -0.016783 0.002226 0.002010 0.002479
3.347900 0.005405 -0.004461 -0.016782 0.002228 0.002011 0.002480
3.350700 0.005406 -0.004465 -0.016780 0.002229 0.002013 0.002480
3.353400 0.005407 -0.004468 -0.016779 0.002231 0.002014 0.002481
3.356200 0.005409 -0.004471 -0.016778 0.002233 0.002015 0.002482
3.358900 0.005410 -0.004475 -0.016776 0.002234 0.002017 0.002482
3.361600 0.005411 -0.004478 -0.016775 0.002236 0.002018 0.002483
3.364400 0.005413 -0.004481 -0.016774 0.002238 0.002019 0.002483
3.367100 0.005414 -0.004485 -0.016772 0.002239 0.002020 0.002484
3.369900 0.005415 -0.004488 -0.016771 0.002241 0.002022 0.002485
3.372600 0.005417 -0.004492 -0.016769 0.002243 0.002023 0.002485
3.375300 0.005418 -0.004495 -0.016768 0.002245 0.002024 0.002486
3.378100 0.005419 -0.004498 -0.016767 0.002246 0.002026 0.002487
3.380800 0.005420 -0.004502 -0.016765 0.002248 0.002027 0.002487
3.383600 0.005422 -0.004505 -0.016764 0.002250 0.002028 0.002488
3.386300 0.005423 -0.004508 -0.016762 0.002252 0.002030 0.002488
3.389000 0.005424 -0.004512 -0.016761 0.002253 0.002031 0.002489
3.391800 0.005425 -0.004515 -0.016759 0.002255 0.002032 0.002490
3.394500 0.005426 -0.004519 -0.016757 0.002257 0.002034 0.002490
3.397300 0.005427 -0.004522 -0.016756 0.002259 0.002035 0.002491
3.400000 0.005429 -0.004525 -0.016754 0.002260 0.002036 0.002492
3.402700 0.005430 -0.004529 -0.016753 0.002262 0.002038 0.002492
3.405500 0.005431 -0.004532 -0.016751 0.002264 0.002039 0.002493
3.408200 0.005432 -0.004535 -0.016749 0.002266 0.002040 0.002494
3.411000 0.005433 -0.004539 -0.016748 0.002268 0.002042 0.002494
3.413700 0.005434 -0.004542 -0.016746 0.002270 0.002043 0.002495
3.416400 0.005435 -0.004545 -0.016744 0.002271 0.002045 0.002496
3.419200 0.005436 -0.004549 -0.016743 0.002273 0.002046 0.002497
3.421900 0.005437 -0.004552 -0.016741 0.002275 0.002047 0.002497
3.424700 0.005438 -0.004556 -0.016739 0.002277 0.002049 0.002498
3.427400 0.005439 -0.004559 -0.016737 0.002279 0.002050 0.002499
3.430100 0.005440 -0.004562 -0.016735 0.002281 0.002051 0.002499
3.432900 0.005441 -0.004566 -0.016734 0.002282 0.002053 0.002500
3.435600 0.005442 -0.004569 -0.016732 0.002284 0.002054 0.002501
3.438400 0.005443 -0.004572 -0.016730 0.002286 0.002056 0.002502
3.441100 0.005444 -0.004576 -0.016728 0.002288 0.002057 0.002502
3.443800 0.005445 -0.004579 -0.016726 0.002290 0.002058 0.002503
3.446600 0.005446 -0.004582 -0.016724 0.002292 0.002060 0.002504
3.449300 0.005446 -0.004586 -0.016722 0.002294 0.002061 0.002504
3.452100 0.005447 -0.004589 -0.016720 0.002296 0.002063 0.002505
3.454800 0.005448 -0.004593 -0.016718 0.002298 0.002064 0.002506
3.457500 0.005449 -0.004596 -0.016717 0.002300 0.002066 0.002507
3.460300 0.005450 -0.004599 -0.016714 0.002302 0.002067 0.002508
3.463000 0.005450 -0.004603 -0.016713 0.002304 0.002068 0.002508
3.465800 0.005451 -0.004606 -0.016710 0.002306 0.002070 0.002509
3.468500 0.005452 -0.004609 -0.016708 0.002308 0.002071 0.002510
3.471200 0.005453 -0.004613 -0.016706 0.002309 0.002073 0.002511
3.474000 0.005453 -0.004616 -0.016704 0.002312 0.002074 0.002511
3.476700 0.005454 -0.004619 -0.016702 0.002313 0.002076 0.002512
3.479500 0.005455 -0.004623 -0.016700 0.002316 0.002077 0.002513
3.482200 0.005456 -0.004626 -0.016698 0.002317 0.002079 0.002514
3.484900 0.005456 -0.004629 -0.016696 0.002319 0.002080 0.002515
3.487700 0.005457 -0.004633 -0.016694 0.002322 0.002082 0.002515
3.490400 0.005458 -0.004636 -0.016691 0.002324 0.002083 0.002516
3.493200 0.005458 -0.004640 -0.016689 0.002326 0.002085 0.002517
3.495900 0.005459 -0.004643 -0.016687 0.002328 0.002086 0.002518
3.498600 0.005459 -0.004646 -0.016685 0.002330 0.002088 0.002519
3.501400 0.005460 -0.004650 -0.016683 0.002332 0.002089 0.002520
3.504100 0.005461 -0.004653 -0.016680 0.002334 0.002091 0.002520
3.506900 0.005461 -0.004656 -0.016678 0.002336 0.002092 0.002521
3.509600 0.005462 -0.004660 -0.016676 0.002338 0.002094 0.002522
3.512300 0.005462 -0.004663 -0.016673 0.002340 0.002095 0.002523
3.515100 0.005463 -0.004666 -0.016671 0.002342 0.002097 0.002524
3.517800 0.005463 -0.004670 -0.016669 0.002344 0.002098 0.002525
3.520600 0.005464 -0.004673 -0.016666 0.002347 0.002100 0.002526
3.523300 0.005464 -0.004676 -0.016664 0.002349 0.002101 0.002527
3.526000 0.005464 -0.004680 -0.016662 0.002351 0.002103 0.002527
3.528800 0.005465 -0.004683 -0.016659 0.002353 0.002104 0.002528
3.531500 0.005465 -0.004686 -0.016657 0.002355 0.002106 0.002529
3.534300 0.005466 -0.004690 -0.016654 0.002357 0.002107 0.002530
3.537000 0.005466 -0.004693 -0.016652 0.002359 0.002109 0.002531
3.539700 0.005467 -0.004696 -0.016649 0.002362 0.002110 0.002532
3.542500 0.005467 -0.004700 -0.016647 0.002364 0.002112 0.002533
3.545200 0.005467 -0.004703 -0.016644 0.002366 0.002114 0.002534
3.547900 0.005468 -0.004706 -0.016642 0.002368 0.002115 0.002535
3.550700 0.005468 -0.004710 -0.016639 0.002370 0.002117 0.002536
3.553400 0.005468 -0.004713 -0.016637 0.002373 0.002118 0.002537
3.556200 0.005468 -0.004716 -0.016634 0.002375 0.002120 0.002538
3.561600 0.005469 -0.004723 -0.016629 0.002379 0.002123 0.002540
3.564400 0.005469 -0.004726 -0.016626 0.002382 0.002125 0.002541
3.567100 0.005469 -0.004730 -0.016624 0.002384 0.002126 0.002541
3.569900 0.005470 -0.004733 -0.016621 0.002386 0.002128 0.002542
3.572600 0.005470 -0.004736 -0.016618 0.002388 0.002129 0.002543
3.575300 0.005470 -0.004740 -0.016616 0.002391 0.002131 0.002544
3.578100 0.005470 -0.004743 -0.016613 0.002393 0.002133 0.002545
3.580800 0.005470 -0.004746 -0.016610 0.002395 0.002134 0.002546
3.583600 0.005470 -0.004750 -0.016607 0.002398 0.002136 0.002548
3.586300 0.005471 -0.004753 -0.016605 0.002400 0.002137 0.002549
3.589000 0.005471 -0.004756 -0.016602 0.002402 0.002139 0.002550
3.591800 0.005471 -0.004760 -0.016599 0.002405 0.002141 0.002551
3.594500 0.005471 -0.004763 -0.016596 0.002407 0.002142 0.002552
3.597300 0.005471 -0.004766 -0.016593 0.002410 0.002144 0.002553
3.600000 0.005471 -0.004770 -0.016591 0.002412 0.002146 0.002554
3.602700 0.005471 -0.004773 -0.016588 0.002414 0.002147 0.002555
3.605500 0.005471 -0.004776 -0.016585 0.002417 0.002149 0.002556
3.608200 0.005471 -0.004780 -0.016582 0.002419 0.002151 0.002557
3.611000 0.005471 -0.004783 -0.016579 0.002422 0.002152 0.002558
3.613700 0.005471 -0.004786 -0.016576 0.002424 0.002154 0.002559
3.616400 0.005471 -0.004790 -0.016573 0.002426 0.002156 0.002560
3.619200 0.005471 -0.004793 -0.016570 0.002429 0.002157 0.002561
3.621900 0.005471 -0.004796 -0.016567 0.002431 0.002159 0.002562
3.624700 0.005471 -0.004800 -0.016564 0.002434 0.002161 0.002564
3.627400 0.005471 -0.004803 -0.016561 0.002436 0.002162 0.002565
3.630100 0.005471 -0.004806 -0.016558 0.002439 0.002164 0.002566
3.632900 0.005470 -0.004810 -0.016555 0.002441 0.002166 0.002567
3.638400 0.005470 -0.004816 -0.016549 0.002446 0.002169 0.002569
3.641100 0.005470 -0.004820 -0.016546 0.002449 0.002171 0.002570
3.643800 0.005470 -0.004823 -0.016543 0.002451 0.002172 0.002572
3.646600 0.005470 -0.004826 -0.016540 0.002454 0.002174 0.002573
3.649300 0.005469 -0.004829 -0.016537 0.002456 0.002176 0.002574
3.652100 0.005469 -0.004833 -0.016533 0.002459 0.002178 0.002575
3.654800 0.005469 -0.004836 -0.016530 0.002462 0.002179 0.002576
3.657500 0.005469 -0.004839 -0.016527 0.002464 0.002181 0.002578
3.660300 0.005468 -0.004843 -0.016524 0.002467 0.002183 0.002579
3.663000 0.005468 -0.004846 -0.016521 0.002469 0.002184 0.002580
3.665800 0.005468 -0.004849 -0.016517 0.002472 0.002186 0.002581
3.668500 0.005467 -0.004853 -0.016514 0.002475 0.002188 0.002582
3.671200 0.005467 -0.004856 -0.016511 0.002477 0.002190 0.002584
3.674000 0.005467 -0.004859 -0.016508 0.002480 0.002191 0.002585
3.676700 0.005466 -0.004863 -0.016504 0.002482 0.002193 0.002586
3.679500 0.005466 -0.004866 -0.016501 0.002485 0.002195 0.002588
3.682200 0.005466 -0.004869 -0.016498 0.002488 0.002197 0.002589
3.684900 0.005465 -0.004873 -0.016494 0.002490 0.002198 0.002590
3.687700 0.005465 -0.004876 -0.016491 0.002493 0.002200 0.002591
3.690400 0.005464 -0.004879 -0.016488 0.002496 0.002202 0.002593
3.693200 0.005464 -0.004883 -0.016484 0.002499 0.002204 0.002594
3.695900 0.005463 -0.004886 -0.016481 0.002501 0.002206 0.002595
3.698600 0.005463 -0.004889 -0.016477 0.002504 0.002207 0.002597
3.701400 0.005462 -0.004892 -0.016474 0.002507 0.002209 0.002598
3.704100 0.005462 -0.004896 -0.016470 0.002510 0.002211 0.002599
3.706900 0.005461 -0.004899 -0.016467 0.002512 0.002213 0.002601
3.709600 0.005461 -0.004902 -0.016464 0.002515 0.002215 0.002602
3.712300 0.005460 -0.004906 -0.016460 0.002518 0.002216 0.002603
3.715100 0.005460 -0.004909 -0.016456 0.002521 0.002218 0.002605
3.717800 0.005459 -0.004912 -0.016453 0.002524 0.002220 0.002606
3.720600 0.005459 -0.004916 -0.016449 0.002526 0.002222 0.002608
3.726000 0.005457 -0.004922 -0.016442 0.002532 0.002225 0.002610
3.728800 0.005457 -0.004926 -0.016439 0.002535 0.002227 0.002612
3.731500 0.005456 -0.004929 -0.016435 0.002538 0.002229 0.002613
3.734300 0.005455 -0.004932 -0.016431 0.002541 0.002231 0.002615
3.737000 0.005455 -0.004935 -0.016428 0.002544 0.002233 0.002616
3.739700 0.005454 -0.004939 -0.016424 0.002546 0.002235 0.002617
3.742500 0.005453 -0.004942 -0.016420 0.002549 0.002237 0.002619
3.745200 0.005453 -0.004945 -0.016417 0.002552 0.002238 0.002620
3.747900 0.005452 -0.004949 -0.016413 0.002555 0.002240 0.002622
3.750700 0.005451 -0.004952 -0.016409 0.002558 0.002242 0.002623
3.753400 0.005450 -0.004955 -0.016406 0.002561 0.002244 0.002625
3.756200 0.005449 -0.004959 -0.016402 0.002564 0.002246 0.002626
3.758900 0.005449 -0.004962 -0.016398 0.002567 0.002248 0.002628
3.761600 0.005448 -0.004965 -0.016394 0.002570 0.002250 0.002629
3.764400 0.005447 -0.004968 -0.016391 0.002573 0.002252 0.002631
3.767100 0.005446 -0.004972 -0.016387 0.002576 0.002253 0.002632
3.769900 0.005445 -0.004975 -0.016383 0.002579 0.002255 0.002634
3.772600 0.005444 -0.004978 -0.016379 0.002582 0.002257 0.002635
3.775300 0.005444 -0.004981 -0.016375 0.002585 0.002259 0.002637
3.778100 0.005443 -0.004985 -0.016371 0.002588 0.002261 0.002639
3.780800 0.005442 -0.004988 -0.016368 0.002591 0.002263 0.002640
3.783600 0.005441 -0.004991 -0.016364 0.002594 0.002265 0.002642
3.786300 0.005440 -0.004995 -0.016360 0.002597 0.002267 0.002643
3.789000 0.005439 -0.004998 -0.016356 0.002600 0.002269 0.002645
3.791800 0.005438 -0.005001 -0.016352 0.002604 0.002271 0.002647
3.794500 0.005437 -0.005005 -0.016348 0.002607 0.002273 0.002648
3.797300 0.005436 -0.005008 -0.016344 0.002610 0.002274 0.002650
3.800000 0.005435 -0.005011 -0.016340 0.002613 0.002276 0.002651
3.802700 0.005434 -0.005014 -0.016336 0.002616 0.002278 0.002653
3.805500 0.005433 -0.005018 -0.016332 0.002619 0.002280 0.002655
3.808200 0.005432 -0.005021 -0.016328 0.002622 0.002282 0.002656
3.811000 0.005431 -0.005024 -0.016324 0.002626 0.002284 0.002658
3.813700 0.005429 -0.005028 -0.016320 0.002629 0.002286 0.002660
3.816400 0.005428 -0.005031 -0.016316 0.002632 0.002288 0.002661
3.819200 0.005427 -0.005034 -0.016312 0.002635 0.002290 0.002663
3.821900 0.005426 -0.005037 -0.016308 0.002638 0.002292 0.002665
3.824700 0.005425 -0.005041 -0.016303 0.002642 0.002294 0.002667
3.827400 0.005424 -0.005044 -0.016299 0.002645 0.002296 0.002668
3.830100 0.005423 -0.005047 -0.016295 0.002648 0.002298 0.002670
3.835600 0.005420 -0.005054 -0.016287 0.002655 0.002302 0.002674
3.838400 0.005419 -0.005057 -0.016283 0.002658 0.002304 0.002675
3.841100 0.005418 -0.005060 -0.016278 0.002661 0.002306 0.002677
3.843800 0.005416 -0.005064 -0.016274 0.002665 0.002308 0.002679
3.846600 0.005415 -0.005067 -0.016270 0.002668 0.002310 0.002681
3.849300 0.005414 -0.005070 -0.016266 0.002671 0.002312 0.002683
3.852100 0.005413 -0.005074 -0.016261 0.002675 0.002314 0.002684
3.854800 0.005411 -0.005077 -0.016257 0.002678 0.002316 0.002686
3.857500 0.005410 -0.005080 -0.016253 0.002682 0.002318 0.002688
3.860300 0.005409 -0.005083 -0.016249 0.002685 0.002320 0.002690
3.863000 0.005407 -0.005087 -0.016244 0.002688 0.002322 0.002692
3.865800 0.005406 -0.005090 -0.016240 0.002692 0.002324 0.002694
3.868500 0.005405 -0.005093 -0.016236 0.002695 0.002326 0.002696
3.871200 0.005403 -0.005096 -0.016231 0.002699 0.002328 0.002697
3.874000 0.005402 -0.005100 -0.016227 0.002702 0.002330 0.002699
3.876700 0.005400 -0.005103 -0.016222 0.002706 0.002332 0.002701
3.879500 0.005399 -0.005106 -0.016218 0.002709 0.002334 0.002703
3.882200 0.005397 -0.005110 -0.016214 0.002713 0.002336 0.002705
3.884900 0.005396 -0.005113 -0.016209 0.002716 0.002338 0.002707
3.887700 0.005394 -0.005116 -0.016205 0.002720 0.002341 0.002709
3.890400 0.005393 -0.005119 -0.016200 0.002723 0.002343 0.002711
3.893200 0.005391 -0.005123 -0.016196 0.002727 0.002345 0.002713
3.895900 0.005390 -0.005126 -0.016191 0.002730 0.002347 0.002715
3.898600 0.005388 -0.005129 -0.016187 0.002734 0.002349 0.002717
3.901400 0.005387 -0.005132 -0.016182 0.002738 0.002351 0.002719
3.904100 0.005385 -0.005136 -0.016178 0.002741 0.002353 0.002721
3.906900 0.005384 -0.005139 -0.016173 0.002745 0.002355 0.002723
3.909600 0.005382 -0.005142 -0.016169 0.002748 0.002357 0.002725
3.912300 0.005380 -0.005145 -0.016164 0.002752 0.002359 0.002727
3.915100 0.005379 -0.005149 -0.016159 0.002756 0.002361 0.002729
3.917800 0.005377 -0.005152 -0.016155 0.002759 0.002364 0.002731
3.920600 0.005375 -0.005155 -0.016150 0.002763 0.002366 0.002733
3.923300 0.005374 -0.005159 -0.016146 0.002767 0.002368 0.002735
3.926000 0.005372 -0.005162 -0.016141 0.002770 0.002370 0.002737
3.928800 0.005370 -0.005165 -0.016136 0.002774 0.002372 0.002740
3.931500 0.005369 -0.005168 -0.016132 0.002778 0.002374 0.002742
3.934300 0.005367 -0.005172 -0.016127 0.002782 0.002376 0.002744
3.937000 0.005365 -0.005175 -0.016122 0.002785 0.002378 0.002746
3.939700 0.005363 -0.005178 -0.016118 0.002789 0.002381 0.002748
3.942500 0.005362 -0.005181 -0.016113 0.002793 0.002383 0.002750
3.945200 0.005360 -0.005185 -0.016108 0.002796 0.002385 0.002752
3.947900 0.005358 -0.005188 -0.016103 0.002800 0.002387 0.002754
3.950700 0.005356 -0.005191 -0.016098 0.002804 0.002389 0.002757
3.953400 0.005354 -0.005194 -0.016094 0.002808 0.002391 0.002759
3.956200 0.005353 -0.005198 -0.016089 0.002812 0.002393 0.002761
3.958900 0.005351 -0.005201 -0.016084 0.002816 0.002396 0.002763
3.961600 0.005349 -0.005204 -0.016079 0.002819 0.002398 0.002766
3.964400 0.005347 -0.005207 -0.016074 0.002823 0.002400 0.002768
3.967100 0.005345 -0.005211 -0.016070 0.002827 0.002402 0.002770
3.969900 0.005343 -0.005214 -0.016065 0.002831 0.002404 0.002772
3.972600 0.005341 -0.005217 -0.016060 0.002835 0.002407 0.002775
3.975300 0.005339 -0.005220 -0.016055 0.002839 0.002409 0.002777
3.978100 0.005337 -0.005224 -0.016050 0.002843 0.002411 0.002779
3.980800 0.005335 -0.005227 -0.016045 0.002847 0.002413 0.002782
3.983600 0.005333 -0.005230 -0.016040 0.002851 0.002415 0.002784
3.986300 0.005331 -0.005233 -0.016035 0.002855 0.002418 0.002786
3.989000 0.005329 -0.005237 -0.016030 0.002859 0.002420 0.002789
3.991800 0.005327 -0.005240 -0.016025 0.002863 0.002422 0.002791
3.994500 0.005325 -0.005243 -0.016020 0.002867 0.002424 0.002793
3.997300 0.005323 -0.005246 -0.016015 0.002871 0.002426 0.002796
4.000000 0.005321 -0.005250 -0.016010 0.002875 0.002429 0.002798
4.002700 0.005319 -0.005253 -0.016005 0.002879 0.002431 0.002800
4.005500 0.005317 -0.005256 -0.016000 0.002883 0.002433 0.002803
4.008200 0.005315 -0.005259 -0.015995 0.002887 0.002435 0.002805
4.011000 0.005313 -0.005263 -0.015990 0.002891 0.002438 0.002808
4.013700 0.005310 -0.005266 -0.015985 0.002895 0.002440 0.002810
4.016400 0.005308 -0.005269 -0.015980 0.002899 0.002442 0.002813
4.019200 0.005306 -0.005272 -0.015975 0.002903 0.002444 0.002815
4.021900 0.005304 -0.005276 -0.015969 0.002908 0.002447 0.002818
4.024700 0.005302 -0.005279 -0.015964 0.002912 0.002449 0.002820
4.027400 0.005300 -0.005282 -0.015959 0.002916 0.002451 0.002823
4.030100 0.005297 -0.005285 -0.015954 0.002920 0.002453 0.002825
4.032900 0.005295 -0.005289 -0.015949 0.002924 0.002456 0.002828
4.035600 0.005293 -0.005292 -0.015944 0.002928 0.002458 0.002830
4.038400 0.005290 -0.005295 -0.015938 0.002933 0.002460 0.002833
4.041100 0.005288 -0.005298 -0.015933 0.002937 0.002463 0.002835
4.043800 0.005286 -0.005301 -0.015928 0.002941 0.002465 0.002838
4.046600 0.005284 -0.005305 -0.015923 0.002945 0.002467 0.002841
4.049300 0.005281 -0.005308 -0.015917 0.002950 0.002469 0.002843
4.052100 0.005279 -0.005311 -0.015912 0.002954 0.002472 0.002846
4.054800 0.005277 -0.005314 -0.015907 0.002958 0.002474 0.002848
4.057500 0.005274 -0.005318 -0.015902 0.002963 0.002476 0.002851
4.060300 0.005272 -0.005321 -0.015896 0.002967 0.002479 0.002854
4.063000 0.005269 -0.005324 -0.015891 0.002971 0.002481 0.002856
4.065800 0.005267 -0.005327 -0.015885 0.002976 0.002483 0.002859
4.068500 0.005265 -0.005331 -0.015880 0.002980 0.002486 0.002862
4.071200 0.005262 -0.005334 -0.015875 0.002984 0.002488 0.002864
4.074000 0.005260 -0.005337 -0.015869 0.002989 0.002490 0.002867
4.076700 0.005257 -0.005340 -0.015864 0.002993 0.002493 0.002870
4.079500 0.005255 -0.005343 -0.015858 0.002998 0.002495 0.002873
4.082200 0.005252 -0.005347 -0.015853 0.003002 0.002497 0.002875
4.084900 0.005250 -0.005350 -0.015848 0.003006 0.002500 0.002878
4.087700 0.005247 -0.005353 -0.015842 0.003011 0.002502 0.002881
4.090400 0.005245 -0.005356 -0.015837 0.003015 0.002504 0.002883
4.093200 0.005242 -0.005360 -0.015831 0.003020 0.002507 0.002886
4.095900 0.005239 -0.005363 -0.015826 0.003024 0.002509 0.002889
4.098600 0.005237 -0.005366 -0.015820 0.003029 0.002511 0.002892
4.101400 0.005234 -0.005369 -0.015815 0.003033 0.002514 0.002895
4.104100 0.005232 -0.005372 -0.015809 0.003038 0.002516 0.002898
4.106900 0.005229 -0.005376 -0.015804 0.003043 0.002519 0.002900
4.109600 0.005226 -0.005379 -0.015798 0.003047 0.002521 0.002903
4.112300 0.005224 -0.005382 -0.015793 0.003052 0.002523 0.002906
4.115100 0.005221 -0.005385 -0.015787 0.003056 0.002526 0.002909
4.117800 0.005218 -0.005389 -0.015781 0.003061 0.002528 0.002912
4.120600 0.005216 -0.005392 -0.015776 0.003066 0.002531 0.002915
4.123300 0.005213 -0.005395 -0.015770 0.003070 0.002533 0.002918
4.126000 0.005210 -0.005398 -0.015765 0.003075 0.002535 0.002921
4.128800 0.005207 -0.005401 -0.015759 0.003079 0.002538 0.002924
4.131500 0.005205 -0.005405 -0.015753 0.003084 0.002540 0.002927
4.134300 0.005202 -0.005408 -0.015748 0.003089 0.002543 0.002930
4.137000 0.005199 -0.005411 -0.015742 0.003094 0.002545 0.002933
4.139700 0.005196 -0.005414 -0.015736 0.003098 0.002547 0.002936
4.142500 0.005194 -0.005418 -0.015730 0.003103 0.002550 0.002939
4.145200 0.005191 -0.005421 -0.015725 0.003108 0.002552 0.002942
4.147900 0.005188 -0.005424 -0.015719 0.003112 0.002555 0.002945
4.153400 0.005182 -0.005430 -0.015708 0.003122 0.002560 0.002951
4.156200 0.005179 -0.005434 -0.015702 0.003127 0.002562 0.002954
4.158900 0.005176 -0.005437 -0.015696 0.003132 0.002564 0.002957
4.161600 0.005174 -0.005440 -0.015690 0.003136 0.002567 0.002960
4.164400 0.005171 -0.005443 -0.015684 0.003141 0.002569 0.002963
4.167100 0.005168 -0.005446 -0.015679 0.003146 0.002572 0.002966
4.169900 0.005165 -0.005450 -0.015673 0.003151 0.002574 0.002969
4.172600 0.005162 -0.005453 -0.015667 0.003156 0.002577 0.002972
4.175300 0.005159 -0.005456 -0.015661 0.003161 0.002579 0.002976
4.178100 0.005156 -0.005459 -0.015655 0.003166 0.002582 0.002979
4.180800 0.005153 -0.005462 -0.015649 0.003171 0.002584 0.002982
4.219200 0.005109 -0.005507 -0.015566 0.003241 0.002619 0.003028
4.230100 0.005096 -0.005520 -0.015541 0.003261 0.002630 0.003041
4.232900 0.005093 -0.005523 -0.015535 0.003267 0.002632 0.003045
4.235600 0.005090 -0.005526 -0.015529 0.003272 0.002635 0.003048
4.238400 0.005086 -0.005530 -0.015523 0.003277 0.002637 0.003052
4.241100 0.005083 -0.005533 -0.015517 0.003282 0.002640 0.003055
4.243800 0.005080 -0.005536 -0.015511 0.003287 0.002642 0.003059
4.246600 0.005077 -0.005539 -0.015504 0.003293 0.002645 0.003062
4.249300 0.005073 -0.005542 -0.015498 0.003298 0.002647 0.003066
4.252100 0.005070 -0.005546 -0.015492 0.003303 0.002650 0.003069
4.254800 0.005066 -0.005549 -0.015486 0.003309 0.002653 0.003073
4.257500 0.005063 -0.005552 -0.015480 0.003314 0.002655 0.003076
4.260300 0.005060 -0.005555 -0.015473 0.003319 0.002658 0.003080
4.263000 0.005056 -0.005558 -0.015467 0.003325 0.002660 0.003083
4.265800 0.005053 -0.005562 -0.015461 0.003330 0.002663 0.003087
4.268500 0.005049 -0.005565 -0.015454 0.003335 0.002666 0.003091
4.271200 0.005046 -0.005568 -0.015448 0.003341 0.002668 0.003094
4.274000 0.005042 -0.005571 -0.015442 0.003346 0.002671 0.003098
4.276700 0.005039 -0.005574 -0.015436 0.003351 0.002673 0.003101
4.279500 0.005035 -0.005577 -0.015429 0.003357 0.002676 0.003105
4.282200 0.005032 -0.005581 -0.015423 0.003362 0.002679 0.003109
4.284900 0.005028 -0.005584 -0.015417 0.003368 0.002681 0.003112
4.287700 0.005025 -0.005587 -0.015410 0.003373 0.002684 0.003116
4.290400 0.005021 -0.005590 -0.015404 0.003379 0.002687 0.003120
4.293200 0.005018 -0.005593 -0.015397 0.003384 0.002689 0.003123
4.295900 0.005014 -0.005597 -0.015391 0.003390 0.002692 0.003127
4.298600 0.005011 -0.005600 -0.015385 0.003395 0.002694 0.003131
4.301400 0.005007 -0.005603 -0.015378 0.003401 0.002697 0.003135
4.304100 0.005003 -0.005606 -0.015372 0.003406 0.002700 0.003138
4.306900 0.005000 -0.005609 -0.015365 0.003412 0.002702 0.003142
