# time (yr) north(m) east(m) up(m) northsigma(m) eastsigma(m) upsigma(m)
0.000000 0.000000 0.000000 0.000000 0.000632 0.001292 0.001074
0.002700 0.000001 -0.000051 0.000035 0.000633 0.001295 0.001075
0.005500 0.000002 -0.000101 0.000067 0.000636 0.001303 0.001077
0.008200 0.000003 -0.000148 0.000095 0.000640 0.001314 0.001080
0.011000 0.000004 -0.000196 0.000121 0.000645 0.001330 0.001083
0.013700 0.000004 -0.000240 0.000144 0.000651 0.001347 0.001087
0.016400 0.000005 -0.000284 0.000165 0.000656 0.001366 0.001091
0.019200 0.000005 -0.000329 0.000184 0.000662 0.001388 0.001095
0.021900 0.000006 -0.000372 0.000202 0.000668 0.001410 0.001100
0.024700 0.000006 -0.000416 0.000218 0.000674 0.001433 0.001105
0.027400 0.000007 -0.000457 0.000233 0.000679 0.001457 0.001110
0.030100 0.000007 -0.000498 0.000247 0.000684 0.001480 0.001115
0.032900 0.000007 -0.000541 0.000260 0.000689 0.001505 0.001121
0.035600 0.000008 -0.000581 0.000271 0.000694 0.001530 0.001126
0.038400 0.000008 -0.000623 0.000283 0.000698 0.001555 0.001131
0.041100 0.000008 -0.000663 0.000293 0.000703 0.001579 0.001137
0.043800 0.000008 -0.000702 0.000303 0.000707 0.001603 0.001142
0.046600 0.000008 -0.000743 0.000312 0.000711 0.001627 0.001148
0.049300 0.000009 -0.000782 0.000321 0.000715 0.001651 0.001154
0.052100 0.000009 -0.000823 0.000329 0.000719 0.001675 0.001160
0.054800 0.000009 -0.000862 0.000336 0.000723 0.001697 0.001165
0.057500 0.000009 -0.000900 0.000344 0.000726 0.001719 0.001171
0.060300 0.000009 -0.000940 0.000351 0.000730 0.001742 0.001177
0.063000 0.000009 -0.000978 0.000357 0.000733 0.001763 0.001182
0.065800 0.000009 -0.001017 0.000363 0.000737 0.001784 0.001188
0.068500 0.000009 -0.001055 0.000369 0.000740 0.001804 0.001194
0.071200 0.000009 -0.001092 0.000375 0.000743 0.001824 0.001199
0.074000 0.000009 -0.001131 0.000380 0.000746 0.001843 0.001205
0.076700 0.000009 -0.001168 0.000385 0.000750 0.001862 0.001211
0.079500 0.000009 -0.001207 0.000390 0.000753 0.001880 0.001216
0.082200 0.000009 -0.001243 0.000395 0.000756 0.001897 0.001222
0.084900 0.000009 -0.001280 0.000399 0.000759 0.001914 0.001227
0.087700 0.000009 -0.001318 0.000404 0.000762 0.001931 0.001233
0.090400 0.000009 -0.001354 0.000408 0.000765 0.001946 0.001239
0.093200 0.000008 -0.001392 0.000412 0.000768 0.001962 0.001244
0.095900 0.000008 -0.001428 0.000415 0.000771 0.001976 0.001250
0.098600 0.000008 -0.001463 0.000419 0.000774 0.001990 0.001255
0.101400 0.000008 -0.001500 0.000423 0.000776 0.002004 0.001260
0.104100 0.000008 -0.001536 0.000426 0.000779 0.002016 0.001266
0.106900 0.000008 -0.001572 0.000429 0.000782 0.002029 0.001271
0.109600 0.000007 -0.001608 0.000432 0.000785 0.002041 0.001276
0.112300 0.000007 -0.001642 0.000435 0.000788 0.002052 0.001281
0.115100 0.000007 -0.001679 0.000438 0.000790 0.002063 0.001287
0.117800 0.000007 -0.001713 0.000440 0.000793 0.002073 0.001292
0.120600 0.000006 -0.001749 0.000443 0.000796 0.002083 0.001297
0.123300 0.000006 -0.001783 0.000445 0.000798 0.002093 0.001302
0.126000 0.000006 -0.001817 0.000447 0.000801 0.002101 0.001307
0.128800 0.000005 -0.001853 0.000450 0.000804 0.002110 0.001312
0.131500 0.000005 -0.001886 0.000452 0.000806 0.002118 0.001317
0.134300 0.000005 -0.001921 0.000454 0.000809 0.002126 0.001322
0.137000 0.000004 -0.001955 0.000455 0.000811 0.002133 0.001327
0.139700 0.000004 -0.001988 0.000457 0.000814 0.002140 0.001331
0.142500 0.000004 -0.002023 0.000459 0.000816 0.002147 0.001336
0.145200 0.000003 -0.002056 0.000461 0.000819 0.002153 0.001341
0.147900 0.000003 -0.002088 0.000462 0.000821 0.002158 0.001346
0.150700 0.000002 -0.002122 0.000463 0.000823 0.002164 0.001350
0.153400 0.000002 -0.002155 0.000465 0.000826 0.002169 0.001355
0.156200 0.000002 -0.002189 0.000466 0.000828 0.002173 0.001359
0.158900 0.000001 -0.002221 0.000467 0.000830 0.002178 0.001364
0.161600 0.000001 -0.002253 0.000468 0.000833 0.002182 0.001368
0.164400 0.000000 -0.002286 0.000469 0.000835 0.002186 0.001373
0.167100 -0.000000 -0.002318 0.000470 0.000837 0.002189 0.001377
0.169900 -0.000001 -0.002351 0.000471 0.000839 0.002192 0.001382
0.172600 -0.000001 -0.002382 0.000472 0.000841 0.002195 0.001386
0.175300 -0.000002 -0.002413 0.000473 0.000844 0.002198 0.001390
0.178100 -0.000002 -0.002446 0.000473 0.000846 0.002200 0.001394
0.180800 -0.000003 -0.002477 0.000474 0.000848 0.002202 0.001399
0.183600 -0.000003 -0.002509 0.000474 0.000850 0.002204 0.001403
0.186300 -0.000004 -0.002540 0.000475 0.000852 0.002206 0.001407
0.189000 -0.000004 -0.002570 0.000475 0.000854 0.002207 0.001411
0.191800 -0.000005 -0.002602 0.000475 0.000856 0.002208 0.001415
0.194500 -0.000005 -0.002632 0.000476 0.000858 0.002209 0.001419
0.200000 -0.000007 -0.002693 0.000476 0.000861 0.002211 0.001427
0.202700 -0.000007 -0.002723 0.000476 0.000863 0.002211 0.001431
0.205500 -0.000008 -0.002754 0.000476 0.000865 0.002212 0.001435
0.208200 -0.000008 -0.002784 0.000476 0.000867 0.002212 0.001439
0.211000 -0.000009 -0.002814 0.000476 0.000868 0.002212 0.001443
0.213700 -0.000009 -0.002844 0.000476 0.000870 0.002211 0.001446
0.216400 -0.000010 -0.002873 0.000475 0.000872 0.002211 0.001450
0.219200 -0.000011 -0.002903 0.000475 0.000874 0.002211 0.001454
0.221900 -0.000011 -0.002932 0.000475 0.000875 0.002210 0.001458
0.224700 -0.000012 -0.002962 0.000474 0.000877 0.002209 0.001461
0.227400 -0.000013 -0.002991 0.000474 0.000878 0.002208 0.001465
0.230100 -0.000013 -0.003019 0.000473 0.000880 0.002207 0.001469
0.232900 -0.000014 -0.003049 0.000473 0.000881 0.002206 0.001472
0.235600 -0.000014 -0.003077 0.000472 0.000883 0.002205 0.001476
0.238400 -0.000015 -0.003106 0.000471 0.000884 0.002203 0.001479
0.241100 -0.000016 -0.003134 0.000471 0.000886 0.002202 0.001483
0.243800 -0.000016 -0.003162 0.000470 0.000887 0.002200 0.001486
0.246600 -0.000017 -0.003191 0.000469 0.000889 0.002199 0.001490
0.249300 -0.000018 -0.003218 0.000468 0.000890 0.002197 0.001493
0.252100 -0.000018 -0.003247 0.000467 0.000891 0.002195 0.001497
0.254800 -0.000019 -0.003274 0.000466 0.000892 0.002193 0.001500
0.257500 -0.000020 -0.003302 0.000465 0.000894 0.002191 0.001503
0.260300 -0.000020 -0.003330 0.000464 0.000895 0.002189 0.001507
0.263000 -0.000021 -0.003357 0.000463 0.000896 0.002187 0.001510
0.265800 -0.000022 -0.003385 0.000462 0.000897 0.002185 0.001513
0.268500 -0.000023 -0.003411 0.000461 0.000899 0.002183 0.001517
0.271200 -0.000023 -0.003438 0.000460 0.000900 0.002181 0.001520
0.274000 -0.000024 -0.003466 0.000458 0.000901 0.002178 0.001523
0.276700 -0.000025 -0.003492 0.000457 0.000902 0.002176 0.001526
0.279500 -0.000025 -0.003519 0.000456 0.000903 0.002173 0.001529
0.282200 -0.000026 -0.003546 0.000454 0.000904 0.002171 0.001533
0.284900 -0.000027 -0.003572 0.000453 0.000905 0.002169 0.001536
0.287700 -0.000027 -0.003599 0.000452 0.000906 0.002166 0.001539
0.290400 -0.000028 -0.003624 0.000450 0.000907 0.002163 0.001542
0.293200 -0.000029 -0.003651 0.000448 0.000908 0.002161 0.001545
0.295900 -0.000030 -0.003677 0.000447 0.000909 0.002158 0.001548
0.298600 -0.000030 -0.003702 0.000445 0.000910 0.002155 0.001551
0.301400 -0.000031 -0.003729 0.000444 0.000911 0.002153 0.001554
0.304100 -0.000032 -0.003754 0.000442 0.000912 0.002150 0.001557
0.306900 -0.000033 -0.003780 0.000440 0.000912 0.002147 0.001560
0.309600 -0.000033 -0.003805 0.000438 0.000913 0.002145 0.001563
0.312300 -0.000034 -0.003830 0.000437 0.000914 0.002142 0.001566
0.315100 -0.000035 -0.003856 0.000435 0.000915 0.002139 0.001569
0.317800 -0.000036 -0.003881 0.000433 0.000915 0.002136 0.001572
0.320600 -0.000036 -0.003906 0.000431 0.000916 0.002134 0.001574
0.323300 -0.000037 -0.003931 0.000429 0.000917 0.002131 0.001577
0.326000 -0.000038 -0.003955 0.000427 0.000918 0.002128 0.001580
0.328800 -0.000039 -0.003980 0.000425 0.000918 0.002125 0.001583
0.331500 -0.000040 -0.004005 0.000423 0.000919 0.002122 0.001586
0.334300 -0.000040 -0.004030 0.000421 0.000920 0.002120 0.001589
0.337000 -0.000041 -0.004054 0.000419 0.000920 0.002117 0.001591
0.339700 -0.000042 -0.004078 0.000417 0.000921 0.002114 0.001594
0.342500 -0.000043 -0.004102 0.000414 0.000921 0.002111 0.001597
0.345200 -0.000043 -0.004126 0.000412 0.000922 0.002108 0.001599
0.347900 -0.000044 -0.004150 0.000410 0.000922 0.002106 0.001602
0.350700 -0.000045 -0.004174 0.000408 0.000923 0.002103 0.001605
0.353400 -0.000046 -0.004198 0.000405 0.000923 0.002100 0.001607
0.356200 -0.000047 -0.004222 0.000403 0.000924 0.002097 0.001610
0.358900 -0.000047 -0.004245 0.000401 0.000924 0.002095 0.001613
0.361600 -0.000048 -0.004268 0.000398 0.000925 0.002092 0.001615
0.364400 -0.000049 -0.004292 0.000396 0.000925 0.002089 0.001618
0.367100 -0.000050 -0.004315 0.000393 0.000926 0.002087 0.001620
0.369900 -0.000051 -0.004339 0.000391 0.000926 0.002084 0.001623
0.372600 -0.000051 -0.004361 0.000388 0.000926 0.002081 0.001626
0.375300 -0.000052 -0.004384 0.000386 0.000927 0.002079 0.001628
0.378100 -0.000053 -0.004408 0.000383 0.000927 0.002076 0.001631
0.380800 -0.000054 -0.004430 0.000381 0.000927 0.002073 0.001633
0.383600 -0.000055 -0.004453 0.000378 0.000928 0.002071 0.001636
0.386300 -0.000056 -0.004476 0.000375 0.000928 0.002068 0.001638
0.389000 -0.000056 -0.004498 0.000373 0.000928 0.002066 0.001641
0.391800 -0.000057 -0.004521 0.000370 0.000928 0.002063 0.001643
0.394500 -0.000058 -0.004543 0.000367 0.000929 0.002061 0.001645
0.397300 -0.000059 -0.004566 0.000364 0.000929 0.002058 0.001648
0.400000 -0.000060 -0.004587 0.000362 0.000929 0.002056 0.001650
0.402700 -0.000060 -0.004609 0.000359 0.000929 0.002054 0.001653
0.405500 -0.000061 -0.004632 0.000356 0.000929 0.002051 0.001655
0.408200 -0.000062 -0.004653 0.000353 0.000929 0.002049 0.001657
0.411000 -0.000063 -0.004676 0.000350 0.000930 0.002046 0.001660
0.413700 -0.000064 -0.004697 0.000347 0.000930 0.002044 0.001662
0.416400 -0.000065 -0.004719 0.000344 0.000930 0.002042 0.001664
0.419200 -0.000066 -0.004741 0.000341 0.000930 0.002040 0.001667
0.421900 -0.000066 -0.004762 0.000338 0.000930 0.002037 0.001669
0.424700 -0.000067 -0.004784 0.000335 0.000930 0.002035 0.001671
0.427400 -0.000068 -0.004805 0.000332 0.000930 0.002033 0.001673
0.430100 -0.000069 -0.004826 0.000329 0.000930 0.002031 0.001676
0.432900 -0.000070 -0.004847 0.000326 0.000930 0.002029 0.001678
0.435600 -0.000071 -0.004868 0.000323 0.000930 0.002027 0.001680
0.438400 -0.000072 -0.004890 0.000320 0.000930 0.002025 0.001682
0.441100 -0.000072 -0.004910 0.000317 0.000930 0.002023 0.001684
0.443800 -0.000073 -0.004931 0.000313 0.000930 0.002021 0.001686
0.446600 -0.000074 -0.004952 0.000310 0.000930 0.002019 0.001689
0.449300 -0.000075 -0.004972 0.000307 0.000930 0.002017 0.001691
0.452100 -0.000076 -0.004993 0.000304 0.000930 0.002015 0.001693
0.454800 -0.000077 -0.005014 0.000300 0.000930 0.002013 0.001695
0.457500 -0.000078 -0.005034 0.000297 0.000930 0.002011 0.001697
0.460300 -0.000079 -0.005055 0.000294 0.000930 0.002009 0.001699
0.463000 -0.000079 -0.005075 0.000290 0.000930 0.002008 0.001701
0.465800 -0.000080 -0.005095 0.000287 0.000930 0.002006 0.001703
0.468500 -0.000081 -0.005115 0.000284 0.000929 0.002004 0.001705
0.471200 -0.000082 -0.005135 0.000280 0.000929 0.002003 0.001707
0.474000 -0.000083 -0.005155 0.000277 0.000929 0.002001 0.001709
0.476700 -0.000084 -0.005175 0.000273 0.000929 0.001999 0.001711
0.479500 -0.000085 -0.005195 0.000270 0.000929 0.001998 0.001713
0.482200 -0.000086 -0.005215 0.000266 0.000929 0.001996 0.001715
0.484900 -0.000086 -0.005234 0.000263 0.000928 0.001995 0.001717
0.487700 -0.000087 -0.005254 0.000259 0.000928 0.001993 0.001719
0.490400 -0.000088 -0.005274 0.000256 0.000928 0.001992 0.001721
0.493200 -0.000089 -0.005294 0.000252 0.000928 0.001990 0.001723
0.495900 -0.000090 -0.005313 0.000248 0.000928 0.001989 0.001725
0.498600 -0.000091 -0.005332 0.000245 0.000927 0.001988 0.001727
0.501400 -0.000092 -0.005352 0.000241 0.000927 0.001986 0.001729
0.504100 -0.000093 -0.005370 0.000237 0.000927 0.001985 0.001731
0.506900 -0.000094 -0.005390 0.000234 0.000927 0.001984 0.001733
0.509600 -0.000095 -0.005409 0.000230 0.000926 0.001982 0.001734
0.512300 -0.000095 -0.005428 0.000226 0.000926 0.001981 0.001736
0.517800 -0.000097 -0.005466 0.000219 0.000925 0.001979 0.001740
0.520600 -0.000098 -0.005485 0.000215 0.000925 0.001978 0.001742
0.523300 -0.000099 -0.005503 0.000211 0.000925 0.001977 0.001743
0.526000 -0.000100 -0.005522 0.000208 0.000924 0.001976 0.001745
0.528800 -0.000101 -0.005541 0.000204 0.000924 0.001974 0.001747
0.531500 -0.000102 -0.005559 0.000200 0.000924 0.001973 0.001749
0.534300 -0.000103 -0.005578 0.000196 0.000923 0.001972 0.001751
0.537000 -0.000104 -0.005596 0.000192 0.000923 0.001972 0.001752
0.539700 -0.000105 -0.005614 0.000188 0.000923 0.001971 0.001754
0.542500 -0.000105 -0.005633 0.000184 0.000922 0.001970 0.001756
0.545200 -0.000106 -0.005651 0.000180 0.000922 0.001969 0.001757
0.547900 -0.000107 -0.005669 0.000176 0.000921 0.001968 0.001759
0.550700 -0.000108 -0.005687 0.000172 0.000921 0.001967 0.001761
0.553400 -0.000109 -0.005705 0.000168 0.000921 0.001966 0.001762
0.556200 -0.000110 -0.005723 0.000164 0.000920 0.001966 0.001764
0.558900 -0.000111 -0.005741 0.000160 0.000920 0.001965 0.001766
0.561600 -0.000112 -0.005759 0.000156 0.000919 0.001964 0.001767
0.564400 -0.000113 -0.005777 0.000152 0.000919 0.001964 0.001769
0.567100 -0.000114 -0.005794 0.000148 0.000919 0.001963 0.001770
0.569900 -0.000115 -0.005812 0.000144 0.000918 0.001962 0.001772
0.572600 -0.000116 -0.005830 0.000140 0.000918 0.001962 0.001774
0.575300 -0.000117 -0.005847 0.000136 0.000917 0.001961 0.001775
0.578100 -0.000118 -0.005865 0.000132 0.000917 0.001961 0.001777
0.580800 -0.000119 -0.005882 0.000128 0.000916 0.001960 0.001778
0.583600 -0.000119 -0.005900 0.000123 0.000916 0.001959 0.001780
0.586300 -0.000120 -0.005917 0.000119 0.000915 0.001959 0.001781
0.589000 -0.000121 -0.005934 0.000115 0.000915 0.001959 0.001783
0.591800 -0.000122 -0.005951 0.000111 0.000914 0.001958 0.001784
0.594500 -0.000123 -0.005968 0.000107 0.000914 0.001958 0.001786
0.597300 -0.000124 -0.005986 0.000102 0.000913 0.001957 0.001787
0.600000 -0.000125 -0.006003 0.000098 0.000913 0.001957 0.001789
0.602700 -0.000126 -0.006019 0.000094 0.000912 0.001957 0.001790
0.605500 -0.000127 -0.006037 0.000090 0.000912 0.001956 0.001792
0.608200 -0.000128 -0.006053 0.000085 0.000911 0.001956 0.001793
0.611000 -0.000129 -0.006070 0.000081 0.000911 0.001956 0.001794
0.613700 -0.000130 -0.006087 0.000077 0.000910 0.001956 0.001796
0.616400 -0.000131 -0.006103 0.000072 0.000910 0.001955 0.001797
0.619200 -0.000132 -0.006120 0.000068 0.000909 0.001955 0.001799
0.621900 -0.000133 -0.006137 0.000064 0.000909 0.001955 0.001800
0.624700 -0.000134 -0.006154 0.000059 0.000908 0.001955 0.001801
0.627400 -0.000135 -0.006170 0.000055 0.000907 0.001955 0.001803
0.630100 -0.000136 -0.006186 0.000051 0.000907 0.001955 0.001804
0.632900 -0.000137 -0.006203 0.000046 0.000906 0.001955 0.001805
0.635600 -0.000138 -0.006219 0.000042 0.000906 0.001954 0.001807
0.638400 -0.000139 -0.006235 0.000037 0.000905 0.001954 0.001808
0.641100 -0.000140 -0.006251 0.000033 0.000905 0.001954 0.001809
0.643800 -0.000141 -0.006267 0.000028 0.000904 0.001954 0.001810
0.646600 -0.000142 -0.006284 0.000024 0.000903 0.001954 0.001812
0.649300 -0.000142 -0.006300 0.000019 0.000903 0.001954 0.001813
0.652100 -0.000143 -0.006316 0.000015 0.000902 0.001954 0.001814
0.654800 -0.000144 -0.006332 0.000010 0.000902 0.001955 0.001816
0.657500 -0.000145 -0.006348 0.000006 0.000901 0.001955 0.001817
0.660300 -0.000146 -0.006364 0.000001 0.000900 0.001955 0.001818
0.663000 -0.000147 -0.006379 -0.000003 0.000900 0.001955 0.001819
0.665800 -0.000148 -0.006395 -0.000008 0.000899 0.001955 0.001820
0.668500 -0.000149 -0.006411 -0.000013 0.000899 0.001955 0.001822
0.671200 -0.000150 -0.006426 -0.000017 0.000898 0.001955 0.001823
0.674000 -0.000151 -0.006442 -0.000022 0.000897 0.001956 0.001824
0.676700 -0.000152 -0.006458 -0.000026 0.000897 0.001956 0.001825
0.679500 -0.000153 -0.006474 -0.000031 0.000896 0.001956 0.001826
0.682200 -0.000154 -0.006489 -0.000036 0.000896 0.001956 0.001827
0.684900 -0.000155 -0.006504 -0.000040 0.000895 0.001956 0.001829
0.687700 -0.000156 -0.006520 -0.000045 0.000894 0.001957 0.001830
0.690400 -0.000157 -0.006535 -0.000050 0.000894 0.001957 0.001831
0.693200 -0.000158 -0.006551 -0.000054 0.000893 0.001957 0.001832
0.695900 -0.000159 -0.006566 -0.000059 0.000892 0.001958 0.001833
0.698600 -0.000160 -0.006581 -0.000064 0.000892 0.001958 0.001834
0.701400 -0.000161 -0.006596 -0.000068 0.000891 0.001958 0.001835
0.704100 -0.000162 -0.006611 -0.000073 0.000891 0.001959 0.001836
0.706900 -0.000163 -0.006626 -0.000078 0.000890 0.001959 0.001837
0.709600 -0.000164 -0.006641 -0.000083 0.000889 0.001960 0.001838
0.712300 -0.000165 -0.006656 -0.000087 0.000889 0.001960 0.001839
0.715100 -0.000166 -0.006671 -0.000092 0.000888 0.001960 0.001840
0.717800 -0.000167 -0.006686 -0.000097 0.000887 0.001961 0.001842
0.720600 -0.000168 -0.006701 -0.000102 0.000887 0.001961 0.001843
0.723300 -0.000169 -0.006716 -0.000107 0.000886 0.001962 0.001844
0.726000 -0.000170 -0.006730 -0.000111 0.000885 0.001962 0.001845
0.728800 -0.000171 -0.006745 -0.000116 0.000885 0.001963 0.001846
0.731500 -0.000172 -0.006760 -0.000121 0.000884 0.001963 0.001847
0.734300 -0.000173 -0.006774 -0.000126 0.000883 0.001964 0.001848
0.737000 -0.000174 -0.006789 -0.000131 0.000883 0.001964 0.001848
0.739700 -0.000175 -0.006803 -0.000135 0.000882 0.001965 0.001849
0.742500 -0.000176 -0.006818 -0.000140 0.000881 0.001965 0.001850
0.745200 -0.000177 -0.006832 -0.000145 0.000881 0.001966 0.001851
0.747900 -0.000178 -0.006846 -0.000150 0.000880 0.001967 0.001852
0.750700 -0.000179 -0.006861 -0.000155 0.000879 0.001967 0.001853
0.753400 -0.000180 -0.006875 -0.000160 0.000879 0.001968 0.001854
0.756200 -0.000181 -0.006890 -0.000165 0.000878 0.001968 0.001855
0.758900 -0.000182 -0.006904 -0.000170 0.000878 0.001969 0.001856
0.761600 -0.000183 -0.006918 -0.000175 0.000877 0.001970 0.001857
0.764400 -0.000184 -0.006932 -0.000180 0.000876 0.001970 0.001858
0.767100 -0.000185 -0.006946 -0.000185 0.000876 0.001971 0.001859
0.769900 -0.000186 -0.006961 -0.000190 0.000875 0.001972 0.001859
0.772600 -0.000187 -0.006975 -0.000195 0.000874 0.001972 0.001860
0.775300 -0.000188 -0.006988 -0.000200 0.000874 0.001973 0.001861
0.778100 -0.000189 -0.007003 -0.000205 0.000873 0.001974 0.001862
0.780800 -0.000190 -0.007016 -0.000210 0.000872 0.001974 0.001863
0.783600 -0.000191 -0.007031 -0.000215 0.000872 0.001975 0.001864
0.786300 -0.000192 -0.007044 -0.000220 0.000871 0.001976 0.001865
0.789000 -0.000193 -0.007058 -0.000225 0.000870 0.001977 0.001865
0.791800 -0.000194 -0.007072 -0.000230 0.000870 0.001977 0.001866
0.794500 -0.000195 -0.007085 -0.000235 0.000869 0.001978 0.001867
0.797300 -0.000197 -0.007099 -0.000240 0.000868 0.001979 0.001868
0.800000 -0.000198 -0.007113 -0.000245 0.000868 0.001980 0.001869
0.802700 -0.000199 -0.007126 -0.000250 0.000867 0.001980 0.001869
0.805500 -0.000200 -0.007140 -0.000255 0.000866 0.001981 0.001870
0.808200 -0.000201 -0.007154 -0.000260 0.000866 0.001982 0.001871
0.811000 -0.000202 -0.007167 -0.000265 0.000865 0.001983 0.001872
0.813700 -0.000203 -0.007181 -0.000270 0.000864 0.001984 0.001872
0.816400 -0.000204 -0.007194 -0.000275 0.000864 0.001985 0.001873
0.819200 -0.000205 -0.007208 -0.000280 0.000863 0.001985 0.001874
0.821900 -0.000206 -0.007221 -0.000285 0.000862 0.001986 0.001875
0.824700 -0.000207 -0.007234 -0.000291 0.000862 0.001987 0.001875
0.827400 -0.000208 -0.007247 -0.000296 0.000861 0.001988 0.001876
0.830100 -0.000209 -0.007261 -0.000301 0.000860 0.001989 0.001877
0.832900 -0.000210 -0.007274 -0.000306 0.000860 0.001990 0.001878
0.835600 -0.000211 -0.007287 -0.000311 0.000859 0.001991 0.001878
0.838400 -0.000212 -0.007300 -0.000316 0.000858 0.001991 0.001879
0.841100 -0.000213 -0.007313 -0.000322 0.000858 0.001992 0.001880
0.843800 -0.000214 -0.007326 -0.000327 0.000857 0.001993 0.001880
0.846600 -0.000215 -0.007340 -0.000332 0.000856 0.001994 0.001881
0.849300 -0.000216 -0.007352 -0.000337 0.000856 0.001995 0.001882
0.852100 -0.000217 -0.007366 -0.000342 0.000855 0.001996 0.001882
0.854800 -0.000218 -0.007378 -0.000347 0.000854 0.001997 0.001883
0.857500 -0.000219 -0.007391 -0.000353 0.000854 0.001998 0.001884
0.860300 -0.000220 -0.007404 -0.000358 0.000853 0.001999 0.001884
0.863000 -0.000221 -0.007417 -0.000363 0.000852 0.002000 0.001885
0.865800 -0.000222 -0.007430 -0.000368 0.000852 0.002001 0.001886
0.868500 -0.000223 -0.007443 -0.000374 0.000851 0.002002 0.001886
0.871200 -0.000224 -0.007455 -0.000379 0.000851 0.002003 0.001887
0.874000 -0.000226 -0.007468 -0.000384 0.000850 0.002004 0.001887
0.879500 -0.000228 -0.007494 -0.000395 0.000849 0.002005 0.001889
0.884900 -0.000230 -0.007518 -0.000405 0.000847 0.002007 0.001890
0.887700 -0.000231 -0.007531 -0.000410 0.000847 0.002008 0.001890
0.890400 -0.000232 -0.007544 -0.000416 0.000846 0.002009 0.001891
0.893200 -0.000233 -0.007556 -0.000421 0.000845 0.002010 0.001892
0.895900 -0.000234 -0.007569 -0.000426 0.000845 0.002011 0.001892
0.898600 -0.000235 -0.007581 -0.000431 0.000844 0.002012 0.001893
0.901400 -0.000236 -0.007593 -0.000437 0.000844 0.002013 0.001893
0.904100 -0.000237 -0.007606 -0.000442 0.000843 0.002014 0.001894
0.906900 -0.000238 -0.007618 -0.000448 0.000842 0.002015 0.001894
0.909600 -0.000239 -0.007630 -0.000453 0.000842 0.002017 0.001895
0.912300 -0.000240 -0.007642 -0.000458 0.000841 0.002018 0.001896
0.915100 -0.000241 -0.007655 -0.000464 0.000840 0.002019 0.001896
0.917800 -0.000242 -0.007667 -0.000469 0.000840 0.002020 0.001897
0.920600 -0.000243 -0.007679 -0.000474 0.000839 0.002021 0.001897
0.923300 -0.000245 -0.007691 -0.000480 0.000839 0.002022 0.001898
0.926000 -0.000246 -0.007703 -0.000485 0.000838 0.002023 0.001898
0.928800 -0.000247 -0.007716 -0.000490 0.000837 0.002024 0.001899
0.931500 -0.000248 -0.007728 -0.000496 0.000837 0.002025 0.001899
0.934300 -0.000249 -0.007740 -0.000501 0.000836 0.002026 0.001900
0.937000 -0.000250 -0.007752 -0.000506 0.000836 0.002027 0.001900
0.939700 -0.000251 -0.007763 -0.000512 0.000835 0.002028 0.001901
0.942500 -0.000252 -0.007776 -0.000517 0.000834 0.002029 0.001901
0.945200 -0.000253 -0.007787 -0.000522 0.000834 0.002030 0.001902
0.947900 -0.000254 -0.007799 -0.000528 0.000833 0.002031 0.001902
0.950700 -0.000255 -0.007811 -0.000533 0.000833 0.002032 0.001903
0.953400 -0.000256 -0.007823 -0.000539 0.000832 0.002033 0.001903
0.956200 -0.000257 -0.007835 -0.000544 0.000831 0.002034 0.001904
0.958900 -0.000258 -0.007846 -0.000549 0.000831 0.002036 0.001904
0.961600 -0.000259 -0.007858 -0.000555 0.000830 0.002037 0.001905
0.964400 -0.000260 -0.007870 -0.000560 0.000830 0.002038 0.001905
0.967100 -0.000262 -0.007881 -0.000566 0.000829 0.002039 0.001905
0.972600 -0.000264 -0.007905 -0.000577 0.000828 0.002041 0.001906
0.975300 -0.000265 -0.007916 -0.000582 0.000827 0.002042 0.001907
0.978100 -0.000266 -0.007928 -0.000588 0.000827 0.002043 0.001907
0.980800 -0.000267 -0.007939 -0.000593 0.000826 0.002044 0.001908
0.983600 -0.000268 -0.007951 -0.000598 0.000826 0.002045 0.001908
0.986300 -0.000269 -0.007962 -0.000604 0.000825 0.002046 0.001909
0.989000 -0.000270 -0.007974 -0.000609 0.000825 0.002047 0.001909
0.991800 -0.000271 -0.007985 -0.000615 0.000824 0.002049 0.001909
0.994500 -0.000272 -0.007997 -0.000620 0.000824 0.002050 0.001910
0.997300 -0.000273 -0.008008 -0.000626 0.000823 0.002051 0.001910
1.000000 -0.000274 -0.008019 -0.000631 0.000822 0.002052 0.001911
1.002700 -0.000275 -0.008031 -0.000637 0.000822 0.002053 0.001911
1.005500 -0.000277 -0.008042 -0.000642 0.000821 0.002054 0.001911
1.008200 -0.000278 -0.008053 -0.000648 0.000821 0.002055 0.001912
1.011000 -0.000279 -0.008065 -0.000653 0.000820 0.002056 0.001912
1.013700 -0.000280 -0.008076 -0.000659 0.000820 0.002057 0.001913
1.016400 -0.000281 -0.008087 -0.000664 0.000819 0.002059 0.001913
1.019200 -0.000282 -0.008098 -0.000670 0.000819 0.002060 0.001913
1.021900 -0.000283 -0.008109 -0.000675 0.000818 0.002061 0.001914
1.024700 -0.000284 -0.008120 -0.000681 0.000818 0.002062 0.001914
1.027400 -0.000285 -0.008131 -0.000686 0.000817 0.002063 0.001915
1.030100 -0.000286 -0.008142 -0.000692 0.000817 0.002064 0.001915
1.032900 -0.000287 -0.008154 -0.000697 0.000816 0.002065 0.001915
1.035600 -0.000288 -0.008164 -0.000703 0.000816 0.002066 0.001916
1.038400 -0.000290 -0.008176 -0.000708 0.000815 0.002068 0.001916
1.041100 -0.000291 -0.008186 -0.000714 0.000815 0.002069 0.001916
1.043800 -0.000292 -0.008197 -0.000719 0.000814 0.002070 0.001917
1.046600 -0.000293 -0.008208 -0.000725 0.000814 0.002071 0.001917
1.049300 -0.000294 -0.008219 -0.000730 0.000813 0.002072 0.001917
1.052100 -0.000295 -0.008230 -0.000736 0.000813 0.002073 0.001918
1.054800 -0.000296 -0.008241 -0.000741 0.000812 0.002074 0.001918
1.057500 -0.000297 -0.008252 -0.000747 0.000812 0.002075 0.001919
1.060300 -0.000298 -0.008263 -0.000753 0.000811 0.002076 0.001919
1.063000 -0.000299 -0.008273 -0.000758 0.000811 0.002078 0.001919
1.065800 -0.000300 -0.008284 -0.000764 0.000810 0.002079 0.001920
1.068500 -0.000301 -0.008295 -0.000769 0.000810 0.002080 0.001920
1.071200 -0.000303 -0.008305 -0.000775 0.000809 0.002081 0.001920
1.074000 -0.000304 -0.008316 -0.000780 0.000809 0.002082 0.001921
1.076700 -0.000305 -0.008327 -0.000786 0.000808 0.002083 0.001921
1.079500 -0.000306 -0.008337 -0.000792 0.000808 0.002084 0.001921
1.082200 -0.000307 -0.008348 -0.000797 0.000807 0.002085 0.001922
1.084900 -0.000308 -0.008358 -0.000803 0.000807 0.002087 0.001922
1.087700 -0.000309 -0.008369 -0.000808 0.000806 0.002088 0.001922
1.090400 -0.000310 -0.008379 -0.000814 0.000806 0.002089 0.001922
1.093200 -0.000311 -0.008390 -0.000819 0.000806 0.002090 0.001923
1.095900 -0.000312 -0.008401 -0.000825 0.000805 0.002091 0.001923
1.098600 -0.000313 -0.008411 -0.000830 0.000805 0.002092 0.001923
1.101400 -0.000314 -0.008421 -0.000836 0.000804 0.002093 0.001924
1.104100 -0.000316 -0.008432 -0.000842 0.000804 0.002094 0.001924
1.106900 -0.000317 -0.008442 -0.000847 0.000803 0.002095 0.001924
1.109600 -0.000318 -0.008453 -0.000853 0.000803 0.002097 0.001925
1.112300 -0.000319 -0.008463 -0.000858 0.000803 0.002098 0.001925
1.115100 -0.000320 -0.008473 -0.000864 0.000802 0.002099 0.001925
1.117800 -0.000321 -0.008483 -0.000870 0.000802 0.002100 0.001925
1.120600 -0.000322 -0.008494 -0.000875 0.000801 0.002101 0.001926
1.123300 -0.000323 -0.008504 -0.000881 0.000801 0.002102 0.001926
1.126000 -0.000324 -0.008514 -0.000887 0.000800 0.002103 0.001926
1.128800 -0.000325 -0.008525 -0.000892 0.000800 0.002104 0.001927
1.131500 -0.000326 -0.008535 -0.000898 0.000800 0.002105 0.001927
1.134300 -0.000328 -0.008545 -0.000904 0.000799 0.002107 0.001927
1.137000 -0.000329 -0.008555 -0.000909 0.000799 0.002108 0.001927
1.139700 -0.000330 -0.008565 -0.000915 0.000798 0.002109 0.001928
1.142500 -0.000331 -0.008575 -0.000920 0.000798 0.002110 0.001928
1.145200 -0.000332 -0.008585 -0.000926 0.000798 0.002111 0.001928
1.147900 -0.000333 -0.008595 -0.000931 0.000797 0.002112 0.001929
1.150700 -0.000334 -0.008606 -0.000937 0.000797 0.002113 0.001929
1.153400 -0.000335 -0.008615 -0.000943 0.000797 0.002114 0.001929
1.156200 -0.000336 -0.008626 -0.000948 0.000796 0.002115 0.001929
1.158900 -0.000337 -0.008635 -0.000954 0.000796 0.002116 0.001930
1.161600 -0.000339 -0.008645 -0.000960 0.000795 0.002117 0.001930
1.164400 -0.000340 -0.008655 -0.000965 0.000795 0.002119 0.001930
1.167100 -0.000341 -0.008665 -0.000971 0.000795 0.002120 0.001930
1.169900 -0.000342 -0.008675 -0.000977 0.000794 0.002121 0.001931
1.172600 -0.000343 -0.008685 -0.000982 0.000794 0.002122 0.001931
1.175300 -0.000344 -0.008695 -0.000988 0.000794 0.002123 0.001931
1.178100 -0.000345 -0.008705 -0.000994 0.000793 0.002124 0.001931
1.180800 -0.000346 -0.008714 -0.000999 0.000793 0.002125 0.001932
1.183600 -0.000347 -0.008725 -0.001005 0.000793 0.002126 0.001932
1.186300 -0.000348 -0.008734 -0.001010 0.000792 0.002127 0.001932
1.189000 -0.000349 -0.008744 -0.001016 0.000792 0.002128 0.001932
1.191800 -0.000351 -0.008754 -0.001022 0.000792 0.002129 0.001933
1.194500 -0.000352 -0.008763 -0.001027 0.000791 0.002130 0.001933
1.197300 -0.000353 -0.008773 -0.001033 0.000791 0.002131 0.001933
1.205500 -0.000356 -0.008802 -0.001050 0.000790 0.002135 0.001934
1.208200 -0.000357 -0.008812 -0.001056 0.000790 0.002136 0.001934
1.211000 -0.000358 -0.008821 -0.001061 0.000789 0.002137 0.001934
1.213700 -0.000359 -0.008831 -0.001067 0.000789 0.002138 0.001935
1.219200 -0.000362 -0.008850 -0.001078 0.000788 0.002140 0.001935
1.221900 -0.000363 -0.008859 -0.001084 0.000788 0.002141 0.001935
1.224700 -0.000364 -0.008869 -0.001090 0.000788 0.002142 0.001936
1.227400 -0.000365 -0.008879 -0.001095 0.000788 0.002143 0.001936
1.230100 -0.000366 -0.008888 -0.001101 0.000787 0.002144 0.001936
1.232900 -0.000367 -0.008898 -0.001107 0.000787 0.002145 0.001936
1.235600 -0.000368 -0.008907 -0.001112 0.000787 0.002146 0.001936
1.238400 -0.000369 -0.008916 -0.001118 0.000786 0.002147 0.001937
1.241100 -0.000370 -0.008926 -0.001124 0.000786 0.002148 0.001937
1.243800 -0.000371 -0.008935 -0.001129 0.000786 0.002149 0.001937
1.246600 -0.000373 -0.008945 -0.001135 0.000786 0.002150 0.001937
1.249300 -0.000374 -0.008954 -0.001141 0.000785 0.002151 0.001938
1.252100 -0.000375 -0.008963 -0.001147 0.000785 0.002152 0.001938
1.254800 -0.000376 -0.008972 -0.001152 0.000785 0.002153 0.001938
1.257500 -0.000377 -0.008982 -0.001158 0.000785 0.002154 0.001938
1.260300 -0.000378 -0.008991 -0.001163 0.000784 0.002155 0.001938
1.263000 -0.000379 -0.009000 -0.001169 0.000784 0.002156 0.001939
1.265800 -0.000380 -0.009010 -0.001175 0.000784 0.002157 0.001939
1.268500 -0.000381 -0.009019 -0.001180 0.000784 0.002158 0.001939
1.271200 -0.000383 -0.009028 -0.001186 0.000783 0.002159 0.001939
1.274000 -0.000384 -0.009037 -0.001192 0.000783 0.002160 0.001940
1.276700 -0.000385 -0.009046 -0.001197 0.000783 0.002161 0.001940
1.279500 -0.000386 -0.009056 -0.001203 0.000783 0.002162 0.001940
1.282200 -0.000387 -0.009065 -0.001209 0.000782 0.002163 0.001940
1.284900 -0.000388 -0.009074 -0.001214 0.000782 0.002164 0.001940
1.287700 -0.000389 -0.009083 -0.001220 0.000782 0.002165 0.001941
1.290400 -0.000390 -0.009092 -0.001226 0.000782 0.002166 0.001941
1.293200 -0.000391 -0.009101 -0.001232 0.000781 0.002167 0.001941
1.295900 -0.000392 -0.009110 -0.001237 0.000781 0.002168 0.001941
1.298600 -0.000394 -0.009119 -0.001243 0.000781 0.002169 0.001941
1.301400 -0.000395 -0.009128 -0.001249 0.000781 0.002170 0.001942
1.304100 -0.000396 -0.009137 -0.001254 0.000781 0.002171 0.001942
1.306900 -0.000397 -0.009146 -0.001260 0.000780 0.002172 0.001942
1.309600 -0.000398 -0.009155 -0.001266 0.000780 0.002173 0.001942
1.312300 -0.000399 -0.009164 -0.001271 0.000780 0.002174 0.001942
1.315100 -0.000400 -0.009173 -0.001277 0.000780 0.002175 0.001943
1.317800 -0.000401 -0.009182 -0.001283 0.000780 0.002176 0.001943
1.320600 -0.000402 -0.009191 -0.001289 0.000779 0.002177 0.001943
1.323300 -0.000403 -0.009199 -0.001294 0.000779 0.002177 0.001943
1.326000 -0.000405 -0.009208 -0.001300 0.000779 0.002178 0.001943
1.328800 -0.000406 -0.009217 -0.001306 0.000779 0.002179 0.001944
1.331500 -0.000407 -0.009226 -0.001311 0.000779 0.002180 0.001944
1.334300 -0.000408 -0.009235 -0.001317 0.000779 0.002181 0.001944
1.337000 -0.000409 -0.009244 -0.001323 0.000778 0.002182 0.001944
1.345200 -0.000412 -0.009270 -0.001340 0.000778 0.002185 0.001945
1.347900 -0.000413 -0.009279 -0.001345 0.000778 0.002186 0.001945
1.350700 -0.000415 -0.009287 -0.001351 0.000778 0.002187 0.001945
1.353400 -0.000416 -0.009296 -0.001357 0.000777 0.002188 0.001945
1.356200 -0.000417 -0.009305 -0.001362 0.000777 0.002188 0.001946
1.358900 -0.000418 -0.009313 -0.001368 0.000777 0.002189 0.001946
1.361600 -0.000419 -0.009322 -0.001374 0.000777 0.002190 0.001946
1.364400 -0.000420 -0.009331 -0.001379 0.000777 0.002191 0.001946
1.367100 -0.000421 -0.009339 -0.001385 0.000777 0.002192 0.001946
1.369900 -0.000422 -0.009348 -0.001391 0.000776 0.002193 0.001947
1.372600 -0.000423 -0.009357 -0.001396 0.000776 0.002194 0.001947
1.375300 -0.000424 -0.009365 -0.001402 0.000776 0.002195 0.001947
1.378100 -0.000426 -0.009374 -0.001408 0.000776 0.002195 0.001947
1.380800 -0.000427 -0.009382 -0.001414 0.000776 0.002196 0.001947
1.383600 -0.000428 -0.009391 -0.001419 0.000776 0.002197 0.001947
1.386300 -0.000429 -0.009399 -0.001425 0.000776 0.002198 0.001948
1.389000 -0.000430 -0.009408 -0.001431 0.000776 0.002199 0.001948
1.391800 -0.000431 -0.009416 -0.001436 0.000775 0.002200 0.001948
1.394500 -0.000432 -0.009425 -0.001442 0.000775 0.002201 0.001948
1.397300 -0.000433 -0.009433 -0.001448 0.000775 0.002201 0.001948
1.400000 -0.000434 -0.009442 -0.001453 0.000775 0.002202 0.001949
1.402700 -0.000436 -0.009450 -0.001459 0.000775 0.002203 0.001949
1.405500 -0.000437 -0.009459 -0.001465 0.000775 0.002204 0.001949
1.408200 -0.000438 -0.009467 -0.001470 0.000775 0.002205 0.001949
1.411000 -0.000439 -0.009476 -0.001476 0.000775 0.002206 0.001949
1.413700 -0.000440 -0.009484 -0.001482 0.000775 0.002206 0.001949
1.419200 -0.000442 -0.009501 -0.001493 0.000774 0.002208 0.001950
1.421900 -0.000443 -0.009509 -0.001499 0.000774 0.002209 0.001950
1.424700 -0.000444 -0.009517 -0.001505 0.000774 0.002210 0.001950
1.430100 -0.000447 -0.009534 -0.001516 0.000774 0.002211 0.001951
1.432900 -0.000448 -0.009542 -0.001522 0.000774 0.002212 0.001951
1.435600 -0.000449 -0.009550 -0.001527 0.000774 0.002213 0.001951
1.438400 -0.000450 -0.009559 -0.001533 0.000774 0.002214 0.001951
1.441100 -0.000451 -0.009567 -0.001539 0.000774 0.002214 0.001951
1.449300 -0.000454 -0.009591 -0.001555 0.000774 0.002217 0.001952
1.452100 -0.000455 -0.009600 -0.001561 0.000773 0.002217 0.001952
1.454800 -0.000457 -0.009608 -0.001567 0.000773 0.002218 0.001952
1.457500 -0.000458 -0.009616 -0.001572 0.000773 0.002219 0.001952
1.460300 -0.000459 -0.009624 -0.001578 0.000773 0.002220 0.001953
1.463000 -0.000460 -0.009632 -0.001584 0.000773 0.002220 0.001953
1.465800 -0.000461 -0.009640 -0.001590 0.000773 0.002221 0.001953
1.468500 -0.000462 -0.009648 -0.001595 0.000773 0.002222 0.001953
1.471200 -0.000463 -0.009656 -0.001601 0.000773 0.002223 0.001953
1.474000 -0.000464 -0.009665 -0.001607 0.000773 0.002223 0.001953
1.476700 -0.000465 -0.009673 -0.001612 0.000773 0.002224 0.001954
1.479500 -0.000466 -0.009681 -0.001618 0.000773 0.002225 0.001954
1.482200 -0.000468 -0.009689 -0.001624 0.000773 0.002226 0.001954
1.484900 -0.000469 -0.009697 -0.001629 0.000773 0.002226 0.001954
1.487700 -0.000470 -0.009705 -0.001635 0.000773 0.002227 0.001954
1.490400 -0.000471 -0.009713 -0.001640 0.000773 0.002228 0.001955
1.493200 -0.000472 -0.009721 -0.001646 0.000773 0.002228 0.001955
1.495900 -0.000473 -0.009729 -0.001652 0.000773 0.002229 0.001955
1.498600 -0.000474 -0.009737 -0.001657 0.000773 0.002230 0.001955
1.501400 -0.000475 -0.009745 -0.001663 0.000773 0.002230 0.001955
1.504100 -0.000476 -0.009752 -0.001669 0.000773 0.002231 0.001955
1.506900 -0.000478 -0.009761 -0.001675 0.000773 0.002232 0.001956
1.509600 -0.000479 -0.009768 -0.001680 0.000773 0.002233 0.001956
1.512300 -0.000480 -0.009776 -0.001686 0.000773 0.002233 0.001956
1.515100 -0.000481 -0.009784 -0.001691 0.000773 0.002234 0.001956
1.520600 -0.000483 -0.009800 -0.001703 0.000772 0.002235 0.001956
1.523300 -0.000484 -0.009808 -0.001708 0.000772 0.002236 0.001957
1.526000 -0.000485 -0.009815 -0.001714 0.000772 0.002237 0.001957
1.528800 -0.000486 -0.009823 -0.001720 0.000772 0.002237 0.001957
1.531500 -0.000487 -0.009831 -0.001725 0.000772 0.002238 0.001957
1.534300 -0.000489 -0.009839 -0.001731 0.000772 0.002238 0.001957
1.537000 -0.000490 -0.009847 -0.001737 0.000772 0.002239 0.001957
1.539700 -0.000491 -0.009854 -0.001742 0.000772 0.002240 0.001958
1.542500 -0.000492 -0.009862 -0.001748 0.000772 0.002240 0.001958
1.545200 -0.000493 -0.009870 -0.001753 0.000772 0.002241 0.001958
1.547900 -0.000494 -0.009878 -0.001759 0.000772 0.002242 0.001958
1.550700 -0.000495 -0.009885 -0.001765 0.000772 0.002242 0.001958
1.553400 -0.000496 -0.009893 -0.001770 0.000772 0.002243 0.001958
1.556200 -0.000497 -0.009901 -0.001776 0.000772 0.002243 0.001959
1.558900 -0.000498 -0.009908 -0.001782 0.000772 0.002244 0.001959
1.561600 -0.000500 -0.009916 -0.001787 0.000772 0.002245 0.001959
1.564400 -0.000501 -0.009924 -0.001793 0.000772 0.002245 0.001959
1.567100 -0.000502 -0.009931 -0.001798 0.000773 0.002246 0.001959
1.569900 -0.000503 -0.009939 -0.001804 0.000773 0.002246 0.001959
1.572600 -0.000504 -0.009947 -0.001810 0.000773 0.002247 0.001960
1.575300 -0.000505 -0.009954 -0.001815 0.000773 0.002248 0.001960
1.578100 -0.000506 -0.009962 -0.001821 0.000773 0.002248 0.001960
1.580800 -0.000507 -0.009969 -0.001827 0.000773 0.002249 0.001960
1.586300 -0.000509 -0.009985 -0.001838 0.000773 0.002250 0.001960
1.589000 -0.000511 -0.009992 -0.001843 0.000773 0.002250 0.001961
1.591800 -0.000512 -0.010000 -0.001849 0.000773 0.002251 0.001961
1.594500 -0.000513 -0.010007 -0.001855 0.000773 0.002251 0.001961
1.597300 -0.000514 -0.010015 -0.001860 0.000773 0.002252 0.001961
1.600000 -0.000515 -0.010022 -0.001866 0.000773 0.002253 0.001961
1.602700 -0.000516 -0.010030 -0.001871 0.000773 0.002253 0.001961
1.605500 -0.000517 -0.010037 -0.001877 0.000773 0.002254 0.001962
1.608200 -0.000518 -0.010045 -0.001883 0.000773 0.002254 0.001962
1.611000 -0.000519 -0.010052 -0.001888 0.000773 0.002255 0.001962
1.613700 -0.000520 -0.010060 -0.001894 0.000773 0.002255 0.001962
1.616400 -0.000521 -0.010067 -0.001899 0.000773 0.002256 0.001962
1.619200 -0.000523 -0.010075 -0.001905 0.000773 0.002256 0.001962
1.621900 -0.000524 -0.010082 -0.001911 0.000773 0.002257 0.001963
1.624700 -0.000525 -0.010090 -0.001916 0.000773 0.002257 0.001963
1.627400 -0.000526 -0.010097 -0.001922 0.000773 0.002258 0.001963
1.630100 -0.000527 -0.010104 -0.001927 0.000773 0.002258 0.001963
1.632900 -0.000528 -0.010112 -0.001933 0.000773 0.002259 0.001963
1.635600 -0.000529 -0.010119 -0.001939 0.000773 0.002259 0.001963
1.638400 -0.000530 -0.010126 -0.001944 0.000773 0.002260 0.001964
1.641100 -0.000531 -0.010134 -0.001950 0.000773 0.002260 0.001964
1.643800 -0.000532 -0.010141 -0.001955 0.000774 0.002261 0.001964
1.646600 -0.000534 -0.010148 -0.001961 0.000774 0.002261 0.001964
1.649300 -0.000535 -0.010156 -0.001967 0.000774 0.002261 0.001964
1.652100 -0.000536 -0.010163 -0.001972 0.000774 0.002262 0.001964
1.654800 -0.000537 -0.010170 -0.001978 0.000774 0.002262 0.001965
1.657500 -0.000538 -0.010177 -0.001983 0.000774 0.002263 0.001965
1.660300 -0.000539 -0.010185 -0.001989 0.000774 0.002263 0.001965
1.663000 -0.000540 -0.010192 -0.001994 0.000774 0.002264 0.001965
1.665800 -0.000541 -0.010199 -0.002000 0.000774 0.002264 0.001965
1.668500 -0.000542 -0.010207 -0.002006 0.000774 0.002265 0.001965
1.671200 -0.000543 -0.010214 -0.002011 0.000774 0.002265 0.001966
1.674000 -0.000545 -0.010221 -0.002017 0.000774 0.002265 0.001966
1.676700 -0.000546 -0.010228 -0.002022 0.000774 0.002266 0.001966
1.679500 -0.000547 -0.010235 -0.002028 0.000774 0.002266 0.001966
1.682200 -0.000548 -0.010243 -0.002033 0.000774 0.002267 0.001966
1.684900 -0.000549 -0.010250 -0.002039 0.000774 0.002267 0.001966
1.687700 -0.000550 -0.010257 -0.002045 0.000775 0.002267 0.001966
1.690400 -0.000551 -0.010264 -0.002050 0.000775 0.002268 0.001967
1.693200 -0.000552 -0.010271 -0.002056 0.000775 0.002268 0.001967
1.695900 -0.000553 -0.010278 -0.002061 0.000775 0.002269 0.001967
1.698600 -0.000554 -0.010285 -0.002067 0.000775 0.002269 0.001967
1.701400 -0.000555 -0.010293 -0.002072 0.000775 0.002269 0.001967
1.704100 -0.000557 -0.010300 -0.002078 0.000775 0.002270 0.001967
1.706900 -0.000558 -0.010307 -0.002083 0.000775 0.002270 0.001968
1.709600 -0.000559 -0.010314 -0.002089 0.000775 0.002270 0.001968
1.712300 -0.000560 -0.010321 -0.002094 0.000775 0.002271 0.001968
1.715100 -0.000561 -0.010328 -0.002100 0.000775 0.002271 0.001968
1.717800 -0.000562 -0.010335 -0.002105 0.000775 0.002271 0.001968
1.720600 -0.000563 -0.010342 -0.002111 0.000775 0.002272 0.001968
1.723300 -0.000564 -0.010349 -0.002117 0.000776 0.002272 0.001968
1.726000 -0.000565 -0.010356 -0.002122 0.000776 0.002272 0.001969
1.728800 -0.000566 -0.010363 -0.002128 0.000776 0.002273 0.001969
1.731500 -0.000567 -0.010370 -0.002133 0.000776 0.002273 0.001969
1.734300 -0.000569 -0.010377 -0.002139 0.000776 0.002273 0.001969
1.737000 -0.000570 -0.010384 -0.002144 0.000776 0.002274 0.001969
1.739700 -0.000571 -0.010391 -0.002150 0.000776 0.002274 0.001969
1.742500 -0.000572 -0.010398 -0.002155 0.000776 0.002274 0.001970
1.745200 -0.000573 -0.010405 -0.002161 0.000776 0.002275 0.001970
1.747900 -0.000574 -0.010412 -0.002166 0.000776 0.002275 0.001970
1.750700 -0.000575 -0.010419 -0.002172 0.000776 0.002275 0.001970
1.753400 -0.000576 -0.010426 -0.002177 0.000777 0.002276 0.001970
1.756100 -0.000577 -0.010433 -0.002183 0.000777 0.002276 0.001970
1.758900 -0.000578 -0.010440 -0.002188 0.000777 0.002276 0.001970
1.791600 -0.000591 -0.010522 -0.002254 0.000778 0.002279 0.001972
1.794400 -0.000592 -0.010529 -0.002259 0.000778 0.002279 0.001972
1.797100 -0.000593 -0.010535 -0.002265 0.000778 0.002280 0.001972
1.799800 -0.000594 -0.010542 -0.002270 0.000778 0.002280 0.001973
1.802600 -0.000596 -0.010549 -0.002276 0.000778 0.002280 0.001973
1.805300 -0.000597 -0.010555 -0.002281 0.000778 0.002280 0.001973
1.808000 -0.000598 -0.010562 -0.002287 0.000778 0.002280 0.001973
1.810800 -0.000599 -0.010569 -0.002292 0.000779 0.002281 0.001973
1.813500 -0.000600 -0.010576 -0.002298 0.000779 0.002281 0.001973
1.816200 -0.000601 -0.010582 -0.002303 0.000779 0.002281 0.001973
1.819000 -0.000602 -0.010589 -0.002309 0.000779 0.002281 0.001974
1.821700 -0.000603 -0.010596 -0.002314 0.000779 0.002281 0.001974
1.824400 -0.000604 -0.010602 -0.002319 0.000779 0.002282 0.001974
1.827200 -0.000605 -0.010609 -0.002325 0.000779 0.002282 0.001974
1.829900 -0.000606 -0.010616 -0.002330 0.000779 0.002282 0.001974
1.832600 -0.000607 -0.010622 -0.002336 0.000779 0.002282 0.001974
1.835400 -0.000609 -0.010629 -0.002341 0.000779 0.002282 0.001974
1.838100 -0.000610 -0.010636 -0.002347 0.000780 0.002282 0.001975
1.840800 -0.000611 -0.010642 -0.002352 0.000780 0.002283 0.001975
1.843600 -0.000612 -0.010649 -0.002357 0.000780 0.002283 0.001975
1.846300 -0.000613 -0.010656 -0.002363 0.000780 0.002283 0.001975
1.849000 -0.000614 -0.010662 -0.002368 0.000780 0.002283 0.001975
1.851800 -0.000615 -0.010669 -0.002374 0.000780 0.002283 0.001975
1.854500 -0.000616 -0.010675 -0.002379 0.000780 0.002283 0.001975
1.857200 -0.000617 -0.010682 -0.002384 0.000780 0.002283 0.001975
1.860000 -0.000618 -0.010689 -0.002390 0.000780 0.002283 0.001976
1.862700 -0.000619 -0.010695 -0.002395 0.000780 0.002284 0.001976
1.865400 -0.000620 -0.010702 -0.002401 0.000781 0.002284 0.001976
1.868100 -0.000621 -0.010708 -0.002406 0.000781 0.002284 0.001976
1.870900 -0.000622 -0.010715 -0.002411 0.000781 0.002284 0.001976
1.873600 -0.000624 -0.010721 -0.002417 0.000781 0.002284 0.001976
1.876300 -0.000625 -0.010728 -0.002422 0.000781 0.002284 0.001976
1.879100 -0.000626 -0.010734 -0.002428 0.000781 0.002284 0.001977
1.881800 -0.000627 -0.010741 -0.002433 0.000781 0.002284 0.001977
1.884500 -0.000628 -0.010747 -0.002438 0.000781 0.002284 0.001977
1.887300 -0.000629 -0.010754 -0.002444 0.000781 0.002284 0.001977
1.890000 -0.000630 -0.010760 -0.002449 0.000781 0.002284 0.001977
1.892700 -0.000631 -0.010767 -0.002454 0.000782 0.002285 0.001977
1.895500 -0.000632 -0.010773 -0.002460 0.000782 0.002285 0.001977
1.898200 -0.000633 -0.010780 -0.002465 0.000782 0.002285 0.001977
1.900900 -0.000634 -0.010786 -0.002471 0.000782 0.002285 0.001978
1.903700 -0.000635 -0.010793 -0.002476 0.000782 0.002285 0.001978
1.906400 -0.000636 -0.010799 -0.002481 0.000782 0.002285 0.001978
1.909100 -0.000637 -0.010805 -0.002487 0.000782 0.002285 0.001978
1.911900 -0.000639 -0.010812 -0.002492 0.000782 0.002285 0.001978
1.914600 -0.000640 -0.010818 -0.002498 0.000782 0.002285 0.001978
1.917300 -0.000641 -0.010825 -0.002503 0.000783 0.002285 0.001978
1.920100 -0.000642 -0.010831 -0.002508 0.000783 0.002285 0.001978
1.922800 -0.000643 -0.010837 -0.002514 0.000783 0.002285 0.001979
1.925500 -0.000644 -0.010844 -0.002519 0.000783 0.002285 0.001979
1.928300 -0.000645 -0.010850 -0.002524 0.000783 0.002285 0.001979
1.931000 -0.000646 -0.010857 -0.002530 0.000783 0.002285 0.001979
1.933700 -0.000647 -0.010863 -0.002535 0.000783 0.002285 0.001979
1.936500 -0.000648 -0.010869 -0.002540 0.000783 0.002285 0.001979
1.939200 -0.000649 -0.010876 -0.002546 0.000783 0.002285 0.001979
1.941900 -0.000650 -0.010882 -0.002551 0.000783 0.002285 0.001979
1.944700 -0.000651 -0.010888 -0.002556 0.000784 0.002285 0.001979
1.947400 -0.000652 -0.010895 -0.002562 0.000784 0.002285 0.001980
1.950100 -0.000653 -0.010901 -0.002567 0.000784 0.002285 0.001980
1.952800 -0.000655 -0.010907 -0.002572 0.000784 0.002285 0.001980
1.955600 -0.000656 -0.010913 -0.002578 0.000784 0.002285 0.001980
1.958300 -0.000657 -0.010920 -0.002583 0.000784 0.002285 0.001980
1.961000 -0.000658 -0.010926 -0.002588 0.000784 0.002285 0.001980
1.963800 -0.000659 -0.010932 -0.002594 0.000784 0.002285 0.001980
1.966500 -0.000660 -0.010939 -0.002599 0.000784 0.002285 0.001980
1.969200 -0.000661 -0.010945 -0.002604 0.000784 0.002285 0.001980
1.972000 -0.000662 -0.010951 -0.002610 0.000785 0.002285 0.001981
1.974700 -0.000663 -0.010957 -0.002615 0.000785 0.002285 0.001981
1.977400 -0.000664 -0.010963 -0.002620 0.000785 0.002284 0.001981
1.980200 -0.000665 -0.010970 -0.002626 0.000785 0.002284 0.001981
1.982900 -0.000666 -0.010976 -0.002631 0.000785 0.002284 0.001981
1.985600 -0.000667 -0.010982 -0.002636 0.000785 0.002284 0.001981
1.988400 -0.000668 -0.010988 -0.002641 0.000785 0.002284 0.001981
1.991100 -0.000669 -0.010995 -0.002647 0.000785 0.002284 0.001981
1.993800 -0.000670 -0.011001 -0.002652 0.000785 0.002284 0.001981
1.996600 -0.000672 -0.011007 -0.002657 0.000785 0.002284 0.001982
1.999300 -0.000673 -0.011013 -0.002663 0.000785 0.002284 0.001982
2.002000 -0.000674 -0.011019 -0.002668 0.000786 0.002284 0.001982
2.004800 -0.000675 -0.011026 -0.002673 0.000786 0.002284 0.001982
2.007500 -0.000676 -0.011032 -0.002678 0.000786 0.002283 0.001982
2.010200 -0.000677 -0.011038 -0.002684 0.000786 0.002283 0.001982
2.013000 -0.000678 -0.011044 -0.002689 0.000786 0.002283 0.001982
2.034800 -0.000686 -0.011093 -0.002731 0.000787 0.002282 0.001983
2.037500 -0.000687 -0.011099 -0.002736 0.000787 0.002282 0.001983
2.040300 -0.000688 -0.011105 -0.002742 0.000787 0.002282 0.001983
2.043000 -0.000689 -0.011111 -0.002747 0.000787 0.002282 0.001983
2.045700 -0.000691 -0.011117 -0.002752 0.000787 0.002282 0.001983
2.048500 -0.000692 -0.011123 -0.002757 0.000787 0.002281 0.001983
2.051200 -0.000693 -0.011129 -0.002762 0.000787 0.002281 0.001984
2.067600 -0.000699 -0.011165 -0.002794 0.000788 0.002280 0.001984
2.070300 -0.000700 -0.011171 -0.002799 0.000788 0.002280 0.001984
2.073100 -0.000701 -0.011177 -0.002804 0.000788 0.002280 0.001984
2.100400 -0.000712 -0.011237 -0.002856 0.000789 0.002277 0.001985
2.103100 -0.000713 -0.011243 -0.002861 0.000789 0.002277 0.001985
2.105900 -0.000714 -0.011249 -0.002867 0.000789 0.002277 0.001985
2.108600 -0.000715 -0.011255 -0.002872 0.000789 0.002277 0.001985
2.111300 -0.000716 -0.011261 -0.002877 0.000789 0.002276 0.001985
2.114100 -0.000717 -0.011267 -0.002882 0.000789 0.002276 0.001985
2.116800 -0.000718 -0.011272 -0.002887 0.000789 0.002276 0.001986
2.119500 -0.000719 -0.011278 -0.002892 0.000789 0.002276 0.001986
2.122200 -0.000720 -0.011284 -0.002898 0.000789 0.002275 0.001986
2.125000 -0.000721 -0.011290 -0.002903 0.000789 0.002275 0.001986
2.127700 -0.000722 -0.011296 -0.002908 0.000789 0.002275 0.001986
2.130400 -0.000723 -0.011302 -0.002913 0.000789 0.002274 0.001986
2.133200 -0.000724 -0.011308 -0.002918 0.000790 0.002274 0.001986
2.135900 -0.000725 -0.011313 -0.002923 0.000790 0.002274 0.001986
2.138600 -0.000726 -0.011319 -0.002929 0.000790 0.002274 0.001986
2.141400 -0.000727 -0.011325 -0.002934 0.000790 0.002273 0.001986
2.146800 -0.000729 -0.011337 -0.002944 0.000790 0.002273 0.001986
2.149600 -0.000730 -0.011343 -0.002949 0.000790 0.002272 0.001986
2.152300 -0.000731 -0.011348 -0.002954 0.000790 0.002272 0.001986
2.155000 -0.000732 -0.011354 -0.002959 0.000790 0.002272 0.001987
2.157800 -0.000733 -0.011360 -0.002965 0.000790 0.002271 0.001987
2.160500 -0.000734 -0.011366 -0.002970 0.000790 0.002271 0.001987
2.163200 -0.000735 -0.011372 -0.002975 0.000790 0.002271 0.001987
2.166000 -0.000737 -0.011377 -0.002980 0.000790 0.002270 0.001987
2.168700 -0.000738 -0.011383 -0.002985 0.000790 0.002270 0.001987
2.171400 -0.000739 -0.011389 -0.002990 0.000790 0.002270 0.001987
2.174200 -0.000740 -0.011395 -0.002995 0.000791 0.002269 0.001987
2.176900 -0.000741 -0.011400 -0.003000 0.000791 0.002269 0.001987
2.179600 -0.000742 -0.011406 -0.003006 0.000791 0.002269 0.001987
2.182400 -0.000743 -0.011412 -0.003011 0.000791 0.002268 0.001987
2.185100 -0.000744 -0.011418 -0.003016 0.000791 0.002268 0.001987
2.187800 -0.000745 -0.011423 -0.003021 0.000791 0.002267 0.001987
2.190600 -0.000746 -0.011429 -0.003026 0.000791 0.002267 0.001987
2.193300 -0.000747 -0.011435 -0.003031 0.000791 0.002267 0.001987
2.196000 -0.000748 -0.011440 -0.003036 0.000791 0.002266 0.001987
2.198800 -0.000749 -0.011446 -0.003041 0.000791 0.002266 0.001988
2.201500 -0.000750 -0.011452 -0.003046 0.000791 0.002266 0.001988
2.204200 -0.000751 -0.011458 -0.003051 0.000791 0.002265 0.001988
2.206900 -0.000752 -0.011463 -0.003056 0.000791 0.002265 0.001988
2.209700 -0.000753 -0.011469 -0.003062 0.000791 0.002264 0.001988
2.212400 -0.000754 -0.011475 -0.003067 0.000791 0.002264 0.001988
2.215100 -0.000755 -0.011480 -0.003072 0.000791 0.002264 0.001988
2.217900 -0.000756 -0.011486 -0.003077 0.000791 0.002263 0.001988
2.220600 -0.000757 -0.011492 -0.003082 0.000791 0.002263 0.001988
2.223300 -0.000758 -0.011497 -0.003087 0.000791 0.002262 0.001988
2.226100 -0.000759 -0.011503 -0.003092 0.000791 0.002262 0.001988
2.228800 -0.000760 -0.011509 -0.003097 0.000792 0.002262 0.001988
2.231500 -0.000761 -0.011514 -0.003102 0.000792 0.002261 0.001988
2.234300 -0.000762 -0.011520 -0.003107 0.000792 0.002261 0.001988
2.237000 -0.000763 -0.011526 -0.003112 0.000792 0.002260 0.001988
2.239700 -0.000764 -0.011531 -0.003117 0.000792 0.002260 0.001988
2.242500 -0.000765 -0.011537 -0.003122 0.000792 0.002259 0.001988
2.245200 -0.000766 -0.011542 -0.003127 0.000792 0.002259 0.001988
2.247900 -0.000767 -0.011548 -0.003132 0.000792 0.002259 0.001988
2.250700 -0.000769 -0.011554 -0.003138 0.000792 0.002258 0.001988
2.253400 -0.000770 -0.011559 -0.003142 0.000792 0.002258 0.001988
2.256100 -0.000771 -0.011565 -0.003147 0.000792 0.002257 0.001989
2.258900 -0.000772 -0.011570 -0.003153 0.000792 0.002257 0.001989
2.261600 -0.000773 -0.011576 -0.003158 0.000792 0.002256 0.001989
2.264300 -0.000774 -0.011581 -0.003163 0.000792 0.002256 0.001989
2.267100 -0.000775 -0.011587 -0.003168 0.000792 0.002255 0.001989
2.269800 -0.000776 -0.011593 -0.003173 0.000792 0.002255 0.001989
2.272500 -0.000777 -0.011598 -0.003178 0.000792 0.002254 0.001989
2.275300 -0.000778 -0.011604 -0.003183 0.000792 0.002254 0.001989
2.278000 -0.000779 -0.011609 -0.003188 0.000792 0.002253 0.001989
2.280700 -0.000780 -0.011615 -0.003193 0.000792 0.002253 0.001989
2.283400 -0.000781 -0.011620 -0.003198 0.000792 0.002252 0.001989
2.286200 -0.000782 -0.011626 -0.003203 0.000792 0.002252 0.001989
2.288900 -0.000783 -0.011631 -0.003208 0.000792 0.002251 0.001989
2.291600 -0.000784 -0.011637 -0.003213 0.000792 0.002251 0.001989
2.294400 -0.000785 -0.011642 -0.003218 0.000792 0.002250 0.001989
2.297100 -0.000786 -0.011648 -0.003223 0.000792 0.002250 0.001989
2.299800 -0.000787 -0.011653 -0.003228 0.000792 0.002249 0.001989
2.302600 -0.000788 -0.011659 -0.003233 0.000792 0.002249 0.001989
2.305300 -0.000789 -0.011664 -0.003238 0.000792 0.002248 0.001989
2.308000 -0.000790 -0.011670 -0.003243 0.000792 0.002248 0.001989
2.310800 -0.000791 -0.011675 -0.003248 0.000792 0.002247 0.001989
2.313500 -0.000792 -0.011681 -0.003253 0.000792 0.002247 0.001989
2.316200 -0.000793 -0.011686 -0.003257 0.000792 0.002246 0.001989
2.319000 -0.000794 -0.011692 -0.003263 0.000792 0.002246 0.001989
2.321700 -0.000795 -0.011697 -0.003267 0.000792 0.002245 0.001989
2.324400 -0.000796 -0.011703 -0.003272 0.000792 0.002245 0.001989
2.327200 -0.000797 -0.011708 -0.003277 0.000792 0.002244 0.001989
2.329900 -0.000798 -0.011714 -0.003282 0.000792 0.002244 0.001989
2.332600 -0.000799 -0.011719 -0.003287 0.000792 0.002243 0.001989
2.335400 -0.000800 -0.011725 -0.003292 0.000792 0.002243 0.001989
2.338100 -0.000801 -0.011730 -0.003297 0.000792 0.002242 0.001989
2.340800 -0.000802 -0.011735 -0.003302 0.000793 0.002241 0.001990
2.343600 -0.000803 -0.011741 -0.003307 0.000793 0.002241 0.001990
2.346300 -0.000804 -0.011746 -0.003312 0.000793 0.002240 0.001990
2.349000 -0.000805 -0.011752 -0.003317 0.000793 0.002240 0.001990
2.351800 -0.000806 -0.011757 -0.003322 0.000793 0.002239 0.001990
2.354500 -0.000807 -0.011762 -0.003327 0.000793 0.002239 0.001990
2.357200 -0.000808 -0.011768 -0.003332 0.000793 0.002238 0.001990
2.360000 -0.000809 -0.011773 -0.003337 0.000793 0.002237 0.001990
2.362700 -0.000810 -0.011779 -0.003342 0.000793 0.002237 0.001990
2.365400 -0.000811 -0.011784 -0.003346 0.000793 0.002236 0.001990
2.368100 -0.000812 -0.011789 -0.003351 0.000793 0.002236 0.001990
2.370900 -0.000813 -0.011795 -0.003356 0.000793 0.002235 0.001990
2.373600 -0.000814 -0.011800 -0.003361 0.000793 0.002235 0.001990
2.376300 -0.000815 -0.011805 -0.003366 0.000793 0.002234 0.001990
2.379100 -0.000816 -0.011811 -0.003371 0.000793 0.002233 0.001990
2.381800 -0.000817 -0.011816 -0.003376 0.000793 0.002233 0.001990
2.384500 -0.000818 -0.011821 -0.003381 0.000792 0.002232 0.001990
2.387300 -0.000819 -0.011827 -0.003386 0.000792 0.002231 0.001990
2.390000 -0.000820 -0.011832 -0.003391 0.000792 0.002231 0.001990
2.392700 -0.000821 -0.011837 -0.003395 0.000792 0.002230 0.001990
2.395500 -0.000822 -0.011843 -0.003400 0.000792 0.002230 0.001990
2.398200 -0.000823 -0.011848 -0.003405 0.000792 0.002229 0.001990
2.400900 -0.000824 -0.011853 -0.003410 0.000792 0.002228 0.001990
2.403700 -0.000825 -0.011859 -0.003415 0.000792 0.002228 0.001990
2.406400 -0.000826 -0.011864 -0.003420 0.000792 0.002227 0.001990
2.409100 -0.000827 -0.011869 -0.003425 0.000792 0.002227 0.001990
2.411900 -0.000828 -0.011875 -0.003430 0.000792 0.002226 0.001990
2.414600 -0.000829 -0.011880 -0.003435 0.000792 0.002225 0.001990
2.417300 -0.000830 -0.011885 -0.003439 0.000792 0.002225 0.001990
2.420100 -0.000831 -0.011891 -0.003444 0.000792 0.002224 0.001990
2.422800 -0.000832 -0.011896 -0.003449 0.000792 0.002223 0.001990
2.425500 -0.000833 -0.011901 -0.003454 0.000792 0.002223 0.001990
2.428300 -0.000834 -0.011906 -0.003459 0.000792 0.002222 0.001990
2.431000 -0.000835 -0.011912 -0.003464 0.000792 0.002221 0.001990
2.433700 -0.000836 -0.011917 -0.003468 0.000792 0.002221 0.001990
2.436500 -0.000837 -0.011922 -0.003473 0.000792 0.002220 0.001990
2.439200 -0.000838 -0.011927 -0.003478 0.000792 0.002219 0.001990
2.441900 -0.000839 -0.011933 -0.003483 0.000792 0.002219 0.001990
2.444700 -0.000840 -0.011938 -0.003488 0.000792 0.002218 0.001990
2.447400 -0.000841 -0.011943 -0.003493 0.000792 0.002217 0.001990
2.450100 -0.000842 -0.011948 -0.003497 0.000792 0.002217 0.001990
2.452800 -0.000843 -0.011953 -0.003502 0.000792 0.002216 0.001990
2.455600 -0.000844 -0.011959 -0.003507 0.000792 0.002215 0.001990
2.458300 -0.000845 -0.011964 -0.003512 0.000792 0.002215 0.001990
2.461000 -0.000846 -0.011969 -0.003517 0.000792 0.002214 0.001990
2.463800 -0.000847 -0.011974 -0.003522 0.000792 0.002213 0.001990
2.466500 -0.000848 -0.011980 -0.003526 0.000792 0.002212 0.001990
2.469200 -0.000849 -0.011985 -0.003531 0.000792 0.002212 0.001990
2.472000 -0.000850 -0.011990 -0.003536 0.000792 0.002211 0.001990
2.474700 -0.000851 -0.011995 -0.003541 0.000792 0.002210 0.001990
2.477400 -0.000852 -0.012000 -0.003546 0.000792 0.002210 0.001990
2.480200 -0.000853 -0.012006 -0.003551 0.000792 0.002209 0.001990
2.482900 -0.000854 -0.012011 -0.003555 0.000792 0.002208 0.001990
2.485600 -0.000855 -0.012016 -0.003560 0.000792 0.002208 0.001990
2.488400 -0.000856 -0.012021 -0.003565 0.000792 0.002207 0.001990
2.491100 -0.000857 -0.012026 -0.003570 0.000792 0.002206 0.001990
2.493800 -0.000858 -0.012031 -0.003574 0.000792 0.002205 0.001990
2.496600 -0.000859 -0.012037 -0.003579 0.000791 0.002205 0.001990
2.499300 -0.000860 -0.012042 -0.003584 0.000791 0.002204 0.001990
2.502000 -0.000861 -0.012047 -0.003589 0.000791 0.002203 0.001990
2.504800 -0.000862 -0.012052 -0.003594 0.000791 0.002202 0.001990
2.507500 -0.000863 -0.012057 -0.003598 0.000791 0.002202 0.001990
2.510200 -0.000864 -0.012062 -0.003603 0.000791 0.002201 0.001990
2.513000 -0.000865 -0.012067 -0.003608 0.000791 0.002200 0.001990
2.515700 -0.000866 -0.012072 -0.003613 0.000791 0.002200 0.001990
2.518400 -0.000867 -0.012077 -0.003617 0.000791 0.002199 0.001990
2.521200 -0.000868 -0.012083 -0.003622 0.000791 0.002198 0.001990
2.523900 -0.000869 -0.012088 -0.003627 0.000791 0.002197 0.001990
2.526600 -0.000870 -0.012093 -0.003632 0.000791 0.002197 0.001990
2.529400 -0.000871 -0.012098 -0.003636 0.000791 0.002196 0.001990
2.532100 -0.000872 -0.012103 -0.003641 0.000791 0.002195 0.001990
2.534800 -0.000873 -0.012108 -0.003646 0.000791 0.002194 0.001990
2.537500 -0.000874 -0.012113 -0.003650 0.000791 0.002193 0.001990
2.540300 -0.000875 -0.012118 -0.003655 0.000791 0.002193 0.001990
2.543000 -0.000876 -0.012123 -0.003660 0.000791 0.002192 0.001990
2.545700 -0.000877 -0.012128 -0.003665 0.000791 0.002191 0.001990
2.548500 -0.000878 -0.012134 -0.003670 0.000791 0.002190 0.001990
2.551200 -0.000879 -0.012139 -0.003674 0.000790 0.002190 0.001990
2.553900 -0.000880 -0.012144 -0.003679 0.000790 0.002189 0.001990
2.556700 -0.000881 -0.012149 -0.003684 0.000790 0.002188 0.001990
2.559400 -0.000882 -0.012154 -0.003688 0.000790 0.002187 0.001990
2.562100 -0.000883 -0.012159 -0.003693 0.000790 0.002186 0.001989
2.564900 -0.000884 -0.012164 -0.003698 0.000790 0.002186 0.001989
2.567600 -0.000885 -0.012169 -0.003702 0.000790 0.002185 0.001989
2.570300 -0.000886 -0.012174 -0.003707 0.000790 0.002184 0.001989
2.573100 -0.000887 -0.012179 -0.003712 0.000790 0.002183 0.001989
2.575800 -0.000888 -0.012184 -0.003717 0.000790 0.002183 0.001989
2.578500 -0.000889 -0.012189 -0.003721 0.000790 0.002182 0.001989
2.581300 -0.000890 -0.012194 -0.003726 0.000790 0.002181 0.001989
2.584000 -0.000891 -0.012199 -0.003731 0.000790 0.002180 0.001989
2.586700 -0.000892 -0.012204 -0.003735 0.000790 0.002179 0.001989
2.589500 -0.000893 -0.012209 -0.003740 0.000790 0.002178 0.001989
2.592200 -0.000894 -0.012214 -0.003745 0.000790 0.002178 0.001989
2.594900 -0.000895 -0.012219 -0.003749 0.000789 0.002177 0.001989
2.597700 -0.000896 -0.012224 -0.003754 0.000789 0.002176 0.001989
2.600400 -0.000897 -0.012229 -0.003759 0.000789 0.002175 0.001989
2.603100 -0.000898 -0.012234 -0.003763 0.000789 0.002174 0.001989
2.605900 -0.000899 -0.012239 -0.003768 0.000789 0.002174 0.001989
2.608600 -0.000900 -0.012244 -0.003773 0.000789 0.002173 0.001989
2.611300 -0.000901 -0.012249 -0.003777 0.000789 0.002172 0.001989
2.614100 -0.000902 -0.012254 -0.003782 0.000789 0.002171 0.001989
2.616800 -0.000903 -0.012259 -0.003787 0.000789 0.002170 0.001989
2.619500 -0.000904 -0.012264 -0.003791 0.000789 0.002169 0.001989
2.622200 -0.000904 -0.012269 -0.003796 0.000789 0.002169 0.001989
2.625000 -0.000905 -0.012274 -0.003801 0.000789 0.002168 0.001989
2.627700 -0.000906 -0.012279 -0.003805 0.000789 0.002167 0.001989
2.630400 -0.000907 -0.012284 -0.003810 0.000789 0.002166 0.001989
2.633200 -0.000908 -0.012289 -0.003815 0.000788 0.002165 0.001989
2.635900 -0.000909 -0.012293 -0.003819 0.000788 0.002164 0.001989
2.638600 -0.000910 -0.012298 -0.003824 0.000788 0.002163 0.001989
2.641400 -0.000911 -0.012303 -0.003829 0.000788 0.002163 0.001989
2.644100 -0.000912 -0.012308 -0.003833 0.000788 0.002162 0.001989
2.646800 -0.000913 -0.012313 -0.003838 0.000788 0.002161 0.001989
2.649600 -0.000914 -0.012318 -0.003842 0.000788 0.002160 0.001989
2.652300 -0.000915 -0.012323 -0.003847 0.000788 0.002159 0.001989
2.655000 -0.000916 -0.012328 -0.003852 0.000788 0.002158 0.001989
2.657800 -0.000917 -0.012333 -0.003856 0.000788 0.002157 0.001989
2.660500 -0.000918 -0.012338 -0.003861 0.000788 0.002157 0.001989
2.663200 -0.000919 -0.012343 -0.003865 0.000788 0.002156 0.001989
2.666000 -0.000920 -0.012348 -0.003870 0.000788 0.002155 0.001989
2.668700 -0.000921 -0.012352 -0.003875 0.000787 0.002154 0.001989
2.671400 -0.000922 -0.012357 -0.003879 0.000787 0.002153 0.001989
2.674200 -0.000923 -0.012362 -0.003884 0.000787 0.002152 0.001989
2.676900 -0.000924 -0.012367 -0.003888 0.000787 0.002151 0.001988
2.679600 -0.000925 -0.012372 -0.003893 0.000787 0.002150 0.001988
2.682400 -0.000926 -0.012377 -0.003898 0.000787 0.002150 0.001988
2.685100 -0.000927 -0.012382 -0.003902 0.000787 0.002149 0.001988
2.687800 -0.000928 -0.012387 -0.003907 0.000787 0.002148 0.001988
2.690600 -0.000929 -0.012392 -0.003911 0.000787 0.002147 0.001988
2.693300 -0.000930 -0.012396 -0.003916 0.000787 0.002146 0.001988
2.696000 -0.000931 -0.012401 -0.003920 0.000787 0.002145 0.001988
2.698800 -0.000932 -0.012406 -0.003925 0.000786 0.002144 0.001988
2.701500 -0.000933 -0.012411 -0.003930 0.000786 0.002143 0.001988
2.704200 -0.000934 -0.012416 -0.003934 0.000786 0.002142 0.001988
2.706900 -0.000934 -0.012420 -0.003939 0.000786 0.002141 0.001988
2.709700 -0.000935 -0.012425 -0.003943 0.000786 0.002141 0.001988
2.712400 -0.000936 -0.012430 -0.003948 0.000786 0.002140 0.001988
2.715100 -0.000937 -0.012435 -0.003952 0.000786 0.002139 0.001988
2.717900 -0.000938 -0.012440 -0.003957 0.000786 0.002138 0.001988
2.720600 -0.000939 -0.012445 -0.003961 0.000786 0.002137 0.001988
2.723300 -0.000940 -0.012449 -0.003966 0.000786 0.002136 0.001988
2.726100 -0.000941 -0.012454 -0.003971 0.000786 0.002135 0.001988
2.728800 -0.000942 -0.012459 -0.003975 0.000785 0.002134 0.001988
2.731500 -0.000943 -0.012464 -0.003980 0.000785 0.002133 0.001988
2.734300 -0.000944 -0.012469 -0.003984 0.000785 0.002132 0.001988
2.737000 -0.000945 -0.012473 -0.003989 0.000785 0.002131 0.001988
2.739700 -0.000946 -0.012478 -0.003993 0.000785 0.002130 0.001988
2.742500 -0.000947 -0.012483 -0.003998 0.000785 0.002130 0.001988
2.745200 -0.000948 -0.012488 -0.004002 0.000785 0.002129 0.001988
2.747900 -0.000949 -0.012493 -0.004007 0.000785 0.002128 0.001988
2.750700 -0.000950 -0.012497 -0.004011 0.000785 0.002127 0.001988
2.753400 -0.000951 -0.012502 -0.004016 0.000785 0.002126 0.001988
2.756200 -0.000952 -0.012507 -0.004020 0.000785 0.002125 0.001988
2.758900 -0.000953 -0.012512 -0.004025 0.000784 0.002124 0.001988
2.761600 -0.000954 -0.012516 -0.004029 0.000784 0.002123 0.001988
2.764400 -0.000955 -0.012521 -0.004034 0.000784 0.002122 0.001988
2.767100 -0.000956 -0.012526 -0.004038 0.000784 0.002121 0.001988
2.772600 -0.000957 -0.012536 -0.004047 0.000784 0.002119 0.001987
2.775300 -0.000958 -0.012540 -0.004052 0.000784 0.002118 0.001987
2.778100 -0.000959 -0.012545 -0.004057 0.000784 0.002117 0.001987
2.780800 -0.000960 -0.012550 -0.004061 0.000784 0.002116 0.001987
2.783600 -0.000961 -0.012555 -0.004066 0.000784 0.002115 0.001987
2.786300 -0.000962 -0.012559 -0.004070 0.000783 0.002114 0.001987
2.791800 -0.000964 -0.012569 -0.004079 0.000783 0.002112 0.001987
2.794500 -0.000965 -0.012574 -0.004083 0.000783 0.002111 0.001987
2.797300 -0.000966 -0.012578 -0.004088 0.000783 0.002111 0.001987
2.800000 -0.000967 -0.012583 -0.004092 0.000783 0.002110 0.001987
2.802700 -0.000968 -0.012588 -0.004097 0.000783 0.002109 0.001987
2.805500 -0.000969 -0.012593 -0.004101 0.000783 0.002108 0.001987
2.808200 -0.000970 -0.012597 -0.004106 0.000783 0.002107 0.001987
2.811000 -0.000971 -0.012602 -0.004110 0.000783 0.002106 0.001987
2.813700 -0.000972 -0.012607 -0.004115 0.000782 0.002105 0.001987
2.816400 -0.000973 -0.012611 -0.004119 0.000782 0.002104 0.001987
2.819200 -0.000974 -0.012616 -0.004124 0.000782 0.002103 0.001987
2.821900 -0.000975 -0.012621 -0.004128 0.000782 0.002102 0.001987
2.824700 -0.000976 -0.012625 -0.004133 0.000782 0.002101 0.001987
2.827400 -0.000976 -0.012630 -0.004137 0.000782 0.002100 0.001987
2.830100 -0.000977 -0.012635 -0.004141 0.000782 0.002099 0.001987
2.832900 -0.000978 -0.012640 -0.004146 0.000782 0.002098 0.001987
2.835600 -0.000979 -0.012644 -0.004150 0.000782 0.002097 0.001987
2.838400 -0.000980 -0.012649 -0.004155 0.000782 0.002096 0.001987
2.841100 -0.000981 -0.012654 -0.004159 0.000781 0.002095 0.001987
2.843800 -0.000982 -0.012658 -0.004164 0.000781 0.002094 0.001987
2.846600 -0.000983 -0.012663 -0.004168 0.000781 0.002093 0.001987
2.849300 -0.000984 -0.012667 -0.004172 0.000781 0.002092 0.001987
2.852100 -0.000985 -0.012672 -0.004177 0.000781 0.002091 0.001987
2.854800 -0.000986 -0.012677 -0.004181 0.000781 0.002090 0.001987
2.857500 -0.000987 -0.012681 -0.004186 0.000781 0.002089 0.001987
2.860300 -0.000988 -0.012686 -0.004190 0.000781 0.002088 0.001987
2.863000 -0.000989 -0.012691 -0.004195 0.000781 0.002087 0.001987
2.865800 -0.000990 -0.012696 -0.004199 0.000780 0.002086 0.001987
2.868500 -0.000991 -0.012700 -0.004203 0.000780 0.002085 0.001987
2.871200 -0.000992 -0.012705 -0.004208 0.000780 0.002084 0.001987
2.874000 -0.000993 -0.012709 -0.004212 0.000780 0.002083 0.001987
2.876700 -0.000993 -0.012714 -0.004217 0.000780 0.002082 0.001987
2.879500 -0.000994 -0.012719 -0.004221 0.000780 0.002081 0.001987
2.882200 -0.000995 -0.012723 -0.004225 0.000780 0.002080 0.001987
2.884900 -0.000996 -0.012728 -0.004230 0.000780 0.002079 0.001987
2.887700 -0.000997 -0.012732 -0.004234 0.000780 0.002078 0.001987
2.890400 -0.000998 -0.012737 -0.004239 0.000780 0.002077 0.001986
2.893200 -0.000999 -0.012742 -0.004243 0.000779 0.002076 0.001986
2.895900 -0.001000 -0.012746 -0.004247 0.000779 0.002075 0.001986
2.898600 -0.001001 -0.012751 -0.004252 0.000779 0.002074 0.001986
2.901400 -0.001002 -0.012756 -0.004256 0.000779 0.002073 0.001986
2.904100 -0.001003 -0.012760 -0.004260 0.000779 0.002072 0.001986
2.906900 -0.001004 -0.012765 -0.004265 0.000779 0.002071 0.001986
2.909600 -0.001005 -0.012769 -0.004269 0.000779 0.002070 0.001986
2.912300 -0.001006 -0.012774 -0.004273 0.000779 0.002069 0.001986
2.915100 -0.001007 -0.012778 -0.004278 0.000779 0.002068 0.001986
2.917800 -0.001007 -0.012783 -0.004282 0.000779 0.002067 0.001986
2.920600 -0.001008 -0.012788 -0.004287 0.000778 0.002065 0.001986
2.923300 -0.001009 -0.012792 -0.004291 0.000778 0.002064 0.001986
2.926000 -0.001010 -0.012797 -0.004295 0.000778 0.002063 0.001986
2.928800 -0.001011 -0.012801 -0.004300 0.000778 0.002062 0.001986
2.931500 -0.001012 -0.012806 -0.004304 0.000778 0.002061 0.001986
2.934300 -0.001013 -0.012811 -0.004308 0.000778 0.002060 0.001986
2.937000 -0.001014 -0.012815 -0.004313 0.000778 0.002059 0.001986
2.939700 -0.001015 -0.012820 -0.004317 0.000778 0.002058 0.001986
2.942500 -0.001016 -0.012824 -0.004321 0.000778 0.002057 0.001986
2.945200 -0.001017 -0.012829 -0.004326 0.000778 0.002056 0.001986
2.947900 -0.001018 -0.012833 -0.004330 0.000777 0.002055 0.001986
2.950700 -0.001019 -0.012838 -0.004334 0.000777 0.002054 0.001986
2.953400 -0.001020 -0.012842 -0.004339 0.000777 0.002053 0.001986
2.956200 -0.001021 -0.012847 -0.004343 0.000777 0.002052 0.001986
2.958900 -0.001021 -0.012851 -0.004347 0.000777 0.002051 0.001986
2.961600 -0.001022 -0.012856 -0.004351 0.000777 0.002050 0.001986
2.964400 -0.001023 -0.012860 -0.004356 0.000777 0.002049 0.001986
2.967100 -0.001024 -0.012865 -0.004360 0.000777 0.002048 0.001986
2.969900 -0.001025 -0.012870 -0.004365 0.000777 0.002047 0.001986
2.972600 -0.001026 -0.012874 -0.004369 0.000777 0.002046 0.001986
2.975300 -0.001027 -0.012878 -0.004373 0.000777 0.002045 0.001986
2.978100 -0.001028 -0.012883 -0.004377 0.000776 0.002044 0.001986
2.980800 -0.001029 -0.012887 -0.004382 0.000776 0.002043 0.001986
2.983600 -0.001030 -0.012892 -0.004386 0.000776 0.002042 0.001986
2.986300 -0.001031 -0.012897 -0.004390 0.000776 0.002041 0.001986
2.989000 -0.001032 -0.012901 -0.004394 0.000776 0.002039 0.001986
2.991800 -0.001033 -0.012906 -0.004399 0.000776 0.002038 0.001986
2.994500 -0.001033 -0.012910 -0.004403 0.000776 0.002037 0.001986
2.997300 -0.001034 -0.012915 -0.004407 0.000776 0.002036 0.001986
3.000000 -0.001035 -0.012919 -0.004412 0.000776 0.002035 0.001986
3.002700 -0.001036 -0.012923 -0.004416 0.000776 0.002034 0.001986
3.005500 -0.001037 -0.012928 -0.004420 0.000776 0.002033 0.001986
3.008200 -0.001038 -0.012932 -0.004424 0.000775 0.002032 0.001986
3.011000 -0.001039 -0.012937 -0.004429 0.000775 0.002031 0.001986
3.013700 -0.001040 -0.012941 -0.004433 0.000775 0.002030 0.001986
3.016400 -0.001041 -0.012946 -0.004437 0.000775 0.002029 0.001986
3.019200 -0.001042 -0.012950 -0.004442 0.000775 0.002028 0.001986
3.021900 -0.001043 -0.012955 -0.004446 0.000775 0.002027 0.001986
3.024700 -0.001044 -0.012959 -0.004450 0.000775 0.002026 0.001986
3.027400 -0.001044 -0.012964 -0.004454 0.000775 0.002025 0.001986
3.030100 -0.001045 -0.012968 -0.004458 0.000775 0.002024 0.001987
3.032900 -0.001046 -0.012973 -0.004463 0.000775 0.002022 0.001987
3.035600 -0.001047 -0.012977 -0.004467 0.000775 0.002021 0.001987
3.038400 -0.001048 -0.012982 -0.004471 0.000775 0.002020 0.001987
3.041100 -0.001049 -0.012986 -0.004475 0.000774 0.002019 0.001987
3.043800 -0.001050 -0.012990 -0.004480 0.000774 0.002018 0.001987
3.046600 -0.001051 -0.012995 -0.004484 0.000774 0.002017 0.001987
3.049300 -0.001052 -0.012999 -0.004488 0.000774 0.002016 0.001987
3.052100 -0.001053 -0.013004 -0.004492 0.000774 0.002015 0.001987
3.054800 -0.001054 -0.013008 -0.004497 0.000774 0.002014 0.001987
3.057500 -0.001055 -0.013012 -0.004501 0.000774 0.002013 0.001987
3.060300 -0.001055 -0.013017 -0.004505 0.000774 0.002012 0.001987
3.063000 -0.001056 -0.013021 -0.004509 0.000774 0.002011 0.001987
3.065800 -0.001057 -0.013026 -0.004513 0.000774 0.002010 0.001987
3.068500 -0.001058 -0.013030 -0.004518 0.000774 0.002009 0.001987
3.071200 -0.001059 -0.013035 -0.004522 0.000774 0.002008 0.001987
3.074000 -0.001060 -0.013039 -0.004526 0.000774 0.002006 0.001987
3.076700 -0.001061 -0.013043 -0.004530 0.000773 0.002005 0.001987
3.079500 -0.001062 -0.013048 -0.004534 0.000773 0.002004 0.001987
3.082200 -0.001063 -0.013052 -0.004539 0.000773 0.002003 0.001987
3.084900 -0.001064 -0.013057 -0.004543 0.000773 0.002002 0.001987
3.087700 -0.001065 -0.013061 -0.004547 0.000773 0.002001 0.001987
3.090400 -0.001065 -0.013065 -0.004551 0.000773 0.002000 0.001987
3.093200 -0.001066 -0.013070 -0.004555 0.000773 0.001999 0.001987
3.095900 -0.001067 -0.013074 -0.004559 0.000773 0.001998 0.001987
3.098600 -0.001068 -0.013078 -0.004564 0.000773 0.001997 0.001987
3.101400 -0.001069 -0.013083 -0.004568 0.000773 0.001996 0.001987
3.104100 -0.001070 -0.013087 -0.004572 0.000773 0.001995 0.001987
3.106900 -0.001071 -0.013092 -0.004576 0.000773 0.001993 0.001987
3.109600 -0.001072 -0.013096 -0.004580 0.000773 0.001992 0.001987
3.112300 -0.001073 -0.013100 -0.004584 0.000773 0.001991 0.001988
3.115100 -0.001074 -0.013105 -0.004589 0.000773 0.001990 0.001988
3.117800 -0.001075 -0.013109 -0.004593 0.000773 0.001989 0.001988
3.120600 -0.001075 -0.013114 -0.004597 0.000773 0.001988 0.001988
3.123300 -0.001076 -0.013118 -0.004601 0.000772 0.001987 0.001988
3.126000 -0.001077 -0.013122 -0.004605 0.000772 0.001986 0.001988
3.128800 -0.001078 -0.013127 -0.004609 0.000772 0.001985 0.001988
3.131500 -0.001079 -0.013131 -0.004614 0.000772 0.001984 0.001988
3.134300 -0.001080 -0.013135 -0.004618 0.000772 0.001983 0.001988
3.137000 -0.001081 -0.013140 -0.004622 0.000772 0.001982 0.001988
3.139700 -0.001082 -0.013144 -0.004626 0.000772 0.001981 0.001988
3.142500 -0.001083 -0.013148 -0.004630 0.000772 0.001979 0.001988
3.145200 -0.001084 -0.013153 -0.004634 0.000772 0.001978 0.001988
3.147900 -0.001084 -0.013157 -0.004638 0.000772 0.001977 0.001988
3.150700 -0.001085 -0.013161 -0.004643 0.000772 0.001976 0.001988
3.153400 -0.001086 -0.013165 -0.004647 0.000772 0.001975 0.001988
3.156200 -0.001087 -0.013170 -0.004651 0.000772 0.001974 0.001989
3.158900 -0.001088 -0.013174 -0.004655 0.000772 0.001973 0.001989
3.161600 -0.001089 -0.013178 -0.004659 0.000772 0.001972 0.001989
3.164400 -0.001090 -0.013183 -0.004663 0.000772 0.001971 0.001989
3.167100 -0.001091 -0.013187 -0.004667 0.000772 0.001970 0.001989
3.169900 -0.001092 -0.013191 -0.004671 0.000772 0.001969 0.001989
3.172600 -0.001093 -0.013196 -0.004675 0.000772 0.001968 0.001989
3.175300 -0.001093 -0.013200 -0.004679 0.000772 0.001966 0.001989
3.178100 -0.001094 -0.013204 -0.004684 0.000772 0.001965 0.001989
3.180800 -0.001095 -0.013209 -0.004688 0.000772 0.001964 0.001989
3.183600 -0.001096 -0.013213 -0.004692 0.000772 0.001963 0.001989
3.186300 -0.001097 -0.013217 -0.004696 0.000772 0.001962 0.001989
3.189000 -0.001098 -0.013221 -0.004700 0.000772 0.001961 0.001989
3.191800 -0.001099 -0.013226 -0.004704 0.000771 0.001960 0.001990
3.194500 -0.001100 -0.013230 -0.004708 0.000771 0.001959 0.001990
3.197300 -0.001101 -0.013234 -0.004712 0.000771 0.001958 0.001990
3.200000 -0.001101 -0.013239 -0.004716 0.000771 0.001957 0.001990
3.202700 -0.001102 -0.013243 -0.004720 0.000771 0.001956 0.001990
3.205500 -0.001103 -0.013247 -0.004724 0.000771 0.001954 0.001990
3.208200 -0.001104 -0.013251 -0.004728 0.000771 0.001953 0.001990
3.211000 -0.001105 -0.013256 -0.004733 0.000771 0.001952 0.001990
3.213700 -0.001106 -0.013260 -0.004737 0.000771 0.001951 0.001990
3.216400 -0.001107 -0.013264 -0.004741 0.000771 0.001950 0.001990
3.219200 -0.001108 -0.013269 -0.004745 0.000771 0.001949 0.001991
3.221900 -0.001109 -0.013273 -0.004749 0.000771 0.001948 0.001991
3.224700 -0.001109 -0.013277 -0.004753 0.000771 0.001947 0.001991
3.227400 -0.001110 -0.013281 -0.004757 0.000771 0.001946 0.001991
3.230100 -0.001111 -0.013285 -0.004761 0.000771 0.001945 0.001991
3.232900 -0.001112 -0.013290 -0.004765 0.000771 0.001944 0.001991
3.235600 -0.001113 -0.013294 -0.004769 0.000771 0.001943 0.001991
3.238400 -0.001114 -0.013298 -0.004773 0.000771 0.001941 0.001991
3.241100 -0.001115 -0.013302 -0.004777 0.000771 0.001940 0.001991
3.243800 -0.001116 -0.013307 -0.004781 0.000771 0.001939 0.001992
3.246600 -0.001117 -0.013311 -0.004785 0.000771 0.001938 0.001992
3.249300 -0.001117 -0.013315 -0.004789 0.000771 0.001937 0.001992
3.252100 -0.001118 -0.013319 -0.004793 0.000771 0.001936 0.001992
3.254800 -0.001119 -0.013324 -0.004797 0.000771 0.001935 0.001992
3.257500 -0.001120 -0.013328 -0.004801 0.000771 0.001934 0.001992
3.260300 -0.001121 -0.013332 -0.004805 0.000771 0.001933 0.001992
3.263000 -0.001122 -0.013336 -0.004809 0.000771 0.001932 0.001992
3.265800 -0.001123 -0.013341 -0.004813 0.000771 0.001931 0.001993
3.268500 -0.001124 -0.013345 -0.004817 0.000771 0.001930 0.001993
3.271200 -0.001125 -0.013349 -0.004821 0.000771 0.001929 0.001993
3.274000 -0.001125 -0.013353 -0.004825 0.000772 0.001927 0.001993
3.276700 -0.001126 -0.013357 -0.004829 0.000772 0.001926 0.001993
3.279500 -0.001127 -0.013362 -0.004833 0.000772 0.001925 0.001993
3.282200 -0.001128 -0.013366 -0.004837 0.000772 0.001924 0.001993
3.284900 -0.001129 -0.013370 -0.004841 0.000772 0.001923 0.001994
3.287700 -0.001130 -0.013374 -0.004845 0.000772 0.001922 0.001994
3.290400 -0.001131 -0.013378 -0.004849 0.000772 0.001921 0.001994
3.293200 -0.001132 -0.013383 -0.004853 0.000772 0.001920 0.001994
3.295900 -0.001132 -0.013387 -0.004857 0.000772 0.001919 0.001994
3.298600 -0.001133 -0.013391 -0.004861 0.000772 0.001918 0.001994
3.301400 -0.001134 -0.013395 -0.004865 0.000772 0.001917 0.001994
3.304100 -0.001135 -0.013399 -0.004869 0.000772 0.001916 0.001995
3.306900 -0.001136 -0.013404 -0.004873 0.000772 0.001915 0.001995
3.309600 -0.001137 -0.013408 -0.004877 0.000772 0.001914 0.001995
3.312300 -0.001138 -0.013412 -0.004881 0.000772 0.001912 0.001995
3.315100 -0.001139 -0.013416 -0.004885 0.000772 0.001911 0.001995
3.317800 -0.001139 -0.013420 -0.004889 0.000772 0.001910 0.001995
3.320600 -0.001140 -0.013424 -0.004893 0.000772 0.001909 0.001996
3.323300 -0.001141 -0.013428 -0.004897 0.000772 0.001908 0.001996
3.326000 -0.001142 -0.013433 -0.004901 0.000772 0.001907 0.001996
3.328800 -0.001143 -0.013437 -0.004905 0.000772 0.001906 0.001996
3.331500 -0.001144 -0.013441 -0.004909 0.000772 0.001905 0.001996
3.334300 -0.001145 -0.013445 -0.004913 0.000773 0.001904 0.001997
3.337000 -0.001146 -0.013449 -0.004917 0.000773 0.001903 0.001997
3.339700 -0.001146 -0.013453 -0.004921 0.000773 0.001902 0.001997
3.342500 -0.001147 -0.013458 -0.004925 0.000773 0.001901 0.001997
3.345200 -0.001148 -0.013462 -0.004929 0.000773 0.001900 0.001997
3.347900 -0.001149 -0.013466 -0.004933 0.000773 0.001899 0.001997
3.350700 -0.001150 -0.013470 -0.004937 0.000773 0.001898 0.001998
3.353400 -0.001151 -0.013474 -0.004940 0.000773 0.001896 0.001998
3.356200 -0.001152 -0.013478 -0.004944 0.000773 0.001895 0.001998
3.358900 -0.001153 -0.013482 -0.004948 0.000773 0.001894 0.001998
3.361600 -0.001153 -0.013486 -0.004952 0.000773 0.001893 0.001998
3.364400 -0.001154 -0.013491 -0.004956 0.000773 0.001892 0.001999
3.367100 -0.001155 -0.013495 -0.004960 0.000773 0.001891 0.001999
3.369900 -0.001156 -0.013499 -0.004964 0.000774 0.001890 0.001999
3.372600 -0.001157 -0.013503 -0.004968 0.000774 0.001889 0.001999
3.375300 -0.001158 -0.013507 -0.004972 0.000774 0.001888 0.001999
3.378100 -0.001159 -0.013511 -0.004976 0.000774 0.001887 0.002000
3.380800 -0.001159 -0.013515 -0.004980 0.000774 0.001886 0.002000
3.383600 -0.001160 -0.013519 -0.004984 0.000774 0.001885 0.002000
3.386300 -0.001161 -0.013524 -0.004987 0.000774 0.001884 0.002000
3.389000 -0.001162 -0.013528 -0.004991 0.000774 0.001883 0.002001
3.391800 -0.001163 -0.013532 -0.004995 0.000774 0.001882 0.002001
3.394500 -0.001164 -0.013536 -0.004999 0.000775 0.001881 0.002001
3.397300 -0.001165 -0.013540 -0.005003 0.000775 0.001880 0.002001
3.400000 -0.001166 -0.013544 -0.005007 0.000775 0.001879 0.002001
3.402700 -0.001166 -0.013548 -0.005011 0.000775 0.001878 0.002002
3.405500 -0.001167 -0.013552 -0.005015 0.000775 0.001877 0.002002
3.408200 -0.001168 -0.013556 -0.005019 0.000775 0.001876 0.002002
3.411000 -0.001169 -0.013560 -0.005023 0.000775 0.001874 0.002002
3.413700 -0.001170 -0.013564 -0.005026 0.000775 0.001873 0.002003
3.416400 -0.001171 -0.013568 -0.005030 0.000776 0.001872 0.002003
3.419200 -0.001172 -0.013573 -0.005034 0.000776 0.001871 0.002003
3.421900 -0.001172 -0.013577 -0.005038 0.000776 0.001870 0.002003
3.424700 -0.001173 -0.013581 -0.005042 0.000776 0.001869 0.002004
3.427400 -0.001174 -0.013585 -0.005046 0.000776 0.001868 0.002004
3.430100 -0.001175 -0.013589 -0.005049 0.000776 0.001867 0.002004
3.432900 -0.001176 -0.013593 -0.005053 0.000776 0.001866 0.002004
3.435600 -0.001177 -0.013597 -0.005057 0.000777 0.001865 0.002005
3.438400 -0.001178 -0.013601 -0.005061 0.000777 0.001864 0.002005
3.441100 -0.001178 -0.013605 -0.005065 0.000777 0.001863 0.002005
3.443800 -0.001179 -0.013609 -0.005069 0.000777 0.001862 0.002005
3.446600 -0.001180 -0.013613 -0.005073 0.000777 0.001861 0.002006
3.449300 -0.001181 -0.013617 -0.005076 0.000777 0.001860 0.002006
3.452100 -0.001182 -0.013621 -0.005080 0.000777 0.001859 0.002006
3.454800 -0.001183 -0.013625 -0.005084 0.000778 0.001858 0.002007
3.457500 -0.001184 -0.013629 -0.005088 0.000778 0.001857 0.002007
3.460300 -0.001184 -0.013634 -0.005092 0.000778 0.001856 0.002007
3.463000 -0.001185 -0.013638 -0.005096 0.000778 0.001855 0.002007
3.465800 -0.001186 -0.013642 -0.005100 0.000778 0.001854 0.002008
3.468500 -0.001187 -0.013646 -0.005103 0.000779 0.001853 0.002008
3.471200 -0.001188 -0.013650 -0.005107 0.000779 0.001852 0.002008
3.474000 -0.001189 -0.013654 -0.005111 0.000779 0.001851 0.002009
3.476700 -0.001190 -0.013658 -0.005115 0.000779 0.001850 0.002009
3.479500 -0.001190 -0.013662 -0.005119 0.000779 0.001849 0.002009
3.482200 -0.001191 -0.013666 -0.005122 0.000779 0.001848 0.002010
3.484900 -0.001192 -0.013670 -0.005126 0.000780 0.001847 0.002010
3.487700 -0.001193 -0.013674 -0.005130 0.000780 0.001846 0.002010
3.490400 -0.001194 -0.013678 -0.005134 0.000780 0.001845 0.002010
3.493200 -0.001195 -0.013682 -0.005138 0.000780 0.001844 0.002011
3.495900 -0.001196 -0.013686 -0.005141 0.000780 0.001843 0.002011
3.498600 -0.001196 -0.013690 -0.005145 0.000781 0.001842 0.002011
