# time (yr) north(m) east(m) up(m) northsigma(m) eastsigma(m) upsigma(m)
3.041100 -0.033396 -1.278102 12.583213 1.456361 1.944483 17.996066
3.043800 -0.033426 -1.278115 12.583193 1.456368 1.944504 17.996169
3.046600 -0.033458 -1.278129 12.583171 1.456374 1.944525 17.996275
3.049300 -0.033488 -1.278142 12.583149 1.456380 1.944546 17.996376
3.052100 -0.033519 -1.278156 12.583125 1.456387 1.944567 17.996480
3.054800 -0.033549 -1.278169 12.583101 1.456393 1.944588 17.996580
3.057500 -0.033579 -1.278181 12.583075 1.456399 1.944608 17.996678
3.060300 -0.033610 -1.278194 12.583048 1.456405 1.944628 17.996779
3.063000 -0.033640 -1.278207 12.583021 1.456411 1.944648 17.996876
3.065800 -0.033671 -1.278220 12.582991 1.456418 1.944669 17.996975
3.068500 -0.033701 -1.278232 12.582962 1.456423 1.944688 17.997069
3.071200 -0.033731 -1.278244 12.582931 1.456429 1.944708 17.997163
3.074000 -0.033762 -1.278256 12.582899 1.456435 1.944728 17.997260
3.076700 -0.033791 -1.278268 12.582866 1.456441 1.944747 17.997352
3.079500 -0.033822 -1.278280 12.582832 1.456447 1.944767 17.997446
3.082200 -0.033852 -1.278291 12.582797 1.456453 1.944785 17.997536
3.084900 -0.033882 -1.278302 12.582762 1.456458 1.944804 17.997625
3.087700 -0.033912 -1.278314 12.582724 1.456464 1.944823 17.997717
3.090400 -0.033942 -1.278325 12.582687 1.456469 1.944842 17.997805
3.093200 -0.033973 -1.278336 12.582647 1.456475 1.944861 17.997895
3.095900 -0.034002 -1.278347 12.582608 1.456480 1.944879 17.997980
3.098600 -0.034032 -1.278357 12.582568 1.456486 1.944897 17.998065
3.101400 -0.034062 -1.278368 12.582525 1.456491 1.944916 17.998152
3.104100 -0.034092 -1.278378 12.582483 1.456496 1.944933 17.998236
3.106900 -0.034122 -1.278389 12.582438 1.456502 1.944952 17.998321
3.109600 -0.034152 -1.278399 12.582394 1.456507 1.944969 17.998403
3.112300 -0.034181 -1.278408 12.582349 1.456512 1.944986 17.998483
3.115100 -0.034212 -1.278418 12.582302 1.456517 1.945004 17.998566
3.117800 -0.034241 -1.278428 12.582255 1.456522 1.945021 17.998645
3.120600 -0.034271 -1.278438 12.582205 1.456527 1.945039 17.998726
3.123300 -0.034300 -1.278447 12.582157 1.456532 1.945056 17.998804
3.126000 -0.034330 -1.278456 12.582107 1.456537 1.945072 17.998880
3.128800 -0.034360 -1.278465 12.582055 1.456542 1.945090 17.998959
3.131500 -0.034389 -1.278474 12.582004 1.456546 1.945106 17.999034
3.134300 -0.034419 -1.278483 12.581950 1.456551 1.945123 17.999111
3.137000 -0.034448 -1.278491 12.581897 1.456556 1.945139 17.999184
3.142500 -0.034507 -1.278508 12.581786 1.456565 1.945172 17.999331
3.145200 -0.034536 -1.278516 12.581730 1.456569 1.945187 17.999402
3.147900 -0.034565 -1.278524 12.581674 1.456574 1.945203 17.999472
3.150700 -0.034595 -1.278532 12.581614 1.456578 1.945219 17.999544
3.153400 -0.034624 -1.278540 12.581556 1.456583 1.945235 17.999613
3.156200 -0.034654 -1.278548 12.581495 1.456587 1.945250 17.999683
3.158900 -0.034683 -1.278555 12.581435 1.456591 1.945266 17.999750
3.164400 -0.034742 -1.278570 12.581311 1.456600 1.945296 17.999885
3.167100 -0.034770 -1.278577 12.581248 1.456604 1.945311 17.999950
3.169900 -0.034800 -1.278584 12.581183 1.456608 1.945326 18.000016
3.172600 -0.034829 -1.278591 12.581119 1.456612 1.945341 18.000079
3.175300 -0.034858 -1.278598 12.581054 1.456616 1.945355 18.000142
3.178100 -0.034887 -1.278604 12.580986 1.456620 1.945370 18.000206
3.180800 -0.034916 -1.278611 12.580920 1.456624 1.945384 18.000268
3.183600 -0.034945 -1.278617 12.580850 1.456628 1.945399 18.000330
3.186300 -0.034974 -1.278623 12.580782 1.456632 1.945413 18.000390
3.189000 -0.035002 -1.278629 12.580713 1.456635 1.945426 18.000449
3.191800 -0.035032 -1.278635 12.580641 1.456639 1.945441 18.000510
3.194500 -0.035060 -1.278641 12.580571 1.456643 1.945454 18.000567
3.197300 -0.035090 -1.278647 12.580498 1.456647 1.945468 18.000626
3.200000 -0.035118 -1.278652 12.580426 1.456650 1.945482 18.000683
3.202700 -0.035146 -1.278658 12.580353 1.456654 1.945495 18.000738
3.205500 -0.035176 -1.278663 12.580277 1.456657 1.945509 18.000795
3.208200 -0.035204 -1.278668 12.580203 1.456661 1.945522 18.000849
3.211000 -0.035233 -1.278673 12.580126 1.456664 1.945535 18.000905
3.213700 -0.035262 -1.278678 12.580050 1.456668 1.945548 18.000958
3.216400 -0.035290 -1.278683 12.579974 1.456671 1.945560 18.001010
3.219200 -0.035319 -1.278688 12.579894 1.456674 1.945574 18.001063
3.221900 -0.035347 -1.278692 12.579817 1.456677 1.945586 18.001114
3.224700 -0.035376 -1.278697 12.579735 1.456681 1.945599 18.001166
3.227400 -0.035404 -1.278701 12.579656 1.456684 1.945611 18.001216
3.230100 -0.035432 -1.278705 12.579576 1.456687 1.945623 18.001265
3.232900 -0.035461 -1.278709 12.579493 1.456690 1.945636 18.001315
3.235600 -0.035489 -1.278713 12.579412 1.456693 1.945648 18.001362
3.238400 -0.035518 -1.278717 12.579327 1.456696 1.945660 18.001411
3.241100 -0.035546 -1.278721 12.579244 1.456699 1.945672 18.001458
3.243800 -0.035574 -1.278724 12.579161 1.456702 1.945683 18.001503
3.246600 -0.035603 -1.278728 12.579074 1.456705 1.945695 18.001550
3.249300 -0.035631 -1.278731 12.578989 1.456708 1.945707 18.001595
3.252100 -0.035659 -1.278734 12.578901 1.456710 1.945718 18.001640
3.254800 -0.035687 -1.278737 12.578815 1.456713 1.945729 18.001683
3.257500 -0.035715 -1.278740 12.578728 1.456716 1.945740 18.001726
3.260300 -0.035744 -1.278743 12.578638 1.456719 1.945752 18.001770
3.263000 -0.035771 -1.278746 12.578550 1.456721 1.945763 18.001811
3.265800 -0.035800 -1.278748 12.578458 1.456724 1.945774 18.001853
3.268500 -0.035827 -1.278751 12.578369 1.456726 1.945785 18.001894
3.271200 -0.035855 -1.278753 12.578279 1.456729 1.945795 18.001933
3.274000 -0.035884 -1.278755 12.578186 1.456731 1.945806 18.001974
3.276700 -0.035911 -1.278757 12.578094 1.456734 1.945816 18.002013
3.279500 -0.035940 -1.278759 12.577999 1.456736 1.945827 18.002052
3.282200 -0.035967 -1.278761 12.577907 1.456738 1.945837 18.002089
3.284900 -0.035994 -1.278763 12.577814 1.456741 1.945847 18.002126
3.287700 -0.036023 -1.278765 12.577717 1.456743 1.945858 18.002164
3.290400 -0.036050 -1.278766 12.577623 1.456745 1.945868 18.002199
3.293200 -0.036079 -1.278768 12.577525 1.456747 1.945878 18.002236
3.295900 -0.036106 -1.278769 12.577429 1.456749 1.945887 18.002270
3.298600 -0.036133 -1.278770 12.577333 1.456752 1.945897 18.002304
3.301400 -0.036161 -1.278772 12.577233 1.456754 1.945907 18.002339
3.304100 -0.036189 -1.278773 12.577136 1.456756 1.945916 18.002372
3.306900 -0.036217 -1.278773 12.577035 1.456758 1.945926 18.002406
3.309600 -0.036244 -1.278774 12.576937 1.456760 1.945935 18.002437
3.312300 -0.036271 -1.278775 12.576838 1.456762 1.945944 18.002469
3.315100 -0.036299 -1.278776 12.576735 1.456763 1.945954 18.002501
3.317800 -0.036326 -1.278776 12.576635 1.456765 1.945963 18.002531
3.320600 -0.036354 -1.278776 12.576531 1.456767 1.945972 18.002562
3.323300 -0.036381 -1.278777 12.576429 1.456769 1.945981 18.002591
3.326000 -0.036408 -1.278777 12.576328 1.456771 1.945989 18.002620
3.328800 -0.036436 -1.278777 12.576222 1.456772 1.945998 18.002649
3.331500 -0.036463 -1.278777 12.576119 1.456774 1.946007 18.002677
3.334300 -0.036491 -1.278776 12.576012 1.456776 1.946015 18.002705
3.337000 -0.036518 -1.278776 12.575908 1.456777 1.946024 18.002732
3.339700 -0.036544 -1.278776 12.575804 1.456779 1.946032 18.002758
3.342500 -0.036572 -1.278775 12.575695 1.456780 1.946040 18.002785
3.345200 -0.036599 -1.278775 12.575590 1.456782 1.946048 18.002810
3.347900 -0.036626 -1.278774 12.575484 1.456783 1.946056 18.002835
3.350700 -0.036653 -1.278773 12.575374 1.456785 1.946064 18.002860
3.353400 -0.036680 -1.278772 12.575267 1.456786 1.946072 18.002884
3.356200 -0.036708 -1.278771 12.575155 1.456787 1.946080 18.002908
3.358900 -0.036734 -1.278770 12.575047 1.456789 1.946088 18.002931
3.361600 -0.036761 -1.278769 12.574939 1.456790 1.946095 18.002953
3.364400 -0.036788 -1.278768 12.574826 1.456791 1.946103 18.002976
3.367100 -0.036815 -1.278766 12.574717 1.456792 1.946110 18.002998
3.369900 -0.036842 -1.278765 12.574603 1.456793 1.946118 18.003019
3.372600 -0.036869 -1.278763 12.574492 1.456795 1.946125 18.003040
3.375300 -0.036895 -1.278761 12.574382 1.456796 1.946132 18.003060
3.378100 -0.036923 -1.278759 12.574266 1.456797 1.946140 18.003081
3.380800 -0.036949 -1.278758 12.574154 1.456798 1.946146 18.003100
3.383600 -0.036976 -1.278756 12.574038 1.456799 1.946154 18.003119
3.386300 -0.037003 -1.278753 12.573925 1.456800 1.946160 18.003138
3.389000 -0.037029 -1.278751 12.573812 1.456801 1.946167 18.003156
3.391800 -0.037056 -1.278749 12.573694 1.456801 1.946174 18.003174
3.394500 -0.037082 -1.278747 12.573580 1.456802 1.946181 18.003191
3.397300 -0.037110 -1.278744 12.573461 1.456803 1.946187 18.003208
3.400000 -0.037136 -1.278741 12.573346 1.456804 1.946194 18.003224
3.402700 -0.037162 -1.278739 12.573231 1.456805 1.946200 18.003240
3.405500 -0.037189 -1.278736 12.573111 1.456805 1.946206 18.003256
3.408200 -0.037215 -1.278733 12.572994 1.456806 1.946213 18.003271
3.411000 -0.037242 -1.278730 12.572873 1.456807 1.946219 18.003286
3.413700 -0.037268 -1.278727 12.572756 1.456807 1.946225 18.003301
3.416400 -0.037294 -1.278724 12.572639 1.456808 1.946231 18.003314
3.419200 -0.037321 -1.278721 12.572516 1.456809 1.946237 18.003328
3.421900 -0.037347 -1.278717 12.572398 1.456809 1.946243 18.003341
3.424700 -0.037374 -1.278714 12.572275 1.456810 1.946249 18.003354
3.427400 -0.037400 -1.278710 12.572155 1.456810 1.946254 18.003367
3.430100 -0.037426 -1.278707 12.572036 1.456811 1.946260 18.003378
3.432900 -0.037452 -1.278703 12.571911 1.456811 1.946266 18.003390
3.435600 -0.037478 -1.278699 12.571791 1.456811 1.946271 18.003401
3.438400 -0.037505 -1.278695 12.571666 1.456812 1.946277 18.003413
3.441100 -0.037531 -1.278691 12.571544 1.456812 1.946282 18.003423
3.443800 -0.037556 -1.278687 12.571423 1.456812 1.946287 18.003433
3.446600 -0.037583 -1.278683 12.571296 1.456813 1.946292 18.003443
3.449300 -0.037609 -1.278679 12.571174 1.456813 1.946297 18.003452
3.452100 -0.037635 -1.278674 12.571047 1.456813 1.946303 18.003461
3.454800 -0.037661 -1.278670 12.570924 1.456813 1.946308 18.003470
3.457500 -0.037686 -1.278665 12.570800 1.456813 1.946312 18.003478
3.460300 -0.037713 -1.278661 12.570672 1.456813 1.946317 18.003486
3.463000 -0.037738 -1.278656 12.570547 1.456813 1.946322 18.003494
3.465800 -0.037765 -1.278651 12.570418 1.456813 1.946327 18.003501
3.468500 -0.037790 -1.278646 12.570293 1.456814 1.946331 18.003508
3.471200 -0.037816 -1.278641 12.570168 1.456813 1.946336 18.003515
3.474000 -0.037842 -1.278636 12.570038 1.456813 1.946341 18.003521
3.476700 -0.037867 -1.278631 12.569912 1.456813 1.946345 18.003527
3.479500 -0.037894 -1.278626 12.569781 1.456813 1.946349 18.003532
3.482200 -0.037919 -1.278621 12.569654 1.456813 1.946354 18.003538
3.484900 -0.037944 -1.278615 12.569527 1.456813 1.946358 18.003543
3.487700 -0.037970 -1.278610 12.569395 1.456813 1.946362 18.003547
3.490400 -0.037996 -1.278604 12.569267 1.456813 1.946366 18.003551
3.493200 -0.038022 -1.278598 12.569135 1.456812 1.946370 18.003555
3.495900 -0.038047 -1.278593 12.569006 1.456812 1.946374 18.003559
3.498600 -0.038072 -1.278587 12.568878 1.456812 1.946378 18.003562
3.501400 -0.038098 -1.278581 12.568744 1.456811 1.946382 18.003565
3.504100 -0.038123 -1.278575 12.568615 1.456811 1.946386 18.003568
3.506900 -0.038149 -1.278569 12.568480 1.456811 1.946390 18.003571
3.509600 -0.038174 -1.278563 12.568351 1.456810 1.946393 18.003573
3.512300 -0.038199 -1.278557 12.568220 1.456810 1.946397 18.003574
3.515100 -0.038225 -1.278550 12.568085 1.456809 1.946401 18.003576
3.517800 -0.038250 -1.278544 12.567954 1.456809 1.946404 18.003577
3.520600 -0.038276 -1.278538 12.567818 1.456808 1.946408 18.003578
3.523300 -0.038301 -1.278531 12.567687 1.456808 1.946411 18.003579
3.526000 -0.038326 -1.278525 12.567555 1.456807 1.946414 18.003579
3.528800 -0.038351 -1.278518 12.567418 1.456807 1.946417 18.003579
3.531500 -0.038376 -1.278511 12.567286 1.456806 1.946421 18.003579
3.534300 -0.038402 -1.278504 12.567149 1.456805 1.946424 18.003579
3.537000 -0.038427 -1.278497 12.567016 1.456805 1.946427 18.003578
3.539700 -0.038451 -1.278490 12.566883 1.456804 1.946430 18.003577
3.542500 -0.038477 -1.278483 12.566745 1.456803 1.946433 18.003576
3.545200 -0.038502 -1.278476 12.566611 1.456803 1.946436 18.003574
3.547900 -0.038526 -1.278469 12.566477 1.456802 1.946438 18.003572
3.550700 -0.038552 -1.278462 12.566338 1.456801 1.946441 18.003570
3.553400 -0.038576 -1.278454 12.566204 1.456800 1.946444 18.003568
3.556200 -0.038602 -1.278447 12.566064 1.456799 1.946447 18.003565
3.558900 -0.038626 -1.278439 12.565929 1.456798 1.946449 18.003563
3.561600 -0.038651 -1.278432 12.565794 1.456798 1.946452 18.003560
3.564400 -0.038676 -1.278424 12.565654 1.456797 1.946454 18.003556
3.567100 -0.038701 -1.278416 12.565518 1.456796 1.946457 18.003553
3.569900 -0.038726 -1.278408 12.565377 1.456795 1.946459 18.003549
3.572600 -0.038750 -1.278400 12.565241 1.456794 1.946462 18.003545
3.575300 -0.038775 -1.278393 12.565105 1.456793 1.946464 18.003541
3.578100 -0.038800 -1.278384 12.564963 1.456792 1.946466 18.003536
3.580800 -0.038824 -1.278376 12.564827 1.456791 1.946468 18.003532
3.583600 -0.038849 -1.278368 12.564685 1.456789 1.946471 18.003527
3.586300 -0.038874 -1.278360 12.564547 1.456788 1.946473 18.003522
3.589000 -0.038898 -1.278352 12.564410 1.456787 1.946475 18.003516
3.591800 -0.038923 -1.278343 12.564267 1.456786 1.946477 18.003511
3.594500 -0.038947 -1.278335 12.564129 1.456785 1.946479 18.003505
3.597300 -0.038972 -1.278326 12.563986 1.456784 1.946481 18.003499
3.600000 -0.038996 -1.278318 12.563848 1.456782 1.946482 18.003493
3.602700 -0.039020 -1.278309 12.563709 1.456781 1.946484 18.003486
3.605500 -0.039045 -1.278300 12.563565 1.456780 1.946486 18.003479
3.608200 -0.039069 -1.278291 12.563426 1.456778 1.946488 18.003473
3.611000 -0.039094 -1.278282 12.563282 1.456777 1.946489 18.003465
3.613700 -0.039118 -1.278273 12.563143 1.456776 1.946491 18.003458
3.616400 -0.039142 -1.278265 12.563003 1.456774 1.946492 18.003451
3.619200 -0.039167 -1.278255 12.562858 1.456773 1.946494 18.003443
3.621900 -0.039191 -1.278246 12.562719 1.456772 1.946495 18.003436
3.624700 -0.039216 -1.278237 12.562573 1.456770 1.946497 18.003427
3.627400 -0.039240 -1.278228 12.562433 1.456769 1.946498 18.003419
3.630100 -0.039263 -1.278218 12.562293 1.456767 1.946499 18.003411
3.632900 -0.039288 -1.278209 12.562147 1.456766 1.946501 18.003402
3.635600 -0.039312 -1.278199 12.562006 1.456764 1.946502 18.003394
3.638400 -0.039336 -1.278190 12.561860 1.456762 1.946503 18.003385
3.641100 -0.039360 -1.278180 12.561719 1.456761 1.946504 18.003376
3.654800 -0.039480 -1.278131 12.561000 1.456753 1.946509 18.003328
3.657500 -0.039504 -1.278121 12.560858 1.456751 1.946510 18.003318
3.660300 -0.039528 -1.278111 12.560711 1.456749 1.946511 18.003307
3.663000 -0.039551 -1.278101 12.560568 1.456748 1.946512 18.003297
3.665800 -0.039576 -1.278091 12.560421 1.456746 1.946513 18.003286
3.668500 -0.039599 -1.278080 12.560278 1.456744 1.946513 18.003276
3.671200 -0.039623 -1.278070 12.560135 1.456742 1.946514 18.003265
3.674000 -0.039647 -1.278060 12.559987 1.456740 1.946515 18.003254
3.676700 -0.039670 -1.278049 12.559844 1.456738 1.946515 18.003243
3.679500 -0.039694 -1.278039 12.559695 1.456737 1.946516 18.003232
3.682200 -0.039718 -1.278028 12.559552 1.456735 1.946516 18.003220
3.684900 -0.039741 -1.278018 12.559408 1.456733 1.946517 18.003209
3.687700 -0.039765 -1.278007 12.559260 1.456731 1.946517 18.003197
3.690400 -0.039788 -1.277996 12.559116 1.456729 1.946518 18.003186
3.693200 -0.039812 -1.277985 12.558967 1.456727 1.946518 18.003173
3.695900 -0.039836 -1.277974 12.558823 1.456725 1.946518 18.003162
3.698600 -0.039859 -1.277964 12.558679 1.456723 1.946519 18.003150
3.701400 -0.039883 -1.277952 12.558529 1.456721 1.946519 18.003137
3.704100 -0.039906 -1.277942 12.558385 1.456719 1.946519 18.003125
3.706900 -0.039930 -1.277930 12.558235 1.456717 1.946519 18.003112
3.709600 -0.039953 -1.277919 12.558091 1.456715 1.946519 18.003100
3.712300 -0.039976 -1.277908 12.557946 1.456712 1.946519 18.003087
3.715100 -0.040000 -1.277897 12.557796 1.456710 1.946519 18.003074
3.717800 -0.040023 -1.277886 12.557651 1.456708 1.946519 18.003061
3.720600 -0.040046 -1.277874 12.557501 1.456706 1.946519 18.003048
3.726000 -0.040092 -1.277851 12.557211 1.456702 1.946519 18.003022
3.728800 -0.040116 -1.277839 12.557060 1.456699 1.946519 18.003008
3.731500 -0.040139 -1.277828 12.556915 1.456697 1.946519 18.002995
3.734300 -0.040162 -1.277816 12.556764 1.456695 1.946519 18.002981
3.737000 -0.040185 -1.277805 12.556619 1.456693 1.946519 18.002968
3.739700 -0.040208 -1.277793 12.556473 1.456690 1.946518 18.002954
3.742500 -0.040231 -1.277781 12.556322 1.456688 1.946518 18.002940
3.745200 -0.040254 -1.277769 12.556177 1.456686 1.946518 18.002926
3.747900 -0.040277 -1.277757 12.556031 1.456683 1.946518 18.002913
3.750700 -0.040300 -1.277745 12.555880 1.456681 1.946517 18.002898
3.753400 -0.040323 -1.277733 12.555734 1.456679 1.946517 18.002884
3.756200 -0.040346 -1.277721 12.555582 1.456676 1.946516 18.002870
3.758900 -0.040369 -1.277709 12.555436 1.456674 1.946516 18.002856
3.761600 -0.040391 -1.277697 12.555290 1.456671 1.946515 18.002841
3.764400 -0.040415 -1.277684 12.555139 1.456669 1.946515 18.002827
3.767100 -0.040437 -1.277672 12.554993 1.456666 1.946514 18.002812
3.769900 -0.040461 -1.277660 12.554841 1.456664 1.946514 18.002798
3.772600 -0.040483 -1.277647 12.554695 1.456661 1.946513 18.002783
3.775300 -0.040505 -1.277635 12.554548 1.456659 1.946512 18.002769
3.778100 -0.040529 -1.277622 12.554396 1.456656 1.946512 18.002753
3.780800 -0.040551 -1.277610 12.554250 1.456654 1.946511 18.002739
3.783600 -0.040574 -1.277597 12.554098 1.456651 1.946510 18.002724
3.786300 -0.040596 -1.277585 12.553951 1.456649 1.946510 18.002709
3.789000 -0.040619 -1.277572 12.553805 1.456646 1.946509 18.002694
3.791800 -0.040642 -1.277559 12.553653 1.456643 1.946508 18.002679
3.794500 -0.040664 -1.277546 12.553506 1.456641 1.946507 18.002664
3.797300 -0.040687 -1.277533 12.553354 1.456638 1.946506 18.002648
3.800000 -0.040709 -1.277520 12.553207 1.456635 1.946505 18.002633
3.802700 -0.040731 -1.277508 12.553060 1.456633 1.946504 18.002618
3.805500 -0.040754 -1.277494 12.552908 1.456630 1.946503 18.002603
3.808200 -0.040777 -1.277482 12.552761 1.456627 1.946503 18.002588
3.811000 -0.040799 -1.277468 12.552609 1.456624 1.946502 18.002572
3.813700 -0.040821 -1.277455 12.552462 1.456622 1.946501 18.002557
3.816400 -0.040844 -1.277442 12.552315 1.456619 1.946499 18.002542
3.819200 -0.040866 -1.277429 12.552163 1.456616 1.946498 18.002526
3.821900 -0.040888 -1.277416 12.552016 1.456613 1.946497 18.002511
3.824700 -0.040911 -1.277402 12.551864 1.456610 1.946496 18.002495
3.827400 -0.040933 -1.277389 12.551717 1.456608 1.946495 18.002479
3.830100 -0.040955 -1.277375 12.551570 1.456605 1.946494 18.002464
3.832900 -0.040978 -1.277362 12.551417 1.456602 1.946493 18.002448
3.835600 -0.040999 -1.277348 12.551270 1.456599 1.946491 18.002433
3.838400 -0.041022 -1.277334 12.551118 1.456596 1.946490 18.002417
3.841100 -0.041044 -1.277321 12.550971 1.456593 1.946489 18.002401
3.843800 -0.041066 -1.277308 12.550824 1.456590 1.946488 18.002386
3.846600 -0.041088 -1.277294 12.550672 1.456587 1.946486 18.002370
3.849300 -0.041110 -1.277280 12.550525 1.456584 1.946485 18.002355
3.852100 -0.041132 -1.277266 12.550372 1.456581 1.946484 18.002339
3.854800 -0.041154 -1.277252 12.550225 1.456579 1.946482 18.002323
3.857500 -0.041176 -1.277239 12.550078 1.456576 1.946481 18.002308
3.860300 -0.041198 -1.277224 12.549926 1.456572 1.946480 18.002292
3.863000 -0.041220 -1.277211 12.549779 1.456569 1.946478 18.002276
3.865800 -0.041242 -1.277196 12.549627 1.456566 1.946477 18.002260
3.868500 -0.041264 -1.277182 12.549480 1.456563 1.946475 18.002245
3.871200 -0.041285 -1.277169 12.549333 1.456560 1.946474 18.002229
3.874000 -0.041308 -1.277154 12.549180 1.456557 1.946472 18.002213
3.879500 -0.041351 -1.277126 12.548881 1.456551 1.946469 18.002182
3.882200 -0.041373 -1.277112 12.548735 1.456548 1.946468 18.002166
3.884900 -0.041394 -1.277097 12.548588 1.456545 1.946466 18.002151
3.887700 -0.041416 -1.277083 12.548436 1.456542 1.946464 18.002135
3.890400 -0.041438 -1.277069 12.548289 1.456538 1.946463 18.002119
3.893200 -0.041460 -1.277054 12.548137 1.456535 1.946461 18.002104
3.895900 -0.041481 -1.277040 12.547990 1.456532 1.946460 18.002088
3.898600 -0.041502 -1.277025 12.547844 1.456529 1.946458 18.002073
3.901400 -0.041524 -1.277010 12.547692 1.456526 1.946456 18.002057
3.904100 -0.041546 -1.276996 12.547545 1.456522 1.946455 18.002042
3.906900 -0.041568 -1.276981 12.547393 1.456519 1.946453 18.002026
3.909600 -0.041589 -1.276967 12.547247 1.456516 1.946451 18.002011
3.912300 -0.041610 -1.276952 12.547100 1.456513 1.946449 18.001995
3.915100 -0.041632 -1.276937 12.546949 1.456509 1.946448 18.001980
3.917800 -0.041653 -1.276922 12.546802 1.456506 1.946446 18.001965
3.920600 -0.041675 -1.276907 12.546651 1.456503 1.946444 18.001949
3.923300 -0.041696 -1.276893 12.546504 1.456499 1.946442 18.001934
3.926000 -0.041717 -1.276878 12.546358 1.456496 1.946440 18.001919
3.928800 -0.041739 -1.276863 12.546207 1.456493 1.946439 18.001903
3.931500 -0.041760 -1.276848 12.546061 1.456489 1.946437 18.001888
3.934300 -0.041781 -1.276833 12.545909 1.456486 1.946435 18.001873
3.937000 -0.041802 -1.276818 12.545764 1.456483 1.946433 18.001858
3.939700 -0.041823 -1.276803 12.545618 1.456479 1.946431 18.001843
3.942500 -0.041845 -1.276787 12.545467 1.456476 1.946429 18.001828
3.945200 -0.041866 -1.276773 12.545321 1.456473 1.946427 18.001813
3.947900 -0.041886 -1.276758 12.545175 1.456469 1.946425 18.001798
3.950700 -0.041908 -1.276742 12.545024 1.456466 1.946424 18.001783
3.953400 -0.041929 -1.276727 12.544879 1.456462 1.946422 18.001769
3.956200 -0.041950 -1.276711 12.544728 1.456459 1.946420 18.001754
3.958900 -0.041971 -1.276696 12.544583 1.456455 1.946418 18.001739
3.961600 -0.041992 -1.276681 12.544437 1.456452 1.946416 18.001725
3.964400 -0.042013 -1.276665 12.544287 1.456448 1.946414 18.001710
3.967100 -0.042034 -1.276650 12.544142 1.456445 1.946412 18.001696
3.969900 -0.042055 -1.276634 12.543991 1.456441 1.946410 18.001681
3.972600 -0.042076 -1.276619 12.543846 1.456438 1.946408 18.001667
3.975300 -0.042097 -1.276604 12.543701 1.456434 1.946406 18.001653
3.978100 -0.042118 -1.276588 12.543551 1.456431 1.946404 18.001638
3.980800 -0.042138 -1.276572 12.543406 1.456427 1.946402 18.001624
3.983600 -0.042160 -1.276556 12.543257 1.456424 1.946399 18.001610
3.986300 -0.042180 -1.276541 12.543112 1.456420 1.946397 18.001596
3.989000 -0.042201 -1.276525 12.542968 1.456416 1.946395 18.001582
3.991800 -0.042222 -1.276509 12.542818 1.456413 1.946393 18.001568
3.994500 -0.042242 -1.276494 12.542674 1.456409 1.946391 18.001555
3.997300 -0.042263 -1.276478 12.542524 1.456405 1.946389 18.001541
4.000000 -0.042284 -1.276462 12.542380 1.456402 1.946387 18.001527
4.002700 -0.042304 -1.276446 12.542236 1.456398 1.946385 18.001514
4.005500 -0.042325 -1.276430 12.542087 1.456395 1.946383 18.001500
4.008200 -0.042346 -1.276414 12.541943 1.456391 1.946380 18.001487
4.011000 -0.042367 -1.276398 12.541794 1.456387 1.946378 18.001473
4.013700 -0.042387 -1.276382 12.541651 1.456384 1.946376 18.001460
4.016400 -0.042407 -1.276366 12.541507 1.456380 1.946374 18.001448
4.019200 -0.042428 -1.276350 12.541359 1.456376 1.946372 18.001434
4.021900 -0.042448 -1.276334 12.541216 1.456372 1.946370 18.001422
4.024700 -0.042469 -1.276318 12.541067 1.456369 1.946367 18.001408
4.027400 -0.042489 -1.276302 12.540924 1.456365 1.946365 18.001396
4.030100 -0.042509 -1.276286 12.540781 1.456361 1.946363 18.001383
4.032900 -0.042530 -1.276269 12.540633 1.456357 1.946361 18.001371
4.035600 -0.042550 -1.276253 12.540491 1.456354 1.946359 18.001358
4.038400 -0.042571 -1.276237 12.540343 1.456350 1.946356 18.001346
4.041100 -0.042591 -1.276221 12.540200 1.456346 1.946354 18.001334
4.043800 -0.042611 -1.276204 12.540058 1.456342 1.946352 18.001322
4.046600 -0.042632 -1.276188 12.539911 1.456339 1.946350 18.001310
4.049300 -0.042652 -1.276172 12.539769 1.456335 1.946348 18.001298
4.052100 -0.042672 -1.276155 12.539622 1.456331 1.946345 18.001286
4.054800 -0.042692 -1.276139 12.539480 1.456327 1.946343 18.001274
4.057500 -0.042712 -1.276122 12.539338 1.456323 1.946341 18.001263
4.060300 -0.042733 -1.276106 12.539191 1.456319 1.946339 18.001251
4.063000 -0.042752 -1.276089 12.539050 1.456316 1.946336 18.001240
4.065800 -0.042773 -1.276072 12.538904 1.456312 1.946334 18.001229
4.068500 -0.042793 -1.276056 12.538763 1.456308 1.946332 18.001218
4.071200 -0.042813 -1.276040 12.538622 1.456304 1.946330 18.001207
4.074000 -0.042833 -1.276023 12.538475 1.456300 1.946327 18.001196
4.076700 -0.042853 -1.276006 12.538335 1.456296 1.946325 18.001185
4.079500 -0.042873 -1.275989 12.538189 1.456292 1.946323 18.001174
4.082200 -0.042893 -1.275973 12.538049 1.456288 1.946321 18.001164
4.084900 -0.042912 -1.275956 12.537908 1.456284 1.946318 18.001154
4.087700 -0.042933 -1.275939 12.537763 1.456280 1.946316 18.001143
4.090400 -0.042952 -1.275923 12.537623 1.456277 1.946314 18.001133
4.093200 -0.042973 -1.275905 12.537478 1.456273 1.946312 18.001123
4.095900 -0.042992 -1.275889 12.537338 1.456269 1.946309 18.001113
4.101400 -0.043032 -1.275855 12.537054 1.456261 1.946305 18.001094
4.104100 -0.043051 -1.275838 12.536915 1.456257 1.946303 18.001084
4.106900 -0.043072 -1.275821 12.536771 1.456253 1.946300 18.001075
4.109600 -0.043091 -1.275804 12.536632 1.456249 1.946298 18.001066
4.112300 -0.043110 -1.275787 12.536493 1.456245 1.946296 18.001057
4.115100 -0.043130 -1.275770 12.536349 1.456241 1.946294 18.001048
4.117800 -0.043150 -1.275753 12.536211 1.456237 1.946291 18.001039
4.120600 -0.043170 -1.275736 12.536068 1.456233 1.946289 18.001030
4.123300 -0.043189 -1.275719 12.535929 1.456229 1.946287 18.001022
4.126000 -0.043209 -1.275702 12.535791 1.456225 1.946285 18.001014
4.128800 -0.043228 -1.275685 12.535649 1.456220 1.946282 18.001005
4.131500 -0.043248 -1.275668 12.535511 1.456216 1.946280 18.000997
4.134300 -0.043268 -1.275650 12.535368 1.456212 1.946278 18.000989
4.137000 -0.043287 -1.275633 12.535231 1.456208 1.946276 18.000982
4.139700 -0.043306 -1.275616 12.535094 1.456204 1.946273 18.000974
4.142500 -0.043326 -1.275599 12.534952 1.456200 1.946271 18.000967
4.145200 -0.043345 -1.275582 12.534815 1.456196 1.946269 18.000959
4.147900 -0.043364 -1.275564 12.534678 1.456192 1.946267 18.000952
4.153400 -0.043403 -1.275530 12.534401 1.456184 1.946262 18.000939
4.156200 -0.043423 -1.275512 12.534260 1.456180 1.946260 18.000932
4.158900 -0.043442 -1.275495 12.534124 1.456176 1.946258 18.000925
4.161600 -0.043461 -1.275478 12.533988 1.456171 1.946255 18.000919
4.164400 -0.043480 -1.275460 12.533847 1.456167 1.946253 18.000913
4.167100 -0.043499 -1.275443 12.533712 1.456163 1.946251 18.000907
4.169900 -0.043519 -1.275425 12.533572 1.456159 1.946249 18.000901
4.172600 -0.043538 -1.275408 12.533437 1.456155 1.946247 18.000895
4.175300 -0.043557 -1.275390 12.533302 1.456151 1.946244 18.000890
4.178100 -0.043576 -1.275372 12.533162 1.456146 1.946242 18.000884
4.180800 -0.043595 -1.275355 12.533028 1.456142 1.946240 18.000879
4.183600 -0.043615 -1.275337 12.532889 1.456138 1.946238 18.000874
4.186300 -0.043633 -1.275320 12.532754 1.456134 1.946236 18.000869
4.189000 -0.043652 -1.275303 12.532621 1.456130 1.946233 18.000865
4.191800 -0.043672 -1.275285 12.532482 1.456125 1.946231 18.000860
4.194500 -0.043690 -1.275267 12.532348 1.456121 1.946229 18.000856
4.197300 -0.043710 -1.275249 12.532210 1.456117 1.946227 18.000851
4.200000 -0.043728 -1.275232 12.532077 1.456113 1.946225 18.000848
4.202700 -0.043747 -1.275214 12.531944 1.456109 1.946223 18.000844
4.205500 -0.043766 -1.275196 12.531806 1.456104 1.946221 18.000840
4.208200 -0.043785 -1.275179 12.531674 1.456100 1.946218 18.000837
4.211000 -0.043804 -1.275161 12.531537 1.456096 1.946216 18.000833
4.213700 -0.043823 -1.275143 12.531405 1.456092 1.946214 18.000830
4.216400 -0.043841 -1.275126 12.531273 1.456087 1.946212 18.000828
4.219200 -0.043861 -1.275107 12.531136 1.456083 1.946210 18.000825
4.221900 -0.043879 -1.275090 12.531005 1.456079 1.946208 18.000822
4.224700 -0.043898 -1.275072 12.530868 1.456075 1.946206 18.000820
4.227400 -0.043917 -1.275054 12.530737 1.456070 1.946204 18.000818
4.230100 -0.043935 -1.275036 12.530606 1.456066 1.946202 18.000816
4.232900 -0.043954 -1.275018 12.530471 1.456062 1.946200 18.000814
4.235600 -0.043973 -1.275000 12.530340 1.456057 1.946198 18.000812
4.238400 -0.043992 -1.274982 12.530205 1.456053 1.946195 18.000811
4.241100 -0.044010 -1.274964 12.530075 1.456049 1.946193 18.000810
4.243800 -0.044028 -1.274947 12.529945 1.456045 1.946191 18.000809
4.246600 -0.044047 -1.274928 12.529811 1.456040 1.946189 18.000808
4.249300 -0.044065 -1.274911 12.529681 1.456036 1.946187 18.000807
4.252100 -0.044084 -1.274892 12.529547 1.456032 1.946185 18.000807
4.254800 -0.044103 -1.274875 12.529418 1.456027 1.946183 18.000807
4.257500 -0.044121 -1.274857 12.529290 1.456023 1.946181 18.000807
4.260300 -0.044140 -1.274838 12.529156 1.456019 1.946179 18.000807
4.263000 -0.044158 -1.274821 12.529028 1.456014 1.946178 18.000807
4.265800 -0.044177 -1.274802 12.528895 1.456010 1.946176 18.000808
4.268500 -0.044195 -1.274784 12.528767 1.456006 1.946174 18.000809
4.271200 -0.044213 -1.274766 12.528640 1.456001 1.946172 18.000810
4.274000 -0.044232 -1.274748 12.528507 1.455997 1.946170 18.000811
4.276700 -0.044250 -1.274730 12.528380 1.455992 1.946168 18.000813
4.279500 -0.044268 -1.274712 12.528249 1.455988 1.946166 18.000814
4.282200 -0.044286 -1.274694 12.528122 1.455984 1.946164 18.000816
4.284900 -0.044304 -1.274676 12.527995 1.455979 1.946162 18.000818
4.287700 -0.044323 -1.274657 12.527864 1.455975 1.946160 18.000820
4.290400 -0.044341 -1.274639 12.527738 1.455971 1.946159 18.000823
4.293200 -0.044360 -1.274621 12.527608 1.455966 1.946157 18.000826
4.295900 -0.044377 -1.274603 12.527482 1.455962 1.946155 18.000828
4.298600 -0.044395 -1.274585 12.527357 1.455957 1.946153 18.000831
4.306900 -0.044450 -1.274529 12.526973 1.455944 1.946148 18.000842
4.309600 -0.044468 -1.274511 12.526848 1.455940 1.946146 18.000846
4.312300 -0.044486 -1.274493 12.526724 1.455935 1.946144 18.000850
4.315100 -0.044504 -1.274475 12.526595 1.455931 1.946143 18.000855
4.317800 -0.044522 -1.274456 12.526472 1.455927 1.946141 18.000859
4.320600 -0.044540 -1.274438 12.526344 1.455922 1.946139 18.000864
4.323300 -0.044558 -1.274420 12.526220 1.455918 1.946137 18.000869
4.326000 -0.044575 -1.274402 12.526097 1.455913 1.946136 18.000875
4.328800 -0.044594 -1.274383 12.525970 1.455909 1.946134 18.000880
4.331500 -0.044611 -1.274365 12.525847 1.455904 1.946132 18.000886
4.334300 -0.044630 -1.274346 12.525721 1.455900 1.946131 18.000892
4.337000 -0.044647 -1.274328 12.525599 1.455895 1.946129 18.000898
4.339700 -0.044665 -1.274310 12.525477 1.455891 1.946128 18.000905
4.342500 -0.044683 -1.274291 12.525351 1.455886 1.946126 18.000912
4.345200 -0.044700 -1.274273 12.525229 1.455882 1.946124 18.000918
4.347900 -0.044718 -1.274254 12.525108 1.455878 1.946123 18.000925
4.350700 -0.044736 -1.274235 12.524983 1.455873 1.946121 18.000933
4.353400 -0.044753 -1.274217 12.524863 1.455869 1.946120 18.000941
4.356200 -0.044772 -1.274198 12.524738 1.455864 1.946118 18.000949
4.358900 -0.044789 -1.274180 12.524618 1.455860 1.946117 18.000957
4.361600 -0.044806 -1.274162 12.524498 1.455855 1.946115 18.000965
4.364400 -0.044824 -1.274143 12.524374 1.455851 1.946114 18.000974
4.367100 -0.044842 -1.274125 12.524255 1.455846 1.946112 18.000982
4.369900 -0.044860 -1.274106 12.524131 1.455842 1.946111 18.000991
4.372600 -0.044877 -1.274088 12.524013 1.455837 1.946110 18.001001
4.375300 -0.044894 -1.274069 12.523894 1.455833 1.946108 18.001010
4.378100 -0.044912 -1.274050 12.523771 1.455828 1.946107 18.001020
4.380800 -0.044929 -1.274032 12.523653 1.455824 1.946105 18.001030
4.383600 -0.044947 -1.274013 12.523531 1.455819 1.946104 18.001040
4.386300 -0.044964 -1.273995 12.523414 1.455815 1.946103 18.001051
4.389000 -0.044982 -1.273976 12.523297 1.455810 1.946101 18.001061
4.391800 -0.044999 -1.273957 12.523175 1.455806 1.946100 18.001073
4.394500 -0.045016 -1.273939 12.523059 1.455801 1.946099 18.001084
4.397300 -0.045034 -1.273920 12.522938 1.455797 1.946097 18.001095
4.400000 -0.045051 -1.273902 12.522822 1.455792 1.946096 18.001107
4.402700 -0.045068 -1.273883 12.522706 1.455788 1.946095 18.001119
4.405500 -0.045086 -1.273864 12.522586 1.455783 1.946094 18.001131
4.408200 -0.045103 -1.273846 12.522471 1.455779 1.946093 18.001144
4.411000 -0.045121 -1.273827 12.522351 1.455774 1.946091 18.001157
4.413700 -0.045138 -1.273808 12.522237 1.455770 1.946090 18.001170
4.416400 -0.045155 -1.273790 12.522122 1.455765 1.946089 18.001183
4.419200 -0.045172 -1.273771 12.522003 1.455761 1.946088 18.001196
4.421900 -0.045189 -1.273753 12.521889 1.455756 1.946087 18.001210
4.424700 -0.045207 -1.273734 12.521772 1.455751 1.946086 18.001224
4.427400 -0.045223 -1.273715 12.521658 1.455747 1.946085 18.001238
4.430100 -0.045240 -1.273697 12.521545 1.455743 1.946084 18.001253
4.432900 -0.045258 -1.273678 12.521428 1.455738 1.946083 18.001268
4.435600 -0.045275 -1.273659 12.521315 1.455733 1.946082 18.001283
4.438400 -0.045292 -1.273640 12.521199 1.455729 1.946081 18.001298
4.441100 -0.045309 -1.273622 12.521087 1.455724 1.946080 18.001314
4.443800 -0.045325 -1.273603 12.520975 1.455720 1.946079 18.001329
4.446600 -0.045343 -1.273584 12.520859 1.455715 1.946078 18.001346
4.449300 -0.045359 -1.273565 12.520748 1.455711 1.946077 18.001362
4.452100 -0.045377 -1.273546 12.520633 1.455706 1.946076 18.001379
4.454800 -0.045393 -1.273528 12.520522 1.455702 1.946075 18.001396
4.457500 -0.045410 -1.273509 12.520412 1.455697 1.946074 18.001413
4.460300 -0.045427 -1.273490 12.520297 1.455692 1.946074 18.001430
4.463000 -0.045444 -1.273472 12.520188 1.455688 1.946073 18.001448
4.465800 -0.045461 -1.273452 12.520074 1.455683 1.946072 18.001466
4.468500 -0.045478 -1.273434 12.519965 1.455679 1.946071 18.001484
4.471200 -0.045494 -1.273415 12.519856 1.455674 1.946070 18.001503
4.474000 -0.045511 -1.273396 12.519743 1.455670 1.946070 18.001522
4.476700 -0.045528 -1.273378 12.519635 1.455665 1.946069 18.001541
4.479500 -0.045545 -1.273359 12.519523 1.455660 1.946068 18.001560
4.482200 -0.045561 -1.273340 12.519415 1.455656 1.946068 18.001580
4.484900 -0.045578 -1.273321 12.519307 1.455651 1.946067 18.001599
4.487700 -0.045595 -1.273302 12.519196 1.455647 1.946066 18.001620
4.490400 -0.045611 -1.273284 12.519089 1.455642 1.946066 18.001640
4.493200 -0.045628 -1.273265 12.518978 1.455638 1.946065 18.001661
4.495900 -0.045645 -1.273246 12.518872 1.455633 1.946065 18.001682
4.498600 -0.045661 -1.273227 12.518766 1.455629 1.946064 18.001703
4.501400 -0.045678 -1.273208 12.518656 1.455624 1.946064 18.001725
4.504100 -0.045694 -1.273190 12.518551 1.455619 1.946063 18.001746
4.506900 -0.045711 -1.273170 12.518441 1.455615 1.946063 18.001769
4.509600 -0.045727 -1.273152 12.518337 1.455610 1.946062 18.001791
4.512300 -0.045743 -1.273133 12.518232 1.455606 1.946062 18.001813
4.515100 -0.045760 -1.273114 12.518124 1.455601 1.946062 18.001837
4.517800 -0.045776 -1.273095 12.518020 1.455597 1.946061 18.001860
4.520600 -0.045793 -1.273076 12.517912 1.455592 1.946061 18.001884
4.523300 -0.045809 -1.273058 12.517809 1.455587 1.946060 18.001907
4.526000 -0.045826 -1.273039 12.517706 1.455583 1.946060 18.001931
4.528800 -0.045842 -1.273020 12.517599 1.455578 1.946060 18.001956
4.531500 -0.045858 -1.273001 12.517496 1.455574 1.946060 18.001980
4.534300 -0.045875 -1.272982 12.517390 1.455569 1.946059 18.002006
4.537000 -0.045891 -1.272963 12.517288 1.455565 1.946059 18.002031
4.539700 -0.045907 -1.272945 12.517187 1.455560 1.946059 18.002056
4.542500 -0.045924 -1.272926 12.517082 1.455555 1.946059 18.002082
4.545200 -0.045940 -1.272907 12.516981 1.455551 1.946059 18.002108
4.547900 -0.045956 -1.272888 12.516880 1.455546 1.946059 18.002134
4.550700 -0.045972 -1.272869 12.516776 1.455542 1.946059 18.002161
4.553400 -0.045988 -1.272850 12.516676 1.455537 1.946059 18.002188
4.556200 -0.046005 -1.272831 12.516572 1.455532 1.946059 18.002216
4.558900 -0.046020 -1.272813 12.516473 1.455528 1.946059 18.002243
4.561600 -0.046036 -1.272794 12.516373 1.455523 1.946059 18.002270
4.564400 -0.046053 -1.272775 12.516271 1.455519 1.946059 18.002299
4.567100 -0.046069 -1.272756 12.516172 1.455514 1.946059 18.002327
4.569900 -0.046085 -1.272737 12.516070 1.455510 1.946059 18.002356
4.572600 -0.046101 -1.272718 12.515972 1.455505 1.946059 18.002385
4.575300 -0.046117 -1.272700 12.515875 1.455500 1.946059 18.002414
4.580800 -0.046149 -1.272662 12.515677 1.455491 1.946059 18.002474
4.589000 -0.046196 -1.272605 12.515384 1.455478 1.946060 18.002565
4.591800 -0.046213 -1.272586 12.515285 1.455473 1.946060 18.002597
4.597300 -0.046244 -1.272548 12.515090 1.455464 1.946061 18.002660
4.600000 -0.046260 -1.272530 12.514996 1.455459 1.946062 18.002692
4.602700 -0.046275 -1.272511 12.514901 1.455455 1.946062 18.002724
4.605500 -0.046292 -1.272492 12.514803 1.455450 1.946062 18.002757
4.608200 -0.046307 -1.272473 12.514709 1.455446 1.946063 18.002790
4.611000 -0.046323 -1.272454 12.514612 1.455441 1.946063 18.002824
4.613700 -0.046339 -1.272435 12.514519 1.455436 1.946064 18.002857
4.616400 -0.046354 -1.272417 12.514426 1.455432 1.946064 18.002890
4.619200 -0.046370 -1.272397 12.514330 1.455427 1.946065 18.002925
4.621900 -0.046386 -1.272379 12.514238 1.455423 1.946066 18.002959
4.624700 -0.046402 -1.272360 12.514143 1.455418 1.946066 18.002994
4.627400 -0.046417 -1.272341 12.514051 1.455414 1.946067 18.003029
4.630100 -0.046432 -1.272322 12.513960 1.455409 1.946067 18.003064
4.632900 -0.046448 -1.272303 12.513865 1.455404 1.946068 18.003100
4.635600 -0.046464 -1.272285 12.513774 1.455400 1.946069 18.003136
4.638400 -0.046480 -1.272265 12.513681 1.455395 1.946070 18.003173
4.641100 -0.046495 -1.272247 12.513591 1.455391 1.946070 18.003209
4.643800 -0.046510 -1.272228 12.513501 1.455386 1.946071 18.003246
4.646600 -0.046526 -1.272209 12.513408 1.455382 1.946072 18.003284
4.649300 -0.046541 -1.272190 12.513319 1.455377 1.946073 18.003321
4.652100 -0.046557 -1.272171 12.513227 1.455372 1.946074 18.003360
4.654800 -0.046572 -1.272153 12.513139 1.455368 1.946075 18.003397
4.657500 -0.046587 -1.272134 12.513051 1.455363 1.946076 18.003435
4.660300 -0.046603 -1.272115 12.512960 1.455359 1.946077 18.003475
4.663000 -0.046618 -1.272096 12.512872 1.455354 1.946078 18.003514
4.665800 -0.046634 -1.272077 12.512782 1.455350 1.946079 18.003554
4.668500 -0.046649 -1.272059 12.512695 1.455345 1.946080 18.003593
4.671200 -0.046664 -1.272040 12.512609 1.455341 1.946081 18.003633
4.674000 -0.046680 -1.272021 12.512519 1.455336 1.946082 18.003674
4.676700 -0.046695 -1.272002 12.512434 1.455331 1.946083 18.003714
4.679500 -0.046710 -1.271983 12.512345 1.455327 1.946085 18.003756
4.682200 -0.046725 -1.271964 12.512260 1.455322 1.946086 18.003797
4.684900 -0.046740 -1.271946 12.512175 1.455318 1.946087 18.003838
4.687700 -0.046756 -1.271927 12.512087 1.455313 1.946088 18.003881
4.690400 -0.046771 -1.271908 12.512003 1.455309 1.946090 18.003923
4.693200 -0.046786 -1.271889 12.511916 1.455304 1.946091 18.003967
4.695900 -0.046801 -1.271871 12.511833 1.455300 1.946092 18.004009
4.698600 -0.046816 -1.271852 12.511750 1.455295 1.946094 18.004052
4.701400 -0.046831 -1.271833 12.511664 1.455291 1.946095 18.004096
4.704100 -0.046846 -1.271814 12.511581 1.455286 1.946097 18.004140
4.706900 -0.046862 -1.271795 12.511496 1.455281 1.946098 18.004185
4.709600 -0.046876 -1.271777 12.511414 1.455277 1.946100 18.004229
4.712300 -0.046891 -1.271758 12.511333 1.455273 1.946101 18.004273
4.715100 -0.046907 -1.271739 12.511249 1.455268 1.946103 18.004320
4.717800 -0.046921 -1.271721 12.511168 1.455263 1.946104 18.004365
4.720600 -0.046937 -1.271702 12.511085 1.455259 1.946106 18.004412
4.723300 -0.046951 -1.271683 12.511004 1.455254 1.946108 18.004457
4.726000 -0.046966 -1.271665 12.510925 1.455250 1.946109 18.004503
4.728800 -0.046981 -1.271646 12.510842 1.455245 1.946111 18.004551
4.731500 -0.046996 -1.271627 12.510763 1.455241 1.946113 18.004598
4.734300 -0.047011 -1.271608 12.510682 1.455236 1.946115 18.004646
4.737000 -0.047026 -1.271590 12.510603 1.455232 1.946117 18.004694
4.739700 -0.047040 -1.271571 12.510525 1.455227 1.946118 18.004741
4.742500 -0.047055 -1.271552 12.510444 1.455223 1.946120 18.004791
4.745200 -0.047070 -1.271534 12.510367 1.455218 1.946122 18.004839
4.747900 -0.047085 -1.271515 12.510290 1.455214 1.946124 18.004888
4.750700 -0.047100 -1.271496 12.510210 1.455209 1.946126 18.004938
4.753400 -0.047114 -1.271478 12.510134 1.455205 1.946128 18.004987
4.756200 -0.047129 -1.271459 12.510055 1.455200 1.946130 18.005039
4.758900 -0.047144 -1.271440 12.509980 1.455196 1.946132 18.005089
4.764400 -0.047173 -1.271403 12.509826 1.455187 1.946137 18.005191
4.767100 -0.047187 -1.271385 12.509752 1.455182 1.946139 18.005242
4.769900 -0.047202 -1.271366 12.509675 1.455178 1.946141 18.005295
4.772600 -0.047217 -1.271347 12.509601 1.455173 1.946143 18.005347
4.775300 -0.047231 -1.271329 12.509527 1.455169 1.946145 18.005399
4.778100 -0.047246 -1.271310 12.509451 1.455164 1.946148 18.005453
4.780800 -0.047260 -1.271291 12.509378 1.455160 1.946150 18.005505
4.783600 -0.047275 -1.271272 12.509303 1.455155 1.946153 18.005560
4.786300 -0.047289 -1.271254 12.509231 1.455151 1.946155 18.005613
4.789000 -0.047304 -1.271236 12.509159 1.455147 1.946157 18.005667
4.791800 -0.047318 -1.271217 12.509085 1.455142 1.946160 18.005723
4.794500 -0.047333 -1.271199 12.509014 1.455138 1.946162 18.005777
4.797300 -0.047347 -1.271180 12.508940 1.455133 1.946165 18.005833
4.800000 -0.047362 -1.271161 12.508870 1.455129 1.946167 18.005888
4.802700 -0.047376 -1.271143 12.508800 1.455124 1.946170 18.005943
4.805500 -0.047390 -1.271124 12.508727 1.455120 1.946173 18.006001
4.808200 -0.047405 -1.271106 12.508658 1.455115 1.946175 18.006057
4.811000 -0.047419 -1.271087 12.508586 1.455111 1.946178 18.006115
4.813700 -0.047433 -1.271069 12.508517 1.455106 1.946181 18.006172
4.816400 -0.047447 -1.271051 12.508449 1.455102 1.946184 18.006229
4.819200 -0.047462 -1.271032 12.508379 1.455098 1.946186 18.006288
4.821900 -0.047476 -1.271013 12.508311 1.455093 1.946189 18.006346
4.824700 -0.047491 -1.270995 12.508241 1.455089 1.946192 18.006406
