# time (yr) north(m) east(m) up(m) northsigma(m) eastsigma(m) upsigma(m)
0.000000 0.000000 0.000000 0.000000 0.001752 0.000658 0.001072
0.002700 0.000059 0.000004 0.000011 0.001778 0.000658 0.001073
0.005500 0.000120 0.000008 0.000023 0.001835 0.000658 0.001074
0.008200 0.000178 0.000011 0.000034 0.001899 0.000658 0.001076
0.011000 0.000238 0.000014 0.000045 0.001963 0.000658 0.001080
0.013700 0.000295 0.000016 0.000057 0.002020 0.000658 0.001083
0.019200 0.000410 0.000021 0.000079 0.002115 0.000659 0.001093
0.021900 0.000465 0.000023 0.000091 0.002152 0.000659 0.001099
0.024700 0.000523 0.000025 0.000102 0.002185 0.000659 0.001105
0.027400 0.000578 0.000026 0.000114 0.002212 0.000659 0.001111
0.030100 0.000633 0.000028 0.000125 0.002235 0.000659 0.001117
0.032900 0.000689 0.000030 0.000137 0.002256 0.000660 0.001124
0.035600 0.000743 0.000031 0.000148 0.002273 0.000660 0.001130
0.038400 0.000799 0.000032 0.000160 0.002289 0.000660 0.001137
0.049300 0.001013 0.000036 0.000206 0.002336 0.000661 0.001166
0.052100 0.001068 0.000037 0.000217 0.002345 0.000661 0.001174
0.054800 0.001120 0.000038 0.000229 0.002354 0.000661 0.001181
0.057500 0.001172 0.000039 0.000240 0.002362 0.000662 0.001189
0.060300 0.001225 0.000040 0.000252 0.002369 0.000662 0.001197
0.063000 0.001276 0.000040 0.000264 0.002376 0.000662 0.001204
0.065800 0.001329 0.000041 0.000276 0.002383 0.000663 0.001212
0.068500 0.001380 0.000042 0.000287 0.002389 0.000663 0.001220
0.074000 0.001483 0.000043 0.000311 0.002402 0.000663 0.001236
0.076700 0.001533 0.000044 0.000323 0.002407 0.000664 0.001244
0.079500 0.001584 0.000044 0.000335 0.002413 0.000664 0.001252
0.082200 0.001634 0.000045 0.000346 0.002418 0.000665 0.001260
0.084900 0.001683 0.000045 0.000358 0.002424 0.000665 0.001268
0.087700 0.001734 0.000046 0.000370 0.002429 0.000665 0.001276
0.090400 0.001782 0.000046 0.000382 0.002434 0.000666 0.001284
0.093200 0.001833 0.000047 0.000394 0.002439 0.000666 0.001292
0.095900 0.001881 0.000047 0.000406 0.002444 0.000666 0.001300
0.101400 0.001978 0.000048 0.000429 0.002454 0.000667 0.001317
0.104100 0.002026 0.000049 0.000441 0.002458 0.000668 0.001325
0.106900 0.002074 0.000049 0.000453 0.002463 0.000668 0.001333
0.109600 0.002121 0.000050 0.000465 0.002467 0.000669 0.001341
0.112300 0.002168 0.000050 0.000477 0.002471 0.000669 0.001349
0.115100 0.002216 0.000051 0.000489 0.002475 0.000670 0.001358
0.117800 0.002262 0.000051 0.000501 0.002479 0.000670 0.001366
0.120600 0.002310 0.000052 0.000513 0.002483 0.000670 0.001374
0.123300 0.002355 0.000053 0.000525 0.002487 0.000671 0.001382
0.128800 0.002447 0.000054 0.000549 0.002494 0.000672 0.001398
0.131500 0.002492 0.000054 0.000561 0.002498 0.000672 0.001406
0.134300 0.002538 0.000055 0.000573 0.002501 0.000673 0.001415
0.137000 0.002583 0.000055 0.000585 0.002504 0.000674 0.001423
0.139700 0.002627 0.000056 0.000597 0.002507 0.000674 0.001430
0.142500 0.002672 0.000056 0.000610 0.002510 0.000675 0.001439
0.145200 0.002716 0.000057 0.000621 0.002512 0.000675 0.001446
0.147900 0.002759 0.000057 0.000633 0.002515 0.000676 0.001454
0.150700 0.002804 0.000058 0.000646 0.002517 0.000676 0.001462
0.156200 0.002891 0.000059 0.000670 0.002522 0.000678 0.001478
0.158900 0.002933 0.000060 0.000682 0.002523 0.000678 0.001485
0.161600 0.002975 0.000060 0.000694 0.002525 0.000679 0.001493
0.164400 0.003018 0.000061 0.000706 0.002527 0.000680 0.001501
0.167100 0.003060 0.000061 0.000718 0.002528 0.000680 0.001508
0.169900 0.003103 0.000062 0.000731 0.002530 0.000681 0.001516
0.172600 0.003144 0.000063 0.000743 0.002531 0.000681 0.001523
0.175300 0.003185 0.000063 0.000755 0.002532 0.000682 0.001530
0.178100 0.003227 0.000064 0.000767 0.002533 0.000683 0.001538
0.183600 0.003308 0.000065 0.000792 0.002535 0.000684 0.001552
0.186300 0.003348 0.000066 0.000804 0.002535 0.000685 0.001559
0.189000 0.003388 0.000067 0.000816 0.002536 0.000686 0.001566
0.191800 0.003429 0.000067 0.000828 0.002536 0.000686 0.001573
0.194500 0.003468 0.000068 0.000840 0.002536 0.000687 0.001580
0.197300 0.003508 0.000069 0.000853 0.002537 0.000688 0.001587
0.200000 0.003547 0.000070 0.000865 0.002537 0.000689 0.001594
0.202700 0.003585 0.000070 0.000877 0.002536 0.000689 0.001600
0.205500 0.003625 0.000071 0.000889 0.002536 0.000690 0.001607
0.211000 0.003702 0.000073 0.000914 0.002535 0.000692 0.001620
0.213700 0.003740 0.000073 0.000926 0.002535 0.000693 0.001626
0.216400 0.003777 0.000074 0.000938 0.002534 0.000693 0.001633
0.219200 0.003815 0.000075 0.000950 0.002534 0.000694 0.001639
0.221900 0.003852 0.000076 0.000963 0.002533 0.000695 0.001645
0.224700 0.003890 0.000077 0.000975 0.002532 0.000696 0.001651
0.227400 0.003926 0.000077 0.000987 0.002531 0.000697 0.001657
0.230100 0.003963 0.000078 0.000999 0.002530 0.000697 0.001663
0.232900 0.004000 0.000079 0.001012 0.002529 0.000698 0.001669
0.238400 0.004073 0.000081 0.001036 0.002526 0.000700 0.001681
0.241100 0.004108 0.000082 0.001048 0.002525 0.000701 0.001686
0.243800 0.004143 0.000083 0.001061 0.002524 0.000702 0.001692
0.246600 0.004179 0.000084 0.001073 0.002522 0.000703 0.001697
0.249300 0.004214 0.000084 0.001085 0.002521 0.000704 0.001702
0.252100 0.004249 0.000085 0.001098 0.002519 0.000705 0.001708
0.254800 0.004284 0.000086 0.001110 0.002518 0.000705 0.001713
0.257500 0.004318 0.000087 0.001122 0.002516 0.000706 0.001718
0.260300 0.004353 0.000088 0.001135 0.002514 0.000707 0.001723
0.265800 0.004421 0.000090 0.001159 0.002511 0.000709 0.001733
0.268500 0.004454 0.000091 0.001171 0.002509 0.000710 0.001738
0.271200 0.004487 0.000092 0.001184 0.002507 0.000711 0.001742
0.274000 0.004521 0.000093 0.001196 0.002505 0.000712 0.001747
0.276700 0.004554 0.000094 0.001208 0.002503 0.000713 0.001751
0.279500 0.004588 0.000095 0.001221 0.002501 0.000714 0.001756
0.282200 0.004620 0.000097 0.001233 0.002499 0.000715 0.001760
0.284900 0.004652 0.000098 0.001245 0.002497 0.000716 0.001764
0.287700 0.004685 0.000099 0.001258 0.002495 0.000717 0.001769
0.290400 0.004717 0.000100 0.001270 0.002493 0.000718 0.001773
0.293200 0.004749 0.000101 0.001282 0.002491 0.000719 0.001777
0.295900 0.004781 0.000102 0.001295 0.002489 0.000720 0.001781
0.298600 0.004812 0.000103 0.001307 0.002486 0.000721 0.001784
0.301400 0.004844 0.000104 0.001319 0.002484 0.000722 0.001788
0.304100 0.004874 0.000106 0.001331 0.002482 0.000723 0.001792
0.306900 0.004906 0.000107 0.001344 0.002480 0.000724 0.001796
0.309600 0.004936 0.000108 0.001356 0.002478 0.000725 0.001799
0.312300 0.004967 0.000109 0.001368 0.002476 0.000726 0.001803
0.315100 0.004998 0.000110 0.001381 0.002473 0.000727 0.001806
0.317800 0.005028 0.000112 0.001393 0.002471 0.000729 0.001809
0.320600 0.005058 0.000113 0.001406 0.002469 0.000730 0.001813
0.323300 0.005088 0.000114 0.001418 0.002467 0.000731 0.001816
0.326000 0.005117 0.000115 0.001430 0.002464 0.000732 0.001819
0.328800 0.005147 0.000117 0.001443 0.002462 0.000733 0.001822
0.331500 0.005176 0.000118 0.001455 0.002460 0.000734 0.001825
0.334300 0.005206 0.000119 0.001467 0.002458 0.000735 0.001827
0.337000 0.005235 0.000121 0.001480 0.002456 0.000736 0.001830
0.339700 0.005263 0.000122 0.001492 0.002453 0.000737 0.001833
0.342500 0.005292 0.000123 0.001504 0.002451 0.000738 0.001835
0.345200 0.005320 0.000125 0.001517 0.002449 0.000740 0.001838
0.347900 0.005348 0.000126 0.001529 0.002447 0.000741 0.001840
0.350700 0.005377 0.000127 0.001541 0.002445 0.000742 0.001843
0.353400 0.005405 0.000129 0.001554 0.002442 0.000743 0.001845
0.356200 0.005433 0.000130 0.001566 0.002440 0.000744 0.001847
0.358900 0.005461 0.000132 0.001578 0.002438 0.000745 0.001849
0.361600 0.005488 0.000133 0.001591 0.002436 0.000747 0.001852
0.364400 0.005516 0.000134 0.001603 0.002434 0.000748 0.001854
0.367100 0.005542 0.000136 0.001615 0.002432 0.000749 0.001856
0.369900 0.005570 0.000137 0.001628 0.002429 0.000750 0.001857
0.372600 0.005597 0.000139 0.001640 0.002427 0.000751 0.001859
0.375300 0.005623 0.000140 0.001652 0.002425 0.000752 0.001861
0.378100 0.005650 0.000142 0.001665 0.002423 0.000754 0.001863
0.380800 0.005676 0.000143 0.001677 0.002421 0.000755 0.001864
0.383600 0.005703 0.000145 0.001690 0.002419 0.000756 0.001866
0.386300 0.005729 0.000147 0.001702 0.002417 0.000757 0.001867
0.389000 0.005754 0.000148 0.001714 0.002415 0.000759 0.001869
0.391800 0.005781 0.000150 0.001727 0.002413 0.000760 0.001870
0.394500 0.005806 0.000151 0.001739 0.002411 0.000761 0.001871
0.397300 0.005832 0.000153 0.001752 0.002409 0.000762 0.001873
0.400000 0.005857 0.000154 0.001764 0.002407 0.000763 0.001874
0.402700 0.005882 0.000156 0.001776 0.002405 0.000765 0.001875
0.405500 0.005907 0.000158 0.001789 0.002403 0.000766 0.001876
0.408200 0.005932 0.000159 0.001801 0.002402 0.000767 0.001877
0.411000 0.005957 0.000161 0.001813 0.002400 0.000769 0.001878
0.413700 0.005982 0.000163 0.001826 0.002398 0.000770 0.001879
0.416400 0.006006 0.000164 0.001838 0.002396 0.000771 0.001879
0.419200 0.006031 0.000166 0.001850 0.002394 0.000772 0.001880
0.421900 0.006055 0.000168 0.001863 0.002393 0.000774 0.001881
0.424700 0.006079 0.000170 0.001875 0.002391 0.000775 0.001881
0.427400 0.006103 0.000171 0.001887 0.002389 0.000776 0.001882
0.430100 0.006126 0.000173 0.001900 0.002387 0.000777 0.001883
0.432900 0.006150 0.000175 0.001912 0.002386 0.000779 0.001883
0.435600 0.006174 0.000177 0.001924 0.002384 0.000780 0.001883
0.438400 0.006198 0.000179 0.001937 0.002382 0.000781 0.001884
0.441100 0.006220 0.000180 0.001949 0.002381 0.000783 0.001884
0.443800 0.006243 0.000182 0.001961 0.002379 0.000784 0.001884
0.446600 0.006267 0.000184 0.001974 0.002378 0.000785 0.001885
0.449300 0.006289 0.000186 0.001986 0.002376 0.000787 0.001885
0.452100 0.006313 0.000188 0.001999 0.002375 0.000788 0.001885
0.454800 0.006335 0.000190 0.002011 0.002373 0.000789 0.001885
0.457500 0.006357 0.000192 0.002023 0.002372 0.000791 0.001885
0.460300 0.006380 0.000193 0.002036 0.002370 0.000792 0.001885
0.463000 0.006402 0.000195 0.002048 0.002369 0.000793 0.001885
0.465800 0.006424 0.000197 0.002061 0.002367 0.000795 0.001885
0.468500 0.006446 0.000199 0.002073 0.002366 0.000796 0.001885
0.471200 0.006468 0.000201 0.002085 0.002365 0.000797 0.001885
0.474000 0.006490 0.000203 0.002098 0.002363 0.000799 0.001884
0.476700 0.006511 0.000205 0.002110 0.002362 0.000800 0.001884
0.479500 0.006533 0.000207 0.002122 0.002361 0.000801 0.001884
0.482200 0.006554 0.000209 0.002135 0.002360 0.000803 0.001883
0.484900 0.006575 0.000211 0.002147 0.002358 0.000804 0.001883
0.487700 0.006597 0.000213 0.002159 0.002357 0.000805 0.001883
0.490400 0.006617 0.000215 0.002172 0.002356 0.000807 0.001882
0.493200 0.006639 0.000217 0.002184 0.002355 0.000808 0.001882
0.495900 0.006659 0.000219 0.002196 0.002354 0.000810 0.001881
0.498600 0.006680 0.000222 0.002208 0.002353 0.000811 0.001880
0.501400 0.006701 0.000224 0.002221 0.002351 0.000812 0.001880
0.504100 0.006721 0.000226 0.002233 0.002350 0.000814 0.001879
0.506900 0.006742 0.000228 0.002246 0.002349 0.000815 0.001879
0.509600 0.006762 0.000230 0.002258 0.002348 0.000817 0.001878
0.512300 0.006781 0.000232 0.002270 0.002347 0.000818 0.001877
0.517800 0.006821 0.000237 0.002295 0.002345 0.000821 0.001876
0.520600 0.006842 0.000239 0.002308 0.002344 0.000822 0.001875
0.523300 0.006861 0.000241 0.002320 0.002344 0.000824 0.001874
0.526000 0.006880 0.000243 0.002332 0.002343 0.000825 0.001873
0.528800 0.006900 0.000245 0.002344 0.002342 0.000826 0.001872
0.531500 0.006919 0.000248 0.002357 0.002341 0.000828 0.001871
0.534300 0.006939 0.000250 0.002369 0.002340 0.000829 0.001870
0.537000 0.006958 0.000252 0.002381 0.002339 0.000831 0.001869
0.539700 0.006977 0.000254 0.002393 0.002339 0.000832 0.001868
0.542500 0.006996 0.000257 0.002406 0.002338 0.000834 0.001867
0.545200 0.007014 0.000259 0.002418 0.002337 0.000835 0.001866
0.547900 0.007033 0.000261 0.002430 0.002336 0.000836 0.001865
0.550700 0.007052 0.000264 0.002443 0.002336 0.000838 0.001864
0.553400 0.007070 0.000266 0.002455 0.002335 0.000839 0.001863
0.556200 0.007089 0.000268 0.002468 0.002334 0.000841 0.001862
0.558900 0.007107 0.000271 0.002480 0.002334 0.000842 0.001861
0.561600 0.007125 0.000273 0.002492 0.002333 0.000844 0.001860
0.564400 0.007144 0.000276 0.002504 0.002332 0.000845 0.001859
0.567100 0.007161 0.000278 0.002517 0.002332 0.000847 0.001858
0.569900 0.007180 0.000280 0.002529 0.002331 0.000848 0.001856
0.572600 0.007197 0.000283 0.002541 0.002331 0.000849 0.001855
0.575300 0.007215 0.000285 0.002553 0.002330 0.000851 0.001854
0.578100 0.007233 0.000288 0.002566 0.002330 0.000852 0.001853
0.580800 0.007250 0.000290 0.002578 0.002329 0.000854 0.001852
0.583600 0.007268 0.000293 0.002591 0.002329 0.000855 0.001850
0.586300 0.007285 0.000295 0.002603 0.002328 0.000857 0.001849
0.589000 0.007302 0.000298 0.002615 0.002328 0.000858 0.001848
0.591800 0.007319 0.000300 0.002627 0.002328 0.000860 0.001847
0.594500 0.007336 0.000303 0.002639 0.002327 0.000861 0.001846
0.605500 0.007404 0.000313 0.002689 0.002326 0.000867 0.001840
0.608200 0.007420 0.000316 0.002701 0.002325 0.000869 0.001839
0.611000 0.007437 0.000318 0.002713 0.002325 0.000870 0.001838
0.613700 0.007453 0.000321 0.002725 0.002325 0.000872 0.001837
0.616400 0.007469 0.000323 0.002738 0.002325 0.000873 0.001835
0.619200 0.007486 0.000326 0.002750 0.002324 0.000875 0.001834
0.621900 0.007502 0.000329 0.002762 0.002324 0.000876 0.001833
0.624700 0.007518 0.000332 0.002775 0.002324 0.000878 0.001832
0.627400 0.007534 0.000334 0.002787 0.002324 0.000879 0.001830
0.630100 0.007550 0.000337 0.002799 0.002324 0.000881 0.001829
0.632900 0.007566 0.000340 0.002811 0.002324 0.000882 0.001828
0.635600 0.007582 0.000342 0.002823 0.002324 0.000884 0.001826
0.638400 0.007598 0.000345 0.002836 0.002323 0.000885 0.001825
0.641100 0.007613 0.000348 0.002848 0.002323 0.000887 0.001824
0.643800 0.007628 0.000350 0.002860 0.002323 0.000888 0.001823
0.646600 0.007644 0.000353 0.002873 0.002323 0.000890 0.001821
0.649300 0.007659 0.000356 0.002885 0.002323 0.000891 0.001820
0.652100 0.007675 0.000359 0.002897 0.002323 0.000893 0.001819
0.654800 0.007690 0.000362 0.002909 0.002323 0.000894 0.001818
0.657500 0.007705 0.000364 0.002921 0.002323 0.000896 0.001817
0.660300 0.007720 0.000367 0.002934 0.002323 0.000897 0.001815
0.663000 0.007735 0.000370 0.002946 0.002323 0.000899 0.001814
0.665800 0.007750 0.000373 0.002958 0.002324 0.000900 0.001813
0.668500 0.007764 0.000376 0.002970 0.002324 0.000902 0.001812
0.671200 0.007779 0.000379 0.002982 0.002324 0.000903 0.001811
0.674000 0.007794 0.000382 0.002995 0.002324 0.000905 0.001810
0.676700 0.007808 0.000385 0.003007 0.002324 0.000907 0.001809
0.679500 0.007823 0.000388 0.003019 0.002324 0.000908 0.001807
0.682200 0.007837 0.000390 0.003031 0.002324 0.000910 0.001806
0.684900 0.007851 0.000393 0.003043 0.002325 0.000911 0.001805
0.687700 0.007866 0.000396 0.003056 0.002325 0.000913 0.001804
0.690400 0.007880 0.000399 0.003068 0.002325 0.000914 0.001803
0.693200 0.007894 0.000402 0.003080 0.002326 0.000916 0.001802
0.695900 0.007908 0.000405 0.003092 0.002326 0.000917 0.001801
0.698600 0.007922 0.000408 0.003104 0.002326 0.000919 0.001800
0.701400 0.007936 0.000411 0.003117 0.002327 0.000920 0.001799
0.704100 0.007950 0.000414 0.003129 0.002327 0.000922 0.001798
0.706900 0.007964 0.000417 0.003141 0.002327 0.000924 0.001797
0.709600 0.007977 0.000420 0.003153 0.002328 0.000925 0.001796
0.712300 0.007990 0.000423 0.003165 0.002328 0.000927 0.001795
0.715100 0.008004 0.000427 0.003178 0.002329 0.000928 0.001795
0.717800 0.008018 0.000430 0.003190 0.002329 0.000930 0.001794
0.720600 0.008031 0.000433 0.003202 0.002330 0.000931 0.001793
0.723300 0.008044 0.000436 0.003214 0.002330 0.000933 0.001792
0.726000 0.008057 0.000439 0.003226 0.002331 0.000934 0.001791
0.728800 0.008071 0.000442 0.003238 0.002331 0.000936 0.001791
0.731500 0.008084 0.000445 0.003250 0.002332 0.000938 0.001790
0.734300 0.008097 0.000448 0.003263 0.002333 0.000939 0.001789
0.737000 0.008110 0.000451 0.003275 0.002333 0.000941 0.001789
0.739700 0.008123 0.000455 0.003287 0.002334 0.000942 0.001788
0.742500 0.008136 0.000458 0.003299 0.002335 0.000944 0.001787
0.745200 0.008148 0.000461 0.003311 0.002335 0.000945 0.001787
0.747900 0.008161 0.000464 0.003323 0.002336 0.000947 0.001786
0.750700 0.008174 0.000467 0.003335 0.002337 0.000949 0.001786
0.753400 0.008186 0.000471 0.003347 0.002338 0.000950 0.001785
0.756200 0.008199 0.000474 0.003360 0.002339 0.000952 0.001785
0.758900 0.008211 0.000477 0.003372 0.002340 0.000953 0.001784
0.761600 0.008223 0.000480 0.003383 0.002341 0.000955 0.001784
0.764400 0.008236 0.000484 0.003396 0.002342 0.000956 0.001783
0.767100 0.008248 0.000487 0.003408 0.002343 0.000958 0.001783
0.769900 0.008260 0.000490 0.003420 0.002344 0.000960 0.001783
0.772600 0.008272 0.000494 0.003432 0.002345 0.000961 0.001782
0.775300 0.008284 0.000497 0.003444 0.002346 0.000963 0.001782
0.778100 0.008297 0.000500 0.003456 0.002347 0.000964 0.001782
0.780800 0.008308 0.000504 0.003468 0.002348 0.000966 0.001782
0.783600 0.008320 0.000507 0.003481 0.002350 0.000968 0.001781
0.786300 0.008332 0.000510 0.003492 0.002351 0.000969 0.001781
0.789000 0.008344 0.000514 0.003504 0.002352 0.000971 0.001781
0.791800 0.008356 0.000517 0.003517 0.002354 0.000972 0.001781
0.794500 0.008367 0.000521 0.003529 0.002355 0.000974 0.001781
0.797300 0.008379 0.000524 0.003541 0.002356 0.000976 0.001781
0.800000 0.008390 0.000527 0.003553 0.002358 0.000977 0.001781
0.802700 0.008402 0.000531 0.003565 0.002359 0.000979 0.001781
0.805500 0.008413 0.000534 0.003577 0.002361 0.000980 0.001781
0.808200 0.008425 0.000538 0.003589 0.002363 0.000982 0.001781
0.811000 0.008436 0.000541 0.003601 0.002364 0.000984 0.001782
0.813700 0.008447 0.000545 0.003613 0.002366 0.000985 0.001782
0.816400 0.008458 0.000548 0.003625 0.002368 0.000987 0.001782
0.819200 0.008470 0.000552 0.003637 0.002370 0.000988 0.001782
0.821900 0.008480 0.000555 0.003649 0.002372 0.000990 0.001783
0.824700 0.008492 0.000559 0.003661 0.002374 0.000992 0.001783
0.827400 0.008502 0.000562 0.003673 0.002376 0.000993 0.001783
0.830100 0.008513 0.000566 0.003685 0.002378 0.000995 0.001784
0.832900 0.008524 0.000569 0.003697 0.002380 0.000996 0.001784
0.835600 0.008535 0.000573 0.003709 0.002382 0.000998 0.001785
0.838400 0.008546 0.000577 0.003721 0.002384 0.001000 0.001785
0.841100 0.008556 0.000580 0.003733 0.002387 0.001001 0.001786
0.843800 0.008567 0.000584 0.003745 0.002389 0.001003 0.001786
0.846600 0.008578 0.000587 0.003757 0.002391 0.001004 0.001787
0.849300 0.008588 0.000591 0.003769 0.002394 0.001006 0.001788
0.852100 0.008599 0.000595 0.003781 0.002396 0.001008 0.001788
0.854800 0.008609 0.000598 0.003793 0.002399 0.001009 0.001789
0.857500 0.008619 0.000602 0.003805 0.002402 0.001011 0.001790
0.860300 0.008630 0.000606 0.003817 0.002404 0.001012 0.001791
0.863000 0.008640 0.000609 0.003829 0.002407 0.001014 0.001791
0.865800 0.008650 0.000613 0.003841 0.002410 0.001016 0.001792
0.868500 0.008660 0.000617 0.003853 0.002413 0.001017 0.001793
0.871200 0.008670 0.000620 0.003865 0.002416 0.001019 0.001794
0.874000 0.008681 0.000624 0.003877 0.002419 0.001021 0.001795
0.876700 0.008691 0.000628 0.003889 0.002423 0.001022 0.001796
0.879500 0.008701 0.000632 0.003901 0.002426 0.001024 0.001797
0.882200 0.008710 0.000635 0.003913 0.002429 0.001025 0.001798
0.884900 0.008720 0.000639 0.003925 0.002433 0.001027 0.001800
0.887700 0.008730 0.000643 0.003937 0.002436 0.001029 0.001801
0.890400 0.008740 0.000647 0.003949 0.002440 0.001030 0.001802
0.893200 0.008750 0.000651 0.003961 0.002444 0.001032 0.001803
0.895900 0.008759 0.000654 0.003973 0.002447 0.001033 0.001805
0.898600 0.008769 0.000658 0.003984 0.002451 0.001035 0.001806
0.901400 0.008779 0.000662 0.003997 0.002455 0.001037 0.001807
0.904100 0.008788 0.000666 0.004008 0.002459 0.001038 0.001809
0.906900 0.008798 0.000670 0.004021 0.002464 0.001040 0.001810
0.909600 0.008807 0.000674 0.004032 0.002468 0.001042 0.001812
0.912300 0.008816 0.000678 0.004044 0.002472 0.001043 0.001813
0.915100 0.008826 0.000682 0.004056 0.002477 0.001045 0.001815
0.917800 0.008835 0.000685 0.004068 0.002481 0.001047 0.001816
0.920600 0.008844 0.000689 0.004080 0.002486 0.001048 0.001818
0.923300 0.008853 0.000693 0.004092 0.002491 0.001050 0.001820
0.926000 0.008862 0.000697 0.004104 0.002495 0.001051 0.001821
0.928800 0.008872 0.000701 0.004116 0.002501 0.001053 0.001823
0.931500 0.008881 0.000705 0.004127 0.002506 0.001055 0.001825
0.934300 0.008890 0.000709 0.004140 0.002511 0.001056 0.001827
0.937000 0.008899 0.000713 0.004151 0.002516 0.001058 0.001829
0.939700 0.008908 0.000717 0.004163 0.002521 0.001060 0.001831
0.942500 0.008917 0.000721 0.004175 0.002527 0.001061 0.001833
0.945200 0.008925 0.000725 0.004187 0.002533 0.001063 0.001835
0.947900 0.008934 0.000729 0.004198 0.002538 0.001064 0.001837
0.950700 0.008943 0.000733 0.004211 0.002544 0.001066 0.001839
0.953400 0.008952 0.000737 0.004222 0.002550 0.001068 0.001841
0.956200 0.008961 0.000741 0.004234 0.002556 0.001069 0.001843
0.958900 0.008969 0.000745 0.004246 0.002563 0.001071 0.001845
0.961600 0.008978 0.000749 0.004258 0.002569 0.001073 0.001847
0.964400 0.008986 0.000753 0.004270 0.002576 0.001074 0.001849
0.967100 0.008995 0.000757 0.004281 0.002582 0.001076 0.001852
0.969900 0.009003 0.000762 0.004293 0.002589 0.001078 0.001854
0.972600 0.009012 0.000766 0.004305 0.002596 0.001079 0.001856
0.975300 0.009020 0.000770 0.004317 0.002603 0.001081 0.001859
0.978100 0.009028 0.000774 0.004329 0.002610 0.001083 0.001861
0.980800 0.009037 0.000778 0.004341 0.002617 0.001084 0.001864
0.983600 0.009045 0.000782 0.004353 0.002625 0.001086 0.001866
0.986300 0.009053 0.000786 0.004364 0.002632 0.001088 0.001869
0.989000 0.009061 0.000791 0.004376 0.002640 0.001089 0.001871
0.991800 0.009070 0.000795 0.004388 0.002648 0.001091 0.001874
0.994500 0.009078 0.000799 0.004400 0.002656 0.001092 0.001876
0.997300 0.009086 0.000803 0.004412 0.002664 0.001094 0.001879
1.000000 0.009094 0.000807 0.004423 0.002672 0.001096 0.001882
1.002700 0.009102 0.000812 0.004435 0.002680 0.001097 0.001884
1.005500 0.009110 0.000816 0.004447 0.002689 0.001099 0.001887
1.008200 0.009118 0.000820 0.004458 0.002698 0.001101 0.001890
1.011000 0.009126 0.000824 0.004470 0.002707 0.001102 0.001893
1.013700 0.009133 0.000829 0.004482 0.002716 0.001104 0.001895
1.016400 0.009141 0.000833 0.004494 0.002725 0.001106 0.001898
1.019200 0.009149 0.000837 0.004506 0.002734 0.001107 0.001901
1.021900 0.009157 0.000841 0.004517 0.002744 0.001109 0.001904
1.024700 0.009165 0.000846 0.004529 0.002753 0.001111 0.001907
1.027400 0.009172 0.000850 0.004541 0.002763 0.001112 0.001910
1.030100 0.009180 0.000854 0.004552 0.002773 0.001114 0.001913
1.032900 0.009187 0.000859 0.004564 0.002783 0.001116 0.001916
1.035600 0.009195 0.000863 0.004576 0.002793 0.001117 0.001919
1.038400 0.009203 0.000868 0.004588 0.002804 0.001119 0.001922
1.041100 0.009210 0.000872 0.004599 0.002814 0.001121 0.001925
1.043800 0.009217 0.000876 0.004611 0.002825 0.001122 0.001929
1.046600 0.009225 0.000881 0.004623 0.002836 0.001124 0.001932
1.049300 0.009232 0.000885 0.004634 0.002847 0.001126 0.001935
1.052100 0.009240 0.000890 0.004646 0.002858 0.001127 0.001938
1.054800 0.009247 0.000894 0.004658 0.002870 0.001129 0.001942
1.057500 0.009254 0.000898 0.004670 0.002881 0.001131 0.001945
1.060300 0.009262 0.000903 0.004681 0.002893 0.001132 0.001948
1.063000 0.009269 0.000907 0.004693 0.002905 0.001134 0.001952
1.065800 0.009276 0.000912 0.004705 0.002917 0.001136 0.001955
1.068500 0.009283 0.000916 0.004716 0.002929 0.001137 0.001958
1.071200 0.009290 0.000921 0.004728 0.002942 0.001139 0.001962
1.074000 0.009297 0.000925 0.004740 0.002954 0.001141 0.001965
1.076700 0.009304 0.000930 0.004751 0.002967 0.001142 0.001969
1.079500 0.009311 0.000934 0.004763 0.002980 0.001144 0.001972
1.082200 0.009318 0.000939 0.004775 0.002993 0.001146 0.001976
1.084900 0.009325 0.000943 0.004786 0.003006 0.001147 0.001979
1.087700 0.009332 0.000948 0.004798 0.003020 0.001149 0.001983
1.090400 0.009339 0.000952 0.004810 0.003034 0.001151 0.001987
1.093200 0.009346 0.000957 0.004822 0.003048 0.001152 0.001990
1.095900 0.009353 0.000961 0.004833 0.003062 0.001154 0.001994
1.098600 0.009360 0.000966 0.004844 0.003076 0.001156 0.001998
1.101400 0.009366 0.000971 0.004856 0.003090 0.001157 0.002002
1.104100 0.009373 0.000975 0.004868 0.003105 0.001159 0.002005
1.106900 0.009380 0.000980 0.004880 0.003120 0.001161 0.002009
1.109600 0.009387 0.000984 0.004891 0.003135 0.001162 0.002013
1.112300 0.009393 0.000989 0.004903 0.003149 0.001164 0.002017
1.115100 0.009400 0.000994 0.004914 0.003165 0.001166 0.002021
1.117800 0.009406 0.000998 0.004926 0.003180 0.001167 0.002024
1.120600 0.009413 0.001003 0.004938 0.003196 0.001169 0.002028
1.123300 0.009420 0.001008 0.004949 0.003212 0.001171 0.002032
1.126000 0.009426 0.001012 0.004961 0.003228 0.001172 0.002036
1.128800 0.009433 0.001017 0.004972 0.003244 0.001174 0.002040
1.131500 0.009439 0.001022 0.004984 0.003261 0.001176 0.002044
1.134300 0.009446 0.001026 0.004996 0.003278 0.001178 0.002048
1.137000 0.009452 0.001031 0.005007 0.003294 0.001179 0.002052
1.139700 0.009458 0.001036 0.005019 0.003311 0.001181 0.002056
1.142500 0.009465 0.001041 0.005030 0.003329 0.001183 0.002060
1.145200 0.009471 0.001045 0.005042 0.003346 0.001184 0.002064
1.147900 0.009477 0.001050 0.005053 0.003363 0.001186 0.002068
1.150700 0.009483 0.001055 0.005065 0.003381 0.001188 0.002072
1.153400 0.009489 0.001060 0.005076 0.003399 0.001189 0.002076
1.156200 0.009496 0.001064 0.005088 0.003417 0.001191 0.002081
1.158900 0.009502 0.001069 0.005100 0.003435 0.001193 0.002085
1.161600 0.009508 0.001074 0.005111 0.003454 0.001194 0.002089
1.164400 0.009514 0.001079 0.005123 0.003473 0.001196 0.002093
1.167100 0.009520 0.001084 0.005134 0.003492 0.001198 0.002097
1.169900 0.009526 0.001089 0.005146 0.003511 0.001200 0.002102
1.172600 0.009532 0.001093 0.005157 0.003530 0.001201 0.002106
1.175300 0.009538 0.001098 0.005169 0.003549 0.001203 0.002110
1.178100 0.009544 0.001103 0.005180 0.003569 0.001205 0.002115
1.180800 0.009550 0.001108 0.005192 0.003589 0.001206 0.002119
1.183600 0.009556 0.001113 0.005203 0.003609 0.001208 0.002123
1.186300 0.009562 0.001118 0.005215 0.003629 0.001210 0.002128
1.189000 0.009568 0.001122 0.005226 0.003650 0.001211 0.002132
1.191800 0.009574 0.001127 0.005238 0.003671 0.001213 0.002136
1.194500 0.009580 0.001132 0.005249 0.003691 0.001215 0.002141
1.197300 0.009586 0.001137 0.005261 0.003713 0.001217 0.002145
1.200000 0.009591 0.001142 0.005272 0.003734 0.001218 0.002150
1.202700 0.009597 0.001147 0.005283 0.003755 0.001220 0.002154
1.205500 0.009603 0.001152 0.005295 0.003777 0.001222 0.002159
1.208200 0.009609 0.001157 0.005306 0.003798 0.001223 0.002163
1.211000 0.009614 0.001162 0.005318 0.003821 0.001225 0.002168
1.213700 0.009620 0.001167 0.005330 0.003843 0.001227 0.002172
1.216400 0.009626 0.001172 0.005341 0.003865 0.001228 0.002176
1.219200 0.009631 0.001177 0.005352 0.003888 0.001230 0.002181
1.221900 0.009637 0.001182 0.005364 0.003910 0.001232 0.002186
1.224700 0.009642 0.001187 0.005375 0.003934 0.001234 0.002190
1.227400 0.009648 0.001192 0.005387 0.003957 0.001235 0.002195
1.230100 0.009653 0.001197 0.005398 0.003980 0.001237 0.002199
1.232900 0.009659 0.001202 0.005410 0.004004 0.001239 0.002204
1.235600 0.009664 0.001207 0.005421 0.004027 0.001240 0.002209
1.238400 0.009670 0.001212 0.005433 0.004052 0.001242 0.002213
1.241100 0.009675 0.001217 0.005444 0.004075 0.001244 0.002218
1.243800 0.009681 0.001222 0.005455 0.004099 0.001246 0.002222
1.246600 0.009686 0.001228 0.005467 0.004124 0.001247 0.002227
1.249300 0.009692 0.001233 0.005478 0.004149 0.001249 0.002232
1.252100 0.009697 0.001238 0.005490 0.004174 0.001251 0.002237
1.254800 0.009702 0.001243 0.005501 0.004199 0.001252 0.002241
1.257500 0.009708 0.001248 0.005512 0.004224 0.001254 0.002246
1.260300 0.009713 0.001253 0.005524 0.004250 0.001256 0.002251
1.263000 0.009718 0.001258 0.005535 0.004275 0.001258 0.002256
1.265800 0.009723 0.001264 0.005547 0.004302 0.001259 0.002260
1.268500 0.009729 0.001269 0.005558 0.004327 0.001261 0.002265
1.271200 0.009734 0.001274 0.005569 0.004353 0.001263 0.002270
1.274000 0.009739 0.001279 0.005581 0.004380 0.001265 0.002275
1.276700 0.009744 0.001284 0.005592 0.004407 0.001266 0.002280
1.279500 0.009749 0.001289 0.005603 0.004434 0.001268 0.002284
1.282200 0.009754 0.001295 0.005615 0.004461 0.001270 0.002289
1.284900 0.009760 0.001300 0.005626 0.004487 0.001271 0.002294
1.287700 0.009765 0.001305 0.005637 0.004515 0.001273 0.002299
1.290400 0.009770 0.001310 0.005649 0.004543 0.001275 0.002304
1.293200 0.009775 0.001316 0.005660 0.004571 0.001277 0.002309
1.295900 0.009780 0.001321 0.005671 0.004599 0.001278 0.002314
1.298600 0.009785 0.001326 0.005683 0.004626 0.001280 0.002318
1.301400 0.009790 0.001331 0.005694 0.004655 0.001282 0.002323
1.304100 0.009795 0.001337 0.005705 0.004684 0.001284 0.002328
1.306900 0.009800 0.001342 0.005717 0.004713 0.001285 0.002333
1.309600 0.009805 0.001347 0.005728 0.004741 0.001287 0.002338
1.312300 0.009810 0.001352 0.005739 0.004770 0.001289 0.002343
1.315100 0.009815 0.001358 0.005751 0.004800 0.001291 0.002348
1.317800 0.009819 0.001363 0.005762 0.004829 0.001292 0.002353
1.320600 0.009824 0.001369 0.005773 0.004859 0.001294 0.002358
1.323300 0.009829 0.001374 0.005784 0.004889 0.001296 0.002363
1.326000 0.009834 0.001379 0.005796 0.004919 0.001297 0.002368
1.328800 0.009839 0.001385 0.005807 0.004950 0.001299 0.002373
1.331500 0.009843 0.001390 0.005818 0.004980 0.001301 0.002378
