# time (yr) north(m) east(m) up(m) northsigma(m) eastsigma(m) upsigma(m)
0.000000 0.000000 0.000000 0.000000 0.003445 0.001411 0.000755
0.002700 -0.000054 -0.000002 0.000050 0.003450 0.001413 0.000755
0.005500 -0.000109 -0.000004 0.000102 0.003462 0.001417 0.000755
0.008200 -0.000162 -0.000005 0.000153 0.003480 0.001423 0.000756
0.011000 -0.000215 -0.000005 0.000205 0.003505 0.001432 0.000757
0.013700 -0.000267 -0.000006 0.000255 0.003533 0.001442 0.000758
0.016400 -0.000318 -0.000005 0.000305 0.003564 0.001453 0.000760
0.021900 -0.000420 -0.000004 0.000407 0.003635 0.001478 0.000764
0.024700 -0.000471 -0.000003 0.000459 0.003673 0.001492 0.000766
0.030100 -0.000567 -0.000000 0.000559 0.003749 0.001518 0.000772
0.032900 -0.000617 0.000001 0.000610 0.003789 0.001532 0.000775
0.035600 -0.000664 0.000003 0.000660 0.003828 0.001545 0.000778
0.041100 -0.000758 0.000007 0.000760 0.003905 0.001569 0.000786
0.043800 -0.000803 0.000009 0.000810 0.003943 0.001581 0.000790
0.046600 -0.000849 0.000012 0.000860 0.003981 0.001592 0.000794
0.049300 -0.000893 0.000014 0.000909 0.004017 0.001602 0.000798
0.054800 -0.000982 0.000019 0.001008 0.004088 0.001621 0.000807
0.057500 -0.001024 0.000021 0.001056 0.004121 0.001630 0.000812
0.060300 -0.001068 0.000024 0.001106 0.004155 0.001639 0.000817
0.063000 -0.001109 0.000027 0.001154 0.004187 0.001646 0.000823
0.065800 -0.001152 0.000029 0.001204 0.004218 0.001654 0.000828
0.068500 -0.001192 0.000032 0.001251 0.004248 0.001661 0.000833
0.071200 -0.001232 0.000035 0.001299 0.004277 0.001667 0.000839
0.076700 -0.001312 0.000040 0.001395 0.004334 0.001679 0.000850
0.079500 -0.001352 0.000043 0.001443 0.004361 0.001684 0.000856
0.082200 -0.001390 0.000046 0.001490 0.004387 0.001689 0.000862
0.084900 -0.001428 0.000049 0.001536 0.004412 0.001694 0.000868
0.087700 -0.001466 0.000052 0.001584 0.004437 0.001699 0.000874
0.090400 -0.001503 0.000055 0.001630 0.004460 0.001703 0.000880
0.093200 -0.001540 0.000058 0.001677 0.004483 0.001707 0.000886
0.098600 -0.001611 0.000064 0.001768 0.004527 0.001715 0.000899
0.101400 -0.001648 0.000067 0.001814 0.004548 0.001719 0.000905
0.104100 -0.001682 0.000069 0.001859 0.004568 0.001722 0.000911
0.106900 -0.001718 0.000072 0.001905 0.004588 0.001725 0.000917
0.112300 -0.001784 0.000078 0.001993 0.004625 0.001732 0.000930
0.115100 -0.001819 0.000081 0.002039 0.004643 0.001735 0.000936
0.117800 -0.001851 0.000084 0.002082 0.004660 0.001738 0.000942
0.123300 -0.001916 0.000090 0.002170 0.004694 0.001744 0.000954
0.126000 -0.001948 0.000093 0.002213 0.004710 0.001746 0.000960
0.128800 -0.001980 0.000096 0.002257 0.004726 0.001749 0.000966
0.134300 -0.002042 0.000102 0.002343 0.004756 0.001754 0.000979
0.137000 -0.002072 0.000105 0.002385 0.004770 0.001757 0.000984
0.139700 -0.002102 0.000108 0.002426 0.004784 0.001759 0.000990
0.147900 -0.002190 0.000117 0.002551 0.004824 0.001767 0.001007
0.150700 -0.002220 0.000120 0.002593 0.004837 0.001769 0.001013
0.153400 -0.002248 0.000123 0.002633 0.004849 0.001772 0.001019
0.156200 -0.002277 0.000126 0.002674 0.004862 0.001774 0.001024
0.158900 -0.002304 0.000129 0.002714 0.004874 0.001776 0.001030
0.161600 -0.002332 0.000132 0.002754 0.004885 0.001779 0.001035
0.164400 -0.002360 0.000135 0.002794 0.004897 0.001781 0.001041
0.167100 -0.002386 0.000138 0.002833 0.004908 0.001783 0.001046
0.169900 -0.002414 0.000141 0.002873 0.004920 0.001785 0.001051
0.172600 -0.002440 0.000144 0.002912 0.004930 0.001787 0.001056
0.175300 -0.002466 0.000147 0.002950 0.004941 0.001789 0.001061
0.178100 -0.002492 0.000150 0.002989 0.004952 0.001792 0.001066
0.180800 -0.002518 0.000153 0.003027 0.004962 0.001794 0.001071
0.183600 -0.002544 0.000156 0.003066 0.004972 0.001796 0.001076
0.186300 -0.002569 0.000159 0.003103 0.004982 0.001798 0.001081
0.189000 -0.002593 0.000162 0.003140 0.004992 0.001800 0.001085
0.191800 -0.002619 0.000165 0.003178 0.005002 0.001802 0.001090
0.197300 -0.002667 0.000171 0.003252 0.005021 0.001805 0.001099
0.200000 -0.002691 0.000174 0.003287 0.005030 0.001807 0.001104
0.202700 -0.002715 0.000177 0.003323 0.005039 0.001809 0.001108
0.205500 -0.002739 0.000180 0.003360 0.005049 0.001811 0.001112
0.208200 -0.002762 0.000183 0.003395 0.005058 0.001812 0.001116
0.211000 -0.002785 0.000186 0.003431 0.005067 0.001814 0.001121
0.213700 -0.002808 0.000189 0.003466 0.005076 0.001816 0.001125
0.216400 -0.002830 0.000192 0.003500 0.005084 0.001817 0.001129
0.221900 -0.002875 0.000197 0.003569 0.005102 0.001820 0.001137
0.224700 -0.002897 0.000200 0.003604 0.005111 0.001822 0.001140
0.227400 -0.002919 0.000203 0.003638 0.005119 0.001823 0.001144
0.230100 -0.002940 0.000206 0.003671 0.005128 0.001825 0.001148
0.235600 -0.002983 0.000212 0.003738 0.005145 0.001828 0.001155
0.238400 -0.003005 0.000215 0.003772 0.005153 0.001829 0.001159
0.241100 -0.003025 0.000218 0.003804 0.005161 0.001830 0.001162
0.243800 -0.003046 0.000221 0.003836 0.005169 0.001831 0.001165
0.246600 -0.003066 0.000224 0.003869 0.005178 0.001833 0.001169
0.249300 -0.003086 0.000227 0.003901 0.005186 0.001834 0.001172
0.252100 -0.003107 0.000230 0.003933 0.005194 0.001835 0.001175
0.254800 -0.003127 0.000232 0.003964 0.005203 0.001836 0.001178
0.257500 -0.003146 0.000235 0.003995 0.005211 0.001837 0.001181
0.260300 -0.003166 0.000238 0.004027 0.005219 0.001838 0.001185
0.263000 -0.003185 0.000241 0.004058 0.005227 0.001839 0.001188
0.265800 -0.003205 0.000244 0.004089 0.005235 0.001840 0.001191
0.268500 -0.003224 0.000247 0.004119 0.005243 0.001841 0.001194
0.271200 -0.003243 0.000250 0.004149 0.005251 0.001842 0.001196
0.274000 -0.003262 0.000253 0.004180 0.005259 0.001843 0.001199
0.276700 -0.003280 0.000255 0.004209 0.005267 0.001844 0.001202
0.279500 -0.003299 0.000258 0.004239 0.005276 0.001845 0.001205
0.282200 -0.003317 0.000261 0.004268 0.005283 0.001846 0.001208
0.284900 -0.003335 0.000264 0.004297 0.005291 0.001847 0.001211
0.287700 -0.003353 0.000267 0.004327 0.005300 0.001848 0.001213
0.290400 -0.003371 0.000270 0.004355 0.005308 0.001848 0.001216
0.293200 -0.003389 0.000272 0.004384 0.005316 0.001849 0.001219
0.295900 -0.003406 0.000275 0.004412 0.005324 0.001850 0.001221
0.298600 -0.003423 0.000278 0.004440 0.005332 0.001851 0.001224
0.301400 -0.003441 0.000281 0.004469 0.005340 0.001852 0.001226
0.304100 -0.003458 0.000284 0.004496 0.005348 0.001852 0.001229
0.306900 -0.003475 0.000287 0.004525 0.005356 0.001853 0.001231
0.309600 -0.003492 0.000289 0.004552 0.005364 0.001854 0.001234
0.312300 -0.003508 0.000292 0.004579 0.005372 0.001854 0.001236
0.315100 -0.003525 0.000295 0.004606 0.005380 0.001855 0.001239
0.317800 -0.003541 0.000298 0.004633 0.005388 0.001856 0.001241
0.339700 -0.003668 0.000320 0.004841 0.005454 0.001861 0.001261
0.342500 -0.003684 0.000323 0.004867 0.005462 0.001861 0.001263
0.345200 -0.003699 0.000325 0.004892 0.005470 0.001862 0.001266
0.350700 -0.003729 0.000331 0.004942 0.005487 0.001863 0.001271
0.353400 -0.003744 0.000333 0.004966 0.005495 0.001864 0.001273
0.356200 -0.003759 0.000336 0.004991 0.005503 0.001865 0.001276
0.358900 -0.003773 0.000339 0.005015 0.005512 0.001865 0.001278
0.361600 -0.003788 0.000342 0.005039 0.005520 0.001866 0.001281
0.364400 -0.003803 0.000344 0.005064 0.005528 0.001866 0.001283
0.367100 -0.003817 0.000347 0.005087 0.005537 0.001867 0.001286
0.369900 -0.003831 0.000350 0.005111 0.005545 0.001868 0.001288
0.372600 -0.003845 0.000352 0.005135 0.005553 0.001868 0.001291
0.375300 -0.003859 0.000355 0.005158 0.005562 0.001869 0.001293
0.378100 -0.003873 0.000358 0.005182 0.005570 0.001870 0.001296
0.380800 -0.003887 0.000361 0.005204 0.005579 0.001871 0.001299
0.493200 -0.004380 0.000467 0.006050 0.005935 0.001917 0.001440
0.506900 -0.004431 0.000479 0.006142 0.005980 0.001926 0.001463
0.509600 -0.004441 0.000482 0.006160 0.005989 0.001927 0.001468
0.512300 -0.004451 0.000484 0.006177 0.005997 0.001929 0.001473
0.517800 -0.004471 0.000489 0.006214 0.006015 0.001933 0.001482
0.594500 -0.004729 0.000557 0.006692 0.006264 0.001997 0.001642
0.616400 -0.004796 0.000576 0.006823 0.006335 0.002019 0.001694
0.619200 -0.004804 0.000578 0.006839 0.006344 0.002022 0.001701
0.621900 -0.004812 0.000580 0.006855 0.006352 0.002025 0.001708
0.624700 -0.004820 0.000583 0.006872 0.006361 0.002028 0.001715
0.627400 -0.004828 0.000585 0.006888 0.006370 0.002030 0.001722
0.654800 -0.004906 0.000608 0.007047 0.006457 0.002060 0.001793
0.665800 -0.004937 0.000617 0.007110 0.006492 0.002073 0.001823
0.668500 -0.004944 0.000619 0.007126 0.006500 0.002076 0.001830
0.671200 -0.004951 0.000621 0.007141 0.006508 0.002079 0.001837
0.674000 -0.004959 0.000624 0.007157 0.006517 0.002082 0.001845
0.676700 -0.004966 0.000626 0.007173 0.006526 0.002086 0.001853
0.679500 -0.004974 0.000628 0.007189 0.006534 0.002089 0.001860
1.002700 -0.005665 0.000873 0.009086 0.007433 0.002494 0.002860
1.005500 -0.005670 0.000875 0.009104 0.007440 0.002497 0.002869
1.008200 -0.005675 0.000877 0.009121 0.007446 0.002500 0.002877
1.011000 -0.005680 0.000879 0.009138 0.007453 0.002503 0.002886
1.013700 -0.005685 0.000880 0.009156 0.007459 0.002506 0.002895
1.016400 -0.005689 0.000882 0.009173 0.007466 0.002509 0.002903
1.019200 -0.005694 0.000884 0.009190 0.007472 0.002513 0.002912
1.021900 -0.005699 0.000886 0.009208 0.007479 0.002516 0.002921
1.024700 -0.005704 0.000888 0.009225 0.007485 0.002519 0.002929
1.027400 -0.005708 0.000890 0.009243 0.007492 0.002522 0.002938
1.030100 -0.005713 0.000892 0.009260 0.007498 0.002525 0.002946
1.032900 -0.005718 0.000894 0.009278 0.007505 0.002528 0.002955
1.035600 -0.005722 0.000896 0.009295 0.007511 0.002531 0.002964
1.038400 -0.005727 0.000898 0.009313 0.007518 0.002534 0.002972
1.041100 -0.005732 0.000899 0.009330 0.007524 0.002537 0.002981
1.043800 -0.005736 0.000901 0.009348 0.007530 0.002540 0.002989
1.046600 -0.005741 0.000903 0.009366 0.007537 0.002543 0.002998
1.049300 -0.005745 0.000905 0.009383 0.007543 0.002546 0.003007
1.052100 -0.005750 0.000907 0.009401 0.007549 0.002549 0.003015
1.054800 -0.005755 0.000909 0.009419 0.007555 0.002552 0.003024
1.057500 -0.005759 0.000911 0.009436 0.007562 0.002555 0.003032
1.060300 -0.005764 0.000912 0.009454 0.007568 0.002558 0.003041
1.063000 -0.005768 0.000914 0.009472 0.007574 0.002561 0.003049
1.065800 -0.005773 0.000916 0.009490 0.007581 0.002564 0.003058
1.068500 -0.005777 0.000918 0.009508 0.007587 0.002567 0.003067
1.071200 -0.005782 0.000920 0.009525 0.007593 0.002570 0.003075
1.074000 -0.005786 0.000922 0.009544 0.007599 0.002573 0.003084
1.076700 -0.005791 0.000924 0.009562 0.007605 0.002576 0.003092
1.079500 -0.005795 0.000926 0.009580 0.007611 0.002579 0.003101
1.082200 -0.005800 0.000927 0.009598 0.007617 0.002582 0.003109
1.084900 -0.005804 0.000929 0.009615 0.007623 0.002584 0.003118
1.087700 -0.005809 0.000931 0.009634 0.007630 0.002587 0.003126
1.090400 -0.005813 0.000933 0.009652 0.007636 0.002590 0.003135
1.093200 -0.005817 0.000935 0.009670 0.007642 0.002593 0.003144
1.095900 -0.005822 0.000937 0.009688 0.007648 0.002596 0.003152
1.098600 -0.005826 0.000938 0.009706 0.007654 0.002599 0.003160
1.101400 -0.005831 0.000940 0.009725 0.007660 0.002602 0.003169
1.104100 -0.005835 0.000942 0.009743 0.007666 0.002604 0.003177
1.106900 -0.005839 0.000944 0.009761 0.007672 0.002607 0.003186
1.109600 -0.005844 0.000946 0.009779 0.007678 0.002610 0.003194
1.112300 -0.005848 0.000948 0.009797 0.007684 0.002613 0.003203
1.115100 -0.005852 0.000949 0.009816 0.007690 0.002615 0.003211
1.117800 -0.005857 0.000951 0.009834 0.007695 0.002618 0.003220
1.120600 -0.005861 0.000953 0.009853 0.007701 0.002621 0.003228
1.123300 -0.005865 0.000955 0.009871 0.007707 0.002623 0.003237
1.126000 -0.005870 0.000957 0.009889 0.007713 0.002626 0.003245
1.128800 -0.005874 0.000958 0.009908 0.007719 0.002629 0.003253
1.131500 -0.005878 0.000960 0.009927 0.007725 0.002632 0.003262
1.134300 -0.005883 0.000962 0.009946 0.007731 0.002634 0.003270
1.137000 -0.005887 0.000964 0.009964 0.007736 0.002637 0.003279
1.142500 -0.005895 0.000967 0.010001 0.007748 0.002642 0.003296
1.145200 -0.005900 0.000969 0.010020 0.007754 0.002645 0.003304
1.147900 -0.005904 0.000971 0.010038 0.007759 0.002647 0.003312
1.150700 -0.005908 0.000973 0.010057 0.007765 0.002650 0.003321
1.153400 -0.005912 0.000975 0.010076 0.007771 0.002652 0.003329
1.156200 -0.005917 0.000976 0.010095 0.007777 0.002655 0.003337
1.158900 -0.005921 0.000978 0.010113 0.007782 0.002658 0.003346
1.161600 -0.005925 0.000980 0.010132 0.007788 0.002660 0.003354
1.164400 -0.005929 0.000982 0.010151 0.007794 0.002663 0.003363
1.167100 -0.005933 0.000984 0.010170 0.007799 0.002665 0.003371
1.169900 -0.005937 0.000985 0.010189 0.007805 0.002668 0.003379
1.172600 -0.005941 0.000987 0.010208 0.007810 0.002670 0.003387
1.175300 -0.005946 0.000989 0.010226 0.007816 0.002673 0.003396
1.178100 -0.005950 0.000991 0.010246 0.007821 0.002675 0.003404
1.180800 -0.005954 0.000992 0.010264 0.007827 0.002678 0.003412
1.183600 -0.005958 0.000994 0.010284 0.007833 0.002680 0.003421
1.186300 -0.005962 0.000996 0.010303 0.007838 0.002682 0.003429
1.189000 -0.005966 0.000998 0.010321 0.007843 0.002685 0.003437
1.191800 -0.005970 0.001000 0.010341 0.007849 0.002687 0.003446
1.194500 -0.005974 0.001001 0.010360 0.007854 0.002690 0.003454
1.197300 -0.005979 0.001003 0.010379 0.007860 0.002692 0.003462
1.200000 -0.005983 0.001005 0.010398 0.007865 0.002694 0.003471
1.202700 -0.005987 0.001007 0.010417 0.007871 0.002697 0.003479
1.205500 -0.005991 0.001008 0.010437 0.007876 0.002699 0.003487
1.208200 -0.005995 0.001010 0.010456 0.007882 0.002701 0.003495
1.211000 -0.005999 0.001012 0.010476 0.007887 0.002704 0.003504
1.213700 -0.006003 0.001014 0.010495 0.007892 0.002706 0.003512
1.216400 -0.006007 0.001015 0.010514 0.007898 0.002708 0.003520
1.219200 -0.006011 0.001017 0.010534 0.007903 0.002711 0.003528
1.221900 -0.006015 0.001019 0.010553 0.007908 0.002713 0.003537
1.224700 -0.006019 0.001021 0.010573 0.007914 0.002715 0.003545
1.227400 -0.006023 0.001022 0.010592 0.007919 0.002717 0.003553
1.230100 -0.006027 0.001024 0.010611 0.007924 0.002720 0.003561
1.232900 -0.006031 0.001026 0.010631 0.007930 0.002722 0.003570
1.235600 -0.006035 0.001028 0.010650 0.007935 0.002724 0.003578
1.238400 -0.006039 0.001029 0.010670 0.007940 0.002726 0.003586
1.241100 -0.006043 0.001031 0.010689 0.007945 0.002728 0.003594
1.243800 -0.006047 0.001033 0.010709 0.007950 0.002731 0.003602
1.246600 -0.006051 0.001034 0.010729 0.007956 0.002733 0.003611
1.249300 -0.006054 0.001036 0.010748 0.007961 0.002735 0.003619
1.252100 -0.006058 0.001038 0.010768 0.007966 0.002737 0.003627
1.254800 -0.006062 0.001040 0.010787 0.007971 0.002739 0.003635
1.257500 -0.006066 0.001041 0.010807 0.007976 0.002741 0.003643
1.260300 -0.006070 0.001043 0.010827 0.007981 0.002743 0.003651
1.263000 -0.006074 0.001045 0.010847 0.007986 0.002745 0.003660
1.265800 -0.006078 0.001047 0.010867 0.007992 0.002748 0.003668
1.268500 -0.006082 0.001048 0.010886 0.007997 0.002750 0.003676
1.271200 -0.006086 0.001050 0.010906 0.008002 0.002752 0.003684
1.274000 -0.006090 0.001052 0.010926 0.008007 0.002754 0.003692
1.276700 -0.006093 0.001053 0.010946 0.008012 0.002756 0.003700
1.279500 -0.006097 0.001055 0.010966 0.008017 0.002758 0.003709
1.282200 -0.006101 0.001057 0.010986 0.008022 0.002760 0.003717
1.284900 -0.006105 0.001058 0.011005 0.008027 0.002762 0.003725
1.287700 -0.006109 0.001060 0.011026 0.008032 0.002764 0.003733
1.290400 -0.006113 0.001062 0.011045 0.008037 0.002766 0.003741
1.293200 -0.006116 0.001064 0.011066 0.008042 0.002768 0.003749
1.295900 -0.006120 0.001065 0.011086 0.008046 0.002769 0.003757
1.298600 -0.006124 0.001067 0.011105 0.008051 0.002771 0.003765
1.301400 -0.006128 0.001069 0.011126 0.008056 0.002773 0.003773
1.304100 -0.006132 0.001070 0.011146 0.008061 0.002775 0.003781
1.306900 -0.006136 0.001072 0.011166 0.008066 0.002777 0.003790
1.309600 -0.006139 0.001074 0.011186 0.008071 0.002779 0.003798
1.312300 -0.006143 0.001075 0.011206 0.008076 0.002781 0.003806
1.315100 -0.006147 0.001077 0.011227 0.008081 0.002783 0.003814
1.317800 -0.006151 0.001079 0.011247 0.008085 0.002784 0.003822
1.320600 -0.006154 0.001080 0.011267 0.008090 0.002786 0.003830
1.323300 -0.006158 0.001082 0.011287 0.008095 0.002788 0.003838
1.326000 -0.006162 0.001084 0.011307 0.008100 0.002790 0.003846
1.328800 -0.006166 0.001085 0.011328 0.008105 0.002792 0.003854
1.331500 -0.006169 0.001087 0.011348 0.008109 0.002793 0.003862
1.334300 -0.006173 0.001089 0.011369 0.008114 0.002795 0.003870
1.337000 -0.006177 0.001090 0.011389 0.008119 0.002797 0.003878
1.342500 -0.006184 0.001094 0.011430 0.008128 0.002800 0.003894
1.345200 -0.006188 0.001095 0.011450 0.008133 0.002802 0.003902
1.347900 -0.006192 0.001097 0.011470 0.008137 0.002804 0.003910
1.350700 -0.006195 0.001099 0.011491 0.008142 0.002806 0.003918
1.353400 -0.006199 0.001100 0.011511 0.008147 0.002807 0.003926
1.356200 -0.006203 0.001102 0.011532 0.008151 0.002809 0.003934
1.358900 -0.006206 0.001104 0.011552 0.008156 0.002811 0.003942
1.361600 -0.006210 0.001105 0.011572 0.008161 0.002812 0.003950
1.364400 -0.006214 0.001107 0.011593 0.008165 0.002814 0.003958
1.367100 -0.006217 0.001109 0.011614 0.008170 0.002815 0.003966
1.369900 -0.006221 0.001110 0.011635 0.008174 0.002817 0.003974
1.372600 -0.006225 0.001112 0.011655 0.008179 0.002819 0.003982
1.375300 -0.006228 0.001114 0.011675 0.008183 0.002820 0.003990
1.378100 -0.006232 0.001115 0.011696 0.008188 0.002822 0.003998
1.380800 -0.006236 0.001117 0.011717 0.008192 0.002823 0.004006
1.383600 -0.006239 0.001118 0.011738 0.008197 0.002825 0.004014
1.386300 -0.006243 0.001120 0.011758 0.008202 0.002826 0.004022
1.389000 -0.006246 0.001122 0.011779 0.008206 0.002828 0.004030
1.391800 -0.006250 0.001123 0.011800 0.008210 0.002829 0.004038
1.394500 -0.006254 0.001125 0.011820 0.008215 0.002831 0.004046
1.397300 -0.006257 0.001127 0.011841 0.008219 0.002832 0.004054
1.400000 -0.006261 0.001128 0.011862 0.008224 0.002834 0.004062
1.402700 -0.006264 0.001130 0.011882 0.008228 0.002835 0.004070
1.405500 -0.006268 0.001132 0.011904 0.008233 0.002837 0.004078
1.408200 -0.006272 0.001133 0.011924 0.008237 0.002838 0.004086
1.411000 -0.006275 0.001135 0.011945 0.008241 0.002840 0.004094
1.413700 -0.006279 0.001136 0.011966 0.008246 0.002841 0.004102
1.416400 -0.006282 0.001138 0.011987 0.008250 0.002842 0.004110
1.419200 -0.006286 0.001140 0.012008 0.008254 0.002844 0.004118
1.421900 -0.006289 0.001141 0.012029 0.008259 0.002845 0.004125
1.424700 -0.006293 0.001143 0.012050 0.008263 0.002847 0.004134
1.427400 -0.006297 0.001144 0.012071 0.008267 0.002848 0.004141
1.430100 -0.006300 0.001146 0.012091 0.008272 0.002849 0.004149
1.432900 -0.006304 0.001148 0.012113 0.008276 0.002851 0.004157
1.435600 -0.006307 0.001149 0.012133 0.008280 0.002852 0.004165
1.438400 -0.006311 0.001151 0.012155 0.008284 0.002853 0.004173
1.441100 -0.006314 0.001152 0.012175 0.008289 0.002854 0.004181
1.443800 -0.006318 0.001154 0.012196 0.008293 0.002856 0.004189
1.446600 -0.006321 0.001156 0.012218 0.008297 0.002857 0.004197
1.449300 -0.006325 0.001157 0.012238 0.008301 0.002858 0.004205
1.482200 -0.006366 0.001176 0.012492 0.008351 0.002872 0.004299
1.484900 -0.006370 0.001178 0.012513 0.008355 0.002874 0.004307
1.487700 -0.006373 0.001179 0.012535 0.008359 0.002875 0.004315
1.539700 -0.006438 0.001209 0.012939 0.008433 0.002893 0.004464
1.550700 -0.006451 0.001215 0.013025 0.008448 0.002897 0.004496
1.638400 -0.006557 0.001264 0.013714 0.008563 0.002918 0.004745
1.641100 -0.006560 0.001265 0.013736 0.008567 0.002919 0.004753
1.868100 -0.006818 0.001384 0.015509 0.008818 0.002927 0.005395
1.870900 -0.006821 0.001386 0.015530 0.008821 0.002926 0.005403
1.873600 -0.006824 0.001387 0.015551 0.008823 0.002926 0.005410
1.876300 -0.006827 0.001389 0.015572 0.008826 0.002926 0.005418
1.879100 -0.006830 0.001390 0.015593 0.008828 0.002926 0.005426
1.881800 -0.006833 0.001391 0.015614 0.008831 0.002925 0.005433
1.884500 -0.006836 0.001393 0.015635 0.008834 0.002925 0.005441
1.887300 -0.006839 0.001394 0.015656 0.008836 0.002925 0.005449
1.890000 -0.006842 0.001395 0.015677 0.008839 0.002924 0.005457
1.892700 -0.006845 0.001397 0.015697 0.008841 0.002924 0.005464
1.895500 -0.006848 0.001398 0.015719 0.008844 0.002924 0.005472
1.898200 -0.006851 0.001400 0.015739 0.008847 0.002923 0.005480
1.900900 -0.006854 0.001401 0.015760 0.008849 0.002923 0.005487
1.903700 -0.006857 0.001402 0.015781 0.008852 0.002923 0.005495
1.906400 -0.006860 0.001404 0.015801 0.008854 0.002922 0.005503
1.909100 -0.006863 0.001405 0.015822 0.008857 0.002922 0.005510
1.911900 -0.006866 0.001406 0.015843 0.008859 0.002921 0.005518
1.914600 -0.006869 0.001408 0.015864 0.008862 0.002921 0.005526
1.917300 -0.006872 0.001409 0.015884 0.008864 0.002921 0.005533
1.920100 -0.006875 0.001410 0.015905 0.008867 0.002920 0.005541
1.922800 -0.006878 0.001412 0.015926 0.008869 0.002920 0.005549
1.925500 -0.006881 0.001413 0.015946 0.008872 0.002919 0.005556
1.928300 -0.006884 0.001415 0.015967 0.008874 0.002919 0.005564
1.931000 -0.006887 0.001416 0.015988 0.008877 0.002918 0.005572
1.933700 -0.006890 0.001417 0.016008 0.008879 0.002918 0.005579
1.936500 -0.006893 0.001419 0.016029 0.008882 0.002918 0.005587
1.939200 -0.006896 0.001420 0.016049 0.008884 0.002917 0.005594
1.941900 -0.006899 0.001421 0.016070 0.008887 0.002917 0.005602
2.228800 -0.007199 0.001557 0.018090 0.009105 0.002829 0.006389
2.231500 -0.007202 0.001558 0.018107 0.009107 0.002828 0.006396
2.234300 -0.007204 0.001560 0.018125 0.009109 0.002827 0.006404
2.237000 -0.007207 0.001561 0.018143 0.009110 0.002826 0.006411
2.242500 -0.007213 0.001563 0.018178 0.009114 0.002823 0.006426
2.245200 -0.007216 0.001565 0.018195 0.009116 0.002822 0.006433
2.247900 -0.007218 0.001566 0.018213 0.009117 0.002821 0.006440
2.250700 -0.007221 0.001567 0.018230 0.009119 0.002820 0.006447
2.253400 -0.007224 0.001568 0.018248 0.009121 0.002818 0.006455
2.256100 -0.007227 0.001570 0.018265 0.009122 0.002817 0.006462
2.258900 -0.007229 0.001571 0.018282 0.009124 0.002816 0.006469
2.261600 -0.007232 0.001572 0.018299 0.009126 0.002815 0.006476
2.264300 -0.007235 0.001573 0.018316 0.009127 0.002814 0.006483
2.267100 -0.007238 0.001575 0.018334 0.009129 0.002812 0.006491
2.269800 -0.007240 0.001576 0.018351 0.009131 0.002811 0.006498
2.272500 -0.007243 0.001577 0.018368 0.009132 0.002810 0.006505
2.275300 -0.007246 0.001578 0.018385 0.009134 0.002809 0.006512
2.280700 -0.007251 0.001581 0.018419 0.009137 0.002806 0.006527
2.283400 -0.007254 0.001582 0.018436 0.009139 0.002805 0.006534
2.286200 -0.007257 0.001583 0.018453 0.009141 0.002804 0.006541
2.291600 -0.007262 0.001586 0.018487 0.009144 0.002801 0.006555
2.294400 -0.007265 0.001587 0.018504 0.009145 0.002800 0.006563
2.297100 -0.007268 0.001588 0.018520 0.009147 0.002799 0.006570
2.310800 -0.007282 0.001594 0.018604 0.009155 0.002792 0.006606
2.313500 -0.007284 0.001595 0.018620 0.009157 0.002791 0.006613
2.316200 -0.007287 0.001596 0.018637 0.009158 0.002790 0.006620
2.319000 -0.007290 0.001598 0.018653 0.009160 0.002788 0.006627
2.321700 -0.007293 0.001599 0.018670 0.009161 0.002787 0.006634
2.332600 -0.007303 0.001604 0.018735 0.009167 0.002782 0.006662
2.376300 -0.007347 0.001623 0.018990 0.009191 0.002760 0.006774
2.379100 -0.007350 0.001624 0.019005 0.009193 0.002758 0.006782
2.381800 -0.007352 0.001625 0.019021 0.009194 0.002757 0.006788
2.384500 -0.007355 0.001626 0.019036 0.009196 0.002756 0.006795
2.387300 -0.007358 0.001628 0.019052 0.009197 0.002754 0.006802
2.390000 -0.007361 0.001629 0.019067 0.009198 0.002753 0.006809
2.392700 -0.007363 0.001630 0.019082 0.009200 0.002751 0.006816
2.395500 -0.007366 0.001631 0.019098 0.009201 0.002750 0.006823
2.398200 -0.007369 0.001632 0.019113 0.009203 0.002749 0.006830
2.400900 -0.007371 0.001634 0.019128 0.009204 0.002747 0.006837
2.403700 -0.007374 0.001635 0.019144 0.009205 0.002746 0.006844
2.406400 -0.007377 0.001636 0.019159 0.009207 0.002744 0.006851
2.409100 -0.007379 0.001637 0.019174 0.009208 0.002743 0.006858
2.411900 -0.007382 0.001638 0.019189 0.009210 0.002741 0.006865
2.414600 -0.007385 0.001640 0.019204 0.009211 0.002740 0.006871
2.417300 -0.007388 0.001641 0.019219 0.009212 0.002738 0.006878
2.420100 -0.007390 0.001642 0.019234 0.009214 0.002737 0.006885
2.422800 -0.007393 0.001643 0.019249 0.009215 0.002735 0.006892
2.425500 -0.007396 0.001644 0.019263 0.009216 0.002734 0.006899
2.428300 -0.007398 0.001645 0.019279 0.009218 0.002733 0.006906
2.431000 -0.007401 0.001647 0.019293 0.009219 0.002731 0.006912
2.433700 -0.007404 0.001648 0.019308 0.009221 0.002730 0.006919
2.436500 -0.007406 0.001649 0.019323 0.009222 0.002728 0.006926
2.439200 -0.007409 0.001650 0.019337 0.009223 0.002727 0.006933
2.441900 -0.007412 0.001651 0.019352 0.009225 0.002725 0.006940
2.444700 -0.007415 0.001653 0.019366 0.009226 0.002724 0.006947
2.447400 -0.007417 0.001654 0.019381 0.009227 0.002722 0.006953
2.450100 -0.007420 0.001655 0.019395 0.009229 0.002721 0.006960
2.452800 -0.007423 0.001656 0.019409 0.009230 0.002719 0.006967
2.458300 -0.007428 0.001658 0.019438 0.009232 0.002716 0.006980
2.461000 -0.007431 0.001659 0.019452 0.009234 0.002715 0.006987
2.463800 -0.007433 0.001661 0.019467 0.009235 0.002713 0.006994
2.466500 -0.007436 0.001662 0.019481 0.009236 0.002712 0.007000
2.469200 -0.007439 0.001663 0.019495 0.009238 0.002710 0.007007
2.472000 -0.007441 0.001664 0.019509 0.009239 0.002708 0.007014
2.474700 -0.007444 0.001665 0.019523 0.009240 0.002707 0.007020
2.477400 -0.007447 0.001666 0.019537 0.009241 0.002705 0.007027
2.480200 -0.007449 0.001668 0.019551 0.009243 0.002704 0.007034
2.482900 -0.007452 0.001669 0.019565 0.009244 0.002702 0.007041
2.485600 -0.007455 0.001670 0.019579 0.009245 0.002701 0.007047
2.488400 -0.007457 0.001671 0.019593 0.009246 0.002699 0.007054
2.491100 -0.007460 0.001672 0.019606 0.009248 0.002698 0.007061
2.493800 -0.007463 0.001673 0.019620 0.009249 0.002696 0.007067
2.496600 -0.007465 0.001675 0.019634 0.009250 0.002694 0.007074
2.499300 -0.007468 0.001676 0.019647 0.009251 0.002693 0.007080
2.502000 -0.007471 0.001677 0.019661 0.009253 0.002691 0.007087
2.504800 -0.007473 0.001678 0.019675 0.009254 0.002690 0.007094
2.507500 -0.007476 0.001679 0.019688 0.009255 0.002688 0.007100
2.510200 -0.007479 0.001680 0.019701 0.009256 0.002687 0.007107
2.513000 -0.007481 0.001682 0.019715 0.009257 0.002685 0.007114
2.515700 -0.007484 0.001683 0.019728 0.009259 0.002683 0.007120
2.518400 -0.007487 0.001684 0.019741 0.009260 0.002682 0.007127
2.523900 -0.007492 0.001686 0.019768 0.009262 0.002679 0.007140
2.526600 -0.007495 0.001687 0.019781 0.009263 0.002677 0.007146
2.529400 -0.007497 0.001688 0.019794 0.009265 0.002675 0.007153
2.532100 -0.007500 0.001690 0.019807 0.009266 0.002674 0.007159
2.534800 -0.007503 0.001691 0.019820 0.009267 0.002672 0.007166
2.537500 -0.007505 0.001692 0.019833 0.009268 0.002671 0.007172
2.540300 -0.007508 0.001693 0.019846 0.009269 0.002669 0.007179
2.545700 -0.007513 0.001695 0.019871 0.009272 0.002666 0.007192
2.548500 -0.007516 0.001696 0.019884 0.009273 0.002664 0.007198
2.551200 -0.007518 0.001698 0.019897 0.009274 0.002663 0.007205
2.553900 -0.007521 0.001699 0.019909 0.009275 0.002661 0.007211
2.556700 -0.007524 0.001700 0.019922 0.009276 0.002659 0.007218
2.559400 -0.007526 0.001701 0.019935 0.009277 0.002658 0.007224
2.562100 -0.007529 0.001702 0.019947 0.009278 0.002656 0.007230
2.564900 -0.007532 0.001703 0.019960 0.009280 0.002654 0.007237
2.567600 -0.007534 0.001704 0.019972 0.009281 0.002653 0.007243
2.570300 -0.007537 0.001705 0.019984 0.009282 0.002651 0.007250
2.575800 -0.007542 0.001708 0.020009 0.009284 0.002648 0.007262
2.578500 -0.007545 0.001709 0.020021 0.009285 0.002646 0.007269
2.581300 -0.007547 0.001710 0.020034 0.009286 0.002645 0.007275
2.584000 -0.007550 0.001711 0.020046 0.009287 0.002643 0.007282
2.586700 -0.007553 0.001712 0.020058 0.009288 0.002641 0.007288
2.589500 -0.007555 0.001713 0.020070 0.009289 0.002640 0.007294
2.592200 -0.007558 0.001715 0.020082 0.009291 0.002638 0.007301
2.594900 -0.007561 0.001716 0.020093 0.009292 0.002636 0.007307
2.597700 -0.007563 0.001717 0.020106 0.009293 0.002635 0.007313
2.603100 -0.007568 0.001719 0.020129 0.009295 0.002631 0.007326
2.605900 -0.007571 0.001720 0.020141 0.009296 0.002630 0.007332
2.608600 -0.007574 0.001721 0.020152 0.009297 0.002628 0.007338
2.611300 -0.007576 0.001722 0.020164 0.009298 0.002626 0.007344
2.614100 -0.007579 0.001724 0.020176 0.009299 0.002624 0.007351
2.616800 -0.007582 0.001725 0.020187 0.009300 0.002623 0.007357
2.619500 -0.007584 0.001726 0.020198 0.009301 0.002621 0.007363
2.622200 -0.007587 0.001727 0.020210 0.009302 0.002619 0.007369
2.625000 -0.007589 0.001728 0.020221 0.009303 0.002618 0.007376
2.627700 -0.007592 0.001729 0.020233 0.009304 0.002616 0.007382
2.630400 -0.007595 0.001730 0.020244 0.009305 0.002614 0.007388
2.633200 -0.007597 0.001731 0.020255 0.009306 0.002613 0.007394
2.635900 -0.007600 0.001732 0.020266 0.009307 0.002611 0.007400
2.638600 -0.007603 0.001734 0.020277 0.009308 0.002609 0.007407
2.641400 -0.007605 0.001735 0.020288 0.009309 0.002608 0.007413
2.644100 -0.007608 0.001736 0.020299 0.009310 0.002606 0.007419
2.646800 -0.007610 0.001737 0.020310 0.009311 0.002604 0.007425
2.649600 -0.007613 0.001738 0.020321 0.009312 0.002602 0.007431
2.652300 -0.007616 0.001739 0.020332 0.009313 0.002601 0.007437
2.655000 -0.007618 0.001740 0.020343 0.009314 0.002599 0.007443
2.657800 -0.007621 0.001741 0.020354 0.009315 0.002597 0.007450
2.660500 -0.007623 0.001742 0.020364 0.009316 0.002596 0.007456
2.663200 -0.007626 0.001744 0.020375 0.009317 0.002594 0.007462
2.666000 -0.007629 0.001745 0.020385 0.009318 0.002592 0.007468
2.668700 -0.007631 0.001746 0.020396 0.009319 0.002590 0.007474
2.674200 -0.007637 0.001748 0.020417 0.009321 0.002587 0.007486
2.676900 -0.007639 0.001749 0.020427 0.009322 0.002585 0.007492
2.679600 -0.007642 0.001750 0.020437 0.009323 0.002583 0.007498
2.682400 -0.007644 0.001751 0.020448 0.009324 0.002582 0.007504
2.685100 -0.007647 0.001752 0.020458 0.009325 0.002580 0.007510
2.687800 -0.007649 0.001754 0.020468 0.009326 0.002578 0.007516
2.690600 -0.007652 0.001755 0.020478 0.009327 0.002576 0.007522
2.693300 -0.007655 0.001756 0.020488 0.009328 0.002575 0.007528
2.696000 -0.007657 0.001757 0.020498 0.009329 0.002573 0.007534
2.698800 -0.007660 0.001758 0.020508 0.009329 0.002571 0.007540
2.701500 -0.007662 0.001759 0.020518 0.009330 0.002569 0.007546
2.704200 -0.007665 0.001760 0.020528 0.009331 0.002568 0.007552
2.706900 -0.007668 0.001761 0.020537 0.009332 0.002566 0.007557
2.712400 -0.007673 0.001763 0.020557 0.009334 0.002563 0.007569
2.715100 -0.007675 0.001764 0.020566 0.009335 0.002561 0.007575
2.717900 -0.007678 0.001766 0.020576 0.009336 0.002559 0.007581
2.720600 -0.007681 0.001767 0.020586 0.009337 0.002557 0.007587
2.723300 -0.007683 0.001768 0.020595 0.009338 0.002555 0.007593
2.726100 -0.007686 0.001769 0.020605 0.009338 0.002554 0.007599
2.728800 -0.007688 0.001770 0.020614 0.009339 0.002552 0.007605
2.731500 -0.007691 0.001771 0.020623 0.009340 0.002550 0.007610
2.734300 -0.007694 0.001772 0.020632 0.009341 0.002548 0.007616
2.737000 -0.007696 0.001773 0.020641 0.009342 0.002547 0.007622
2.739700 -0.007699 0.001774 0.020650 0.009343 0.002545 0.007628
2.742500 -0.007701 0.001775 0.020660 0.009344 0.002543 0.007634
2.745200 -0.007704 0.001776 0.020669 0.009345 0.002541 0.007639
2.747900 -0.007706 0.001778 0.020678 0.009345 0.002540 0.007645
2.750700 -0.007709 0.001779 0.020687 0.009346 0.002538 0.007651
2.753400 -0.007712 0.001780 0.020695 0.009347 0.002536 0.007657
2.756200 -0.007714 0.001781 0.020704 0.009348 0.002534 0.007663
2.758900 -0.007717 0.001782 0.020713 0.009349 0.002532 0.007668
2.761600 -0.007719 0.001783 0.020722 0.009350 0.002531 0.007674
2.764400 -0.007722 0.001784 0.020730 0.009350 0.002529 0.007680
2.767100 -0.007725 0.001785 0.020739 0.009351 0.002527 0.007685
2.769900 -0.007727 0.001786 0.020748 0.009352 0.002525 0.007691
2.772600 -0.007730 0.001787 0.020756 0.009353 0.002523 0.007697
2.775300 -0.007732 0.001788 0.020764 0.009354 0.002522 0.007702
2.778100 -0.007735 0.001789 0.020773 0.009355 0.002520 0.007708
2.780800 -0.007737 0.001791 0.020781 0.009355 0.002518 0.007714
2.783600 -0.007740 0.001792 0.020789 0.009356 0.002516 0.007720
2.786300 -0.007743 0.001793 0.020798 0.009357 0.002515 0.007725
2.789000 -0.007745 0.001794 0.020806 0.009358 0.002513 0.007731
2.791800 -0.007748 0.001795 0.020814 0.009359 0.002511 0.007736
2.794500 -0.007750 0.001796 0.020822 0.009359 0.002509 0.007742
2.797300 -0.007753 0.001797 0.020830 0.009360 0.002507 0.007748
2.800000 -0.007755 0.001798 0.020838 0.009361 0.002506 0.007753
2.802700 -0.007758 0.001799 0.020845 0.009362 0.002504 0.007759
2.805500 -0.007761 0.001800 0.020853 0.009363 0.002502 0.007764
2.808200 -0.007763 0.001801 0.020861 0.009363 0.002500 0.007770
2.811000 -0.007766 0.001802 0.020869 0.009364 0.002498 0.007775
2.813700 -0.007768 0.001803 0.020876 0.009365 0.002497 0.007781
2.816400 -0.007771 0.001805 0.020884 0.009366 0.002495 0.007786
2.819200 -0.007773 0.001806 0.020892 0.009366 0.002493 0.007792
2.821900 -0.007776 0.001807 0.020899 0.009367 0.002491 0.007797
2.824700 -0.007779 0.001808 0.020906 0.009368 0.002489 0.007803
2.827400 -0.007781 0.001809 0.020914 0.009369 0.002487 0.007808
2.830100 -0.007784 0.001810 0.020921 0.009369 0.002486 0.007814
2.832900 -0.007786 0.001811 0.020928 0.009370 0.002484 0.007819
2.835600 -0.007789 0.001812 0.020935 0.009371 0.002482 0.007825
2.838400 -0.007791 0.001813 0.020943 0.009372 0.002480 0.007830
2.841100 -0.007794 0.001814 0.020950 0.009372 0.002478 0.007836
2.843800 -0.007796 0.001815 0.020956 0.009373 0.002477 0.007841
2.846600 -0.007799 0.001816 0.020963 0.009374 0.002475 0.007847
2.849300 -0.007802 0.001817 0.020970 0.009374 0.002473 0.007852
2.852100 -0.007804 0.001818 0.020977 0.009375 0.002471 0.007857
2.854800 -0.007807 0.001819 0.020984 0.009376 0.002469 0.007863
2.857500 -0.007809 0.001820 0.020991 0.009377 0.002468 0.007868
2.860300 -0.007812 0.001822 0.020997 0.009377 0.002466 0.007873
2.863000 -0.007814 0.001823 0.021004 0.009378 0.002464 0.007879
2.865800 -0.007817 0.001824 0.021010 0.009379 0.002462 0.007884
2.868500 -0.007820 0.001825 0.021017 0.009379 0.002460 0.007889
2.871200 -0.007822 0.001826 0.021023 0.009380 0.002459 0.007895
2.874000 -0.007825 0.001827 0.021030 0.009381 0.002457 0.007900
2.876700 -0.007827 0.001828 0.021036 0.009382 0.002455 0.007905
2.882200 -0.007832 0.001830 0.021048 0.009383 0.002451 0.007916
2.884900 -0.007835 0.001831 0.021054 0.009384 0.002449 0.007921
2.887700 -0.007837 0.001832 0.021061 0.009384 0.002448 0.007926
2.890400 -0.007840 0.001833 0.021066 0.009385 0.002446 0.007932
2.893200 -0.007842 0.001834 0.021073 0.009386 0.002444 0.007937
2.895900 -0.007845 0.001835 0.021078 0.009386 0.002442 0.007942
2.898600 -0.007847 0.001836 0.021084 0.009387 0.002440 0.007947
2.901400 -0.007850 0.001837 0.021090 0.009388 0.002439 0.007952
2.904100 -0.007853 0.001838 0.021096 0.009388 0.002437 0.007958
2.906900 -0.007855 0.001839 0.021101 0.009389 0.002435 0.007963
2.909600 -0.007858 0.001840 0.021107 0.009390 0.002433 0.007968
2.912300 -0.007860 0.001842 0.021112 0.009390 0.002431 0.007973
2.915100 -0.007863 0.001843 0.021118 0.009391 0.002429 0.007978
2.917800 -0.007865 0.001844 0.021123 0.009391 0.002428 0.007983
2.920600 -0.007868 0.001845 0.021129 0.009392 0.002426 0.007989
2.923300 -0.007870 0.001846 0.021134 0.009393 0.002424 0.007994
2.926000 -0.007873 0.001847 0.021139 0.009393 0.002422 0.007999
2.928800 -0.007875 0.001848 0.021144 0.009394 0.002420 0.008004
2.931500 -0.007878 0.001849 0.021149 0.009395 0.002419 0.008009
2.934300 -0.007881 0.001850 0.021155 0.009395 0.002417 0.008014
2.937000 -0.007883 0.001851 0.021159 0.009396 0.002415 0.008019
2.939700 -0.007886 0.001852 0.021164 0.009396 0.002413 0.008024
2.942500 -0.007888 0.001853 0.021169 0.009397 0.002411 0.008029
2.945200 -0.007891 0.001854 0.021174 0.009398 0.002409 0.008034
2.947900 -0.007893 0.001855 0.021179 0.009398 0.002408 0.008039
2.950700 -0.007896 0.001856 0.021183 0.009399 0.002406 0.008044
2.953400 -0.007898 0.001857 0.021188 0.009400 0.002404 0.008049
2.956200 -0.007901 0.001858 0.021193 0.009400 0.002402 0.008054
2.958900 -0.007903 0.001859 0.021197 0.009401 0.002400 0.008059
2.961600 -0.007906 0.001860 0.021202 0.009401 0.002399 0.008064
2.964400 -0.007908 0.001861 0.021206 0.009402 0.002397 0.008069
2.967100 -0.007911 0.001862 0.021210 0.009402 0.002395 0.008074
2.969900 -0.007913 0.001863 0.021215 0.009403 0.002393 0.008079
2.972600 -0.007916 0.001864 0.021219 0.009404 0.002391 0.008084
2.975300 -0.007918 0.001865 0.021223 0.009404 0.002390 0.008089
2.978100 -0.007921 0.001866 0.021227 0.009405 0.002388 0.008094
2.980800 -0.007923 0.001867 0.021231 0.009405 0.002386 0.008098
2.983600 -0.007926 0.001869 0.021235 0.009406 0.002384 0.008103
2.986300 -0.007929 0.001870 0.021239 0.009406 0.002382 0.008108
2.989000 -0.007931 0.001871 0.021243 0.009407 0.002381 0.008113
2.991800 -0.007934 0.001872 0.021246 0.009408 0.002379 0.008118
2.994500 -0.007936 0.001873 0.021250 0.009408 0.002377 0.008123
2.997300 -0.007939 0.001874 0.021254 0.009409 0.002375 0.008128
3.000000 -0.007941 0.001875 0.021257 0.009409 0.002373 0.008132
3.002700 -0.007944 0.001876 0.021261 0.009410 0.002371 0.008137
3.005500 -0.007946 0.001877 0.021264 0.009410 0.002370 0.008142
3.008200 -0.007949 0.001878 0.021268 0.009411 0.002368 0.008147
3.011000 -0.007951 0.001879 0.021271 0.009411 0.002366 0.008151
3.013700 -0.007954 0.001880 0.021274 0.009412 0.002364 0.008156
3.016400 -0.007956 0.001881 0.021278 0.009412 0.002362 0.008161
3.019200 -0.007959 0.001882 0.021281 0.009413 0.002361 0.008166
3.021900 -0.007961 0.001883 0.021284 0.009414 0.002359 0.008170
3.027400 -0.007966 0.001885 0.021290 0.009415 0.002355 0.008180
3.032900 -0.007971 0.001887 0.021296 0.009416 0.002352 0.008189
3.035600 -0.007974 0.001888 0.021298 0.009416 0.002350 0.008194
3.038400 -0.007976 0.001889 0.021301 0.009417 0.002348 0.008199
3.041100 -0.007979 0.001890 0.021304 0.009417 0.002346 0.008203
3.043800 -0.007981 0.001891 0.021306 0.009418 0.002345 0.008208
3.046600 -0.007984 0.001892 0.021309 0.009418 0.002343 0.008213
3.049300 -0.007986 0.001893 0.021312 0.009419 0.002341 0.008217
3.052100 -0.007989 0.001894 0.021314 0.009419 0.002339 0.008222
3.054800 -0.007991 0.001895 0.021316 0.009420 0.002337 0.008226
3.057500 -0.007994 0.001896 0.021319 0.009420 0.002336 0.008231
3.060300 -0.007996 0.001897 0.021321 0.009421 0.002334 0.008236
3.063000 -0.007999 0.001898 0.021323 0.009421 0.002332 0.008240
3.065800 -0.008001 0.001899 0.021325 0.009422 0.002330 0.008245
3.068500 -0.008004 0.001900 0.021327 0.009422 0.002329 0.008249
3.071200 -0.008006 0.001901 0.021329 0.009422 0.002327 0.008254
3.074000 -0.008009 0.001902 0.021331 0.009423 0.002325 0.008258
3.076700 -0.008011 0.001903 0.021333 0.009423 0.002323 0.008263
3.079500 -0.008014 0.001904 0.021335 0.009424 0.002321 0.008267
3.082200 -0.008016 0.001905 0.021336 0.009424 0.002320 0.008272
3.084900 -0.008019 0.001906 0.021338 0.009425 0.002318 0.008276
3.087700 -0.008021 0.001907 0.021340 0.009425 0.002316 0.008281
3.090400 -0.008024 0.001908 0.021341 0.009426 0.002314 0.008285
3.093200 -0.008026 0.001909 0.021343 0.009426 0.002313 0.008290
3.095900 -0.008029 0.001910 0.021344 0.009427 0.002311 0.008294
3.098600 -0.008031 0.001911 0.021345 0.009427 0.002309 0.008299
3.101400 -0.008034 0.001912 0.021347 0.009427 0.002307 0.008303
3.104100 -0.008036 0.001913 0.021348 0.009428 0.002306 0.008307
3.106900 -0.008039 0.001914 0.021349 0.009428 0.002304 0.008312
3.109600 -0.008041 0.001915 0.021350 0.009429 0.002302 0.008316
3.112300 -0.008044 0.001916 0.021351 0.009429 0.002300 0.008321
3.115100 -0.008046 0.001917 0.021352 0.009430 0.002299 0.008325
3.117800 -0.008049 0.001918 0.021353 0.009430 0.002297 0.008329
3.120600 -0.008051 0.001919 0.021354 0.009431 0.002295 0.008334
3.123300 -0.008054 0.001920 0.021355 0.009431 0.002293 0.008338
3.126000 -0.008056 0.001921 0.021356 0.009431 0.002292 0.008342
3.128800 -0.008059 0.001922 0.021356 0.009432 0.002290 0.008347
3.131500 -0.008061 0.001923 0.021357 0.009432 0.002288 0.008351
3.134300 -0.008064 0.001924 0.021357 0.009433 0.002286 0.008355
3.137000 -0.008066 0.001925 0.021358 0.009433 0.002285 0.008360
3.142500 -0.008071 0.001927 0.021359 0.009434 0.002281 0.008368
3.145200 -0.008073 0.001928 0.021359 0.009434 0.002279 0.008373
3.147900 -0.008076 0.001929 0.021359 0.009435 0.002278 0.008377
3.150700 -0.008078 0.001930 0.021359 0.009435 0.002276 0.008381
3.298600 -0.008211 0.001983 0.021271 0.009453 0.002187 0.008597
3.312300 -0.008223 0.001987 0.021254 0.009454 0.002179 0.008616
3.315100 -0.008226 0.001988 0.021250 0.009454 0.002178 0.008619
3.317800 -0.008228 0.001989 0.021246 0.009454 0.002176 0.008623
3.320600 -0.008231 0.001990 0.021242 0.009455 0.002175 0.008627
3.323300 -0.008233 0.001991 0.021238 0.009455 0.002173 0.008631
3.326000 -0.008236 0.001992 0.021234 0.009455 0.002172 0.008634
3.328800 -0.008238 0.001993 0.021230 0.009455 0.002170 0.008638
3.331500 -0.008241 0.001994 0.021226 0.009456 0.002168 0.008642
3.334300 -0.008243 0.001995 0.021222 0.009456 0.002167 0.008645
3.337000 -0.008245 0.001996 0.021218 0.009456 0.002165 0.008649
3.339700 -0.008248 0.001997 0.021213 0.009456 0.002164 0.008653
3.342500 -0.008250 0.001998 0.021209 0.009456 0.002162 0.008656
3.345200 -0.008253 0.001999 0.021204 0.009457 0.002161 0.008660
3.347900 -0.008255 0.002000 0.021200 0.009457 0.002159 0.008663
3.350700 -0.008258 0.002001 0.021195 0.009457 0.002158 0.008667
3.353400 -0.008260 0.002002 0.021191 0.009457 0.002156 0.008671
3.356200 -0.008262 0.002003 0.021186 0.009458 0.002155 0.008674
3.358900 -0.008265 0.002004 0.021181 0.009458 0.002154 0.008678
3.361600 -0.008267 0.002005 0.021176 0.009458 0.002152 0.008681
3.364400 -0.008270 0.002006 0.021171 0.009458 0.002151 0.008685
3.367100 -0.008272 0.002006 0.021166 0.009458 0.002149 0.008689
3.369900 -0.008275 0.002007 0.021161 0.009459 0.002148 0.008692
3.372600 -0.008277 0.002008 0.021156 0.009459 0.002146 0.008696
3.375300 -0.008279 0.002009 0.021151 0.009459 0.002145 0.008699
3.378100 -0.008282 0.002010 0.021146 0.009459 0.002143 0.008703
3.380800 -0.008284 0.002011 0.021140 0.009459 0.002142 0.008706
3.383600 -0.008287 0.002012 0.021135 0.009460 0.002140 0.008710
3.386300 -0.008289 0.002013 0.021130 0.009460 0.002139 0.008714
3.389000 -0.008291 0.002014 0.021124 0.009460 0.002138 0.008717
3.391800 -0.008294 0.002015 0.021118 0.009460 0.002136 0.008721
3.394500 -0.008296 0.002016 0.021113 0.009460 0.002135 0.008724
3.397300 -0.008299 0.002017 0.021107 0.009461 0.002133 0.008728
3.400000 -0.008301 0.002018 0.021101 0.009461 0.002132 0.008731
3.402700 -0.008304 0.002019 0.021095 0.009461 0.002130 0.008735
3.405500 -0.008306 0.002020 0.021089 0.009461 0.002129 0.008738
3.408200 -0.008308 0.002021 0.021083 0.009461 0.002128 0.008742
3.411000 -0.008311 0.002021 0.021077 0.009461 0.002126 0.008745
3.413700 -0.008313 0.002022 0.021071 0.009462 0.002125 0.008749
3.416400 -0.008316 0.002023 0.021065 0.009462 0.002123 0.008752
3.419200 -0.008318 0.002024 0.021059 0.009462 0.002122 0.008756
3.421900 -0.008320 0.002025 0.021053 0.009462 0.002121 0.008759
3.424700 -0.008323 0.002026 0.021046 0.009462 0.002119 0.008762
3.427400 -0.008325 0.002027 0.021040 0.009462 0.002118 0.008766
3.430100 -0.008328 0.002028 0.021033 0.009463 0.002117 0.008769
3.432900 -0.008330 0.002029 0.021026 0.009463 0.002115 0.008773
3.435600 -0.008333 0.002030 0.021020 0.009463 0.002114 0.008776
3.438400 -0.008335 0.002031 0.021013 0.009463 0.002113 0.008780
3.441100 -0.008337 0.002032 0.021006 0.009463 0.002111 0.008783
3.443800 -0.008340 0.002033 0.021000 0.009463 0.002110 0.008786
3.446600 -0.008342 0.002034 0.020993 0.009464 0.002109 0.008790
3.449300 -0.008345 0.002035 0.020986 0.009464 0.002107 0.008793
3.452100 -0.008347 0.002035 0.020978 0.009464 0.002106 0.008797
3.454800 -0.008349 0.002036 0.020971 0.009464 0.002105 0.008800
3.457500 -0.008352 0.002037 0.020964 0.009464 0.002103 0.008803
3.460300 -0.008354 0.002038 0.020957 0.009464 0.002102 0.008807
3.463000 -0.008357 0.002039 0.020950 0.009464 0.002101 0.008810
3.465800 -0.008359 0.002040 0.020942 0.009465 0.002099 0.008813
3.468500 -0.008361 0.002041 0.020935 0.009465 0.002098 0.008817
3.471200 -0.008364 0.002042 0.020927 0.009465 0.002097 0.008820
3.474000 -0.008366 0.002043 0.020920 0.009465 0.002096 0.008823
3.476700 -0.008369 0.002044 0.020912 0.009465 0.002094 0.008827
3.479500 -0.008371 0.002045 0.020904 0.009465 0.002093 0.008830
3.482200 -0.008373 0.002046 0.020896 0.009465 0.002092 0.008833
3.484900 -0.008376 0.002047 0.020889 0.009465 0.002091 0.008837
3.487700 -0.008378 0.002047 0.020881 0.009466 0.002089 0.008840
3.490400 -0.008381 0.002048 0.020873 0.009466 0.002088 0.008843
3.493200 -0.008383 0.002049 0.020864 0.009466 0.002087 0.008847
3.495900 -0.008385 0.002050 0.020856 0.009466 0.002086 0.008850
3.498600 -0.008388 0.002051 0.020848 0.009466 0.002084 0.008853
3.501400 -0.008390 0.002052 0.020840 0.009466 0.002083 0.008857
3.504100 -0.008393 0.002053 0.020832 0.009466 0.002082 0.008860
3.506900 -0.008395 0.002054 0.020823 0.009466 0.002081 0.008863
3.509600 -0.008397 0.002055 0.020815 0.009466 0.002079 0.008866
3.512300 -0.008400 0.002056 0.020806 0.009467 0.002078 0.008870
3.515100 -0.008402 0.002057 0.020798 0.009467 0.002077 0.008873
3.517800 -0.008405 0.002058 0.020789 0.009467 0.002076 0.008876
3.520600 -0.008407 0.002059 0.020780 0.009467 0.002075 0.008880
3.523300 -0.008409 0.002059 0.020771 0.009467 0.002074 0.008883
3.526000 -0.008412 0.002060 0.020763 0.009467 0.002072 0.008886
3.528800 -0.008414 0.002061 0.020754 0.009467 0.002071 0.008889
3.531500 -0.008417 0.002062 0.020745 0.009467 0.002070 0.008893
3.534300 -0.008419 0.002063 0.020735 0.009467 0.002069 0.008896
3.537000 -0.008421 0.002064 0.020726 0.009467 0.002068 0.008899
3.539700 -0.008424 0.002065 0.020717 0.009467 0.002067 0.008902
3.542500 -0.008426 0.002066 0.020708 0.009468 0.002065 0.008906
3.545200 -0.008428 0.002067 0.020699 0.009468 0.002064 0.008909
3.547900 -0.008431 0.002068 0.020689 0.009468 0.002063 0.008912
3.550700 -0.008433 0.002069 0.020680 0.009468 0.002062 0.008915
3.553400 -0.008436 0.002069 0.020670 0.009468 0.002061 0.008918
3.556200 -0.008438 0.002070 0.020661 0.009468 0.002060 0.008922
3.558900 -0.008440 0.002071 0.020651 0.009468 0.002059 0.008925
3.561600 -0.008443 0.002072 0.020641 0.009468 0.002058 0.008928
3.564400 -0.008445 0.002073 0.020631 0.009468 0.002057 0.008931
3.567100 -0.008448 0.002074 0.020622 0.009468 0.002056 0.008934
3.569900 -0.008450 0.002075 0.020611 0.009468 0.002054 0.008938
3.572600 -0.008452 0.002076 0.020602 0.009468 0.002053 0.008941
3.575300 -0.008455 0.002077 0.020592 0.009468 0.002052 0.008944
3.578100 -0.008457 0.002078 0.020581 0.009468 0.002051 0.008947
3.580800 -0.008459 0.002078 0.020571 0.009468 0.002050 0.008950
3.583600 -0.008462 0.002079 0.020561 0.009469 0.002049 0.008954
3.586300 -0.008464 0.002080 0.020551 0.009469 0.002048 0.008957
3.589000 -0.008467 0.002081 0.020540 0.009469 0.002047 0.008960
3.591800 -0.008469 0.002082 0.020530 0.009469 0.002046 0.008963
3.594500 -0.008471 0.002083 0.020519 0.009469 0.002045 0.008966
3.597300 -0.008474 0.002084 0.020508 0.009469 0.002044 0.008970
3.600000 -0.008476 0.002085 0.020498 0.009469 0.002043 0.008973
3.602700 -0.008478 0.002086 0.020487 0.009469 0.002042 0.008976
3.605500 -0.008481 0.002087 0.020476 0.009469 0.002041 0.008979
3.608200 -0.008483 0.002087 0.020465 0.009469 0.002040 0.008982
3.611000 -0.008486 0.002088 0.020454 0.009469 0.002039 0.008986
3.613700 -0.008488 0.002089 0.020443 0.009469 0.002038 0.008989
3.616400 -0.008490 0.002090 0.020432 0.009469 0.002037 0.008992
3.619200 -0.008493 0.002091 0.020421 0.009469 0.002036 0.008995
3.621900 -0.008495 0.002092 0.020410 0.009469 0.002035 0.008998
3.624700 -0.008497 0.002093 0.020398 0.009469 0.002034 0.009001
3.627400 -0.008500 0.002094 0.020387 0.009469 0.002033 0.009004
3.630100 -0.008502 0.002095 0.020376 0.009469 0.002033 0.009008
3.632900 -0.008505 0.002096 0.020364 0.009469 0.002032 0.009011
3.635600 -0.008507 0.002096 0.020353 0.009469 0.002031 0.009014
3.638400 -0.008509 0.002097 0.020341 0.009469 0.002030 0.009017
3.641100 -0.008512 0.002098 0.020329 0.009469 0.002029 0.009020
3.643800 -0.008514 0.002099 0.020318 0.009469 0.002028 0.009023
3.646600 -0.008516 0.002100 0.020306 0.009469 0.002027 0.009027
3.649300 -0.008519 0.002101 0.020294 0.009469 0.002026 0.009030
3.652100 -0.008521 0.002102 0.020282 0.009469 0.002025 0.009033
3.654800 -0.008523 0.002103 0.020270 0.009469 0.002024 0.009036
3.657500 -0.008526 0.002104 0.020258 0.009469 0.002024 0.009039
3.660300 -0.008528 0.002104 0.020245 0.009469 0.002023 0.009042
3.663000 -0.008531 0.002105 0.020233 0.009469 0.002022 0.009045
3.726000 -0.008585 0.002126 0.019933 0.009469 0.002005 0.009118
3.728800 -0.008587 0.002127 0.019919 0.009469 0.002004 0.009121
3.731500 -0.008589 0.002127 0.019905 0.009469 0.002003 0.009124
3.734300 -0.008592 0.002128 0.019891 0.009469 0.002003 0.009127
3.737000 -0.008594 0.002129 0.019877 0.009469 0.002002 0.009130
3.739700 -0.008596 0.002130 0.019863 0.009469 0.002001 0.009134
3.742500 -0.008599 0.002131 0.019849 0.009469 0.002001 0.009137
3.745200 -0.008601 0.002132 0.019835 0.009469 0.002000 0.009140
3.747900 -0.008603 0.002133 0.019821 0.009469 0.001999 0.009143
3.750700 -0.008606 0.002134 0.019806 0.009469 0.001999 0.009146
3.753400 -0.008608 0.002134 0.019792 0.009469 0.001998 0.009149
3.756200 -0.008610 0.002135 0.019777 0.009469 0.001998 0.009153
3.758900 -0.008613 0.002136 0.019762 0.009469 0.001997 0.009156
3.761600 -0.008615 0.002137 0.019748 0.009469 0.001997 0.009159
3.764400 -0.008617 0.002138 0.019733 0.009469 0.001996 0.009162
3.767100 -0.008620 0.002139 0.019718 0.009469 0.001995 0.009165
3.769900 -0.008622 0.002140 0.019703 0.009469 0.001995 0.009168
3.772600 -0.008624 0.002141 0.019688 0.009468 0.001994 0.009172
3.775300 -0.008627 0.002141 0.019673 0.009468 0.001994 0.009175
3.778100 -0.008629 0.002142 0.019658 0.009468 0.001993 0.009178
3.780800 -0.008631 0.002143 0.019643 0.009468 0.001993 0.009181
3.783600 -0.008634 0.002144 0.019628 0.009468 0.001992 0.009184
3.786300 -0.008636 0.002145 0.019613 0.009468 0.001992 0.009188
3.789000 -0.008638 0.002146 0.019597 0.009468 0.001991 0.009191
3.791800 -0.008641 0.002147 0.019582 0.009468 0.001991 0.009194
3.794500 -0.008643 0.002147 0.019566 0.009468 0.001990 0.009197
3.797300 -0.008646 0.002148 0.019550 0.009468 0.001990 0.009200
3.800000 -0.008648 0.002149 0.019535 0.009468 0.001989 0.009204
3.802700 -0.008650 0.002150 0.019520 0.009468 0.001989 0.009207
3.805500 -0.008653 0.002151 0.019503 0.009468 0.001989 0.009210
3.808200 -0.008655 0.002152 0.019488 0.009468 0.001988 0.009213
3.811000 -0.008657 0.002153 0.019472 0.009468 0.001988 0.009217
3.813700 -0.008659 0.002154 0.019456 0.009468 0.001987 0.009220
3.816400 -0.008662 0.002154 0.019440 0.009467 0.001987 0.009223
3.819200 -0.008664 0.002155 0.019424 0.009467 0.001986 0.009226
3.821900 -0.008666 0.002156 0.019408 0.009467 0.001986 0.009230
3.824700 -0.008669 0.002157 0.019391 0.009467 0.001986 0.009233
3.827400 -0.008671 0.002158 0.019375 0.009467 0.001985 0.009236
3.830100 -0.008673 0.002159 0.019359 0.009467 0.001985 0.009239
3.832900 -0.008676 0.002160 0.019342 0.009467 0.001985 0.009243
3.835600 -0.008678 0.002160 0.019326 0.009467 0.001984 0.009246
3.838400 -0.008680 0.002161 0.019309 0.009467 0.001984 0.009249
3.841100 -0.008683 0.002162 0.019293 0.009467 0.001984 0.009252
3.843800 -0.008685 0.002163 0.019276 0.009467 0.001983 0.009256
3.846600 -0.008687 0.002164 0.019259 0.009467 0.001983 0.009259
3.849300 -0.008690 0.002165 0.019242 0.009466 0.001983 0.009262
3.852100 -0.008692 0.002166 0.019225 0.009466 0.001982 0.009266
3.854800 -0.008694 0.002166 0.019208 0.009466 0.001982 0.009269
3.857500 -0.008697 0.002167 0.019192 0.009466 0.001982 0.009272
3.860300 -0.008699 0.002168 0.019174 0.009466 0.001981 0.009276
3.863000 -0.008701 0.002169 0.019157 0.009466 0.001981 0.009279
3.865800 -0.008704 0.002170 0.019139 0.009466 0.001981 0.009282
3.868500 -0.008706 0.002171 0.019122 0.009466 0.001981 0.009286
3.871200 -0.008708 0.002172 0.019105 0.009466 0.001980 0.009289
3.874000 -0.008711 0.002172 0.019087 0.009466 0.001980 0.009292
3.876700 -0.008713 0.002173 0.019070 0.009465 0.001980 0.009296
3.879500 -0.008715 0.002174 0.019052 0.009465 0.001980 0.009299
3.882200 -0.008718 0.002175 0.019035 0.009465 0.001980 0.009302
3.884900 -0.008720 0.002176 0.019017 0.009465 0.001979 0.009306
3.887700 -0.008722 0.002177 0.018999 0.009465 0.001979 0.009309
3.890400 -0.008724 0.002177 0.018982 0.009465 0.001979 0.009312
3.893200 -0.008727 0.002178 0.018963 0.009465 0.001979 0.009316
3.895900 -0.008729 0.002179 0.018945 0.009465 0.001979 0.009319
3.898600 -0.008731 0.002180 0.018928 0.009465 0.001979 0.009323
3.901400 -0.008734 0.002181 0.018909 0.009464 0.001978 0.009326
3.904100 -0.008736 0.002182 0.018891 0.009464 0.001978 0.009329
3.906900 -0.008738 0.002183 0.018873 0.009464 0.001978 0.009333
3.909600 -0.008741 0.002183 0.018855 0.009464 0.001978 0.009336
3.912300 -0.008743 0.002184 0.018836 0.009464 0.001978 0.009340
3.915100 -0.008745 0.002185 0.018818 0.009464 0.001978 0.009343
3.917800 -0.008748 0.002186 0.018799 0.009464 0.001978 0.009347
3.920600 -0.008750 0.002187 0.018780 0.009464 0.001978 0.009350
3.923300 -0.008752 0.002188 0.018762 0.009464 0.001978 0.009354
3.926000 -0.008754 0.002188 0.018743 0.009463 0.001978 0.009357
3.928800 -0.008757 0.002189 0.018724 0.009463 0.001978 0.009361
3.931500 -0.008759 0.002190 0.018706 0.009463 0.001978 0.009364
3.934300 -0.008761 0.002191 0.018686 0.009463 0.001977 0.009368
3.937000 -0.008764 0.002192 0.018667 0.009463 0.001977 0.009371
3.939700 -0.008766 0.002193 0.018649 0.009463 0.001977 0.009375
3.945200 -0.008771 0.002194 0.018610 0.009462 0.001977 0.009382
3.947900 -0.008773 0.002195 0.018591 0.009462 0.001977 0.009385
3.950700 -0.008775 0.002196 0.018571 0.009462 0.001977 0.009389
3.953400 -0.008777 0.002197 0.018552 0.009462 0.001978 0.009392
3.956200 -0.008780 0.002198 0.018532 0.009462 0.001978 0.009396
3.958900 -0.008782 0.002199 0.018513 0.009462 0.001978 0.009399
3.961600 -0.008784 0.002199 0.018494 0.009462 0.001978 0.009403
3.969900 -0.008791 0.002202 0.018434 0.009461 0.001978 0.009414
3.972600 -0.008794 0.002203 0.018414 0.009461 0.001978 0.009417
3.975300 -0.008796 0.002204 0.018395 0.009461 0.001978 0.009421
3.978100 -0.008798 0.002204 0.018374 0.009461 0.001978 0.009425
3.980800 -0.008800 0.002205 0.018354 0.009461 0.001978 0.009428
3.983600 -0.008803 0.002206 0.018334 0.009460 0.001978 0.009432
3.986300 -0.008805 0.002207 0.018314 0.009460 0.001979 0.009436
3.989000 -0.008807 0.002208 0.018294 0.009460 0.001979 0.009439
3.991800 -0.008810 0.002209 0.018273 0.009460 0.001979 0.009443
3.994500 -0.008812 0.002209 0.018253 0.009460 0.001979 0.009447
3.997300 -0.008814 0.002210 0.018232 0.009460 0.001979 0.009451
4.000000 -0.008816 0.002211 0.018212 0.009460 0.001979 0.009454
4.002700 -0.008819 0.002212 0.018192 0.009459 0.001980 0.009458
4.005500 -0.008821 0.002213 0.018170 0.009459 0.001980 0.009462
4.008200 -0.008823 0.002214 0.018150 0.009459 0.001980 0.009465
4.011000 -0.008826 0.002214 0.018129 0.009459 0.001980 0.009469
4.013700 -0.008828 0.002215 0.018108 0.009459 0.001981 0.009473
4.016400 -0.008830 0.002216 0.018087 0.009459 0.001981 0.009477
4.019200 -0.008833 0.002217 0.018066 0.009458 0.001981 0.009481
4.021900 -0.008835 0.002218 0.018045 0.009458 0.001981 0.009484
4.024700 -0.008837 0.002219 0.018023 0.009458 0.001982 0.009488
4.027400 -0.008839 0.002219 0.018003 0.009458 0.001982 0.009492
4.030100 -0.008842 0.002220 0.017982 0.009458 0.001982 0.009496
4.032900 -0.008844 0.002221 0.017960 0.009458 0.001982 0.009500
4.035600 -0.008846 0.002222 0.017939 0.009457 0.001983 0.009504
4.038400 -0.008849 0.002223 0.017917 0.009457 0.001983 0.009508
4.041100 -0.008851 0.002224 0.017895 0.009457 0.001983 0.009511
4.043800 -0.008853 0.002224 0.017874 0.009457 0.001984 0.009515
4.046600 -0.008855 0.002225 0.017852 0.009457 0.001984 0.009519
4.049300 -0.008858 0.002226 0.017830 0.009457 0.001984 0.009523
4.052100 -0.008860 0.002227 0.017808 0.009456 0.001985 0.009527
4.054800 -0.008862 0.002228 0.017787 0.009456 0.001985 0.009531
4.057500 -0.008864 0.002229 0.017765 0.009456 0.001986 0.009535
4.060300 -0.008867 0.002229 0.017742 0.009456 0.001986 0.009539
4.065800 -0.008871 0.002231 0.017698 0.009455 0.001987 0.009547
4.068500 -0.008874 0.002232 0.017676 0.009455 0.001987 0.009551
4.071200 -0.008876 0.002233 0.017654 0.009455 0.001988 0.009555
4.074000 -0.008878 0.002233 0.017631 0.009455 0.001988 0.009559
4.076700 -0.008880 0.002234 0.017609 0.009455 0.001988 0.009563
4.079500 -0.008883 0.002235 0.017586 0.009454 0.001989 0.009567
4.082200 -0.008885 0.002236 0.017564 0.009454 0.001989 0.009571
4.084900 -0.008887 0.002237 0.017542 0.009454 0.001990 0.009575
4.087700 -0.008889 0.002238 0.017518 0.009454 0.001990 0.009580
4.090400 -0.008892 0.002238 0.017496 0.009454 0.001991 0.009584
4.093200 -0.008894 0.002239 0.017473 0.009454 0.001991 0.009588
4.095900 -0.008896 0.002240 0.017450 0.009453 0.001992 0.009592
4.098600 -0.008899 0.002241 0.017427 0.009453 0.001992 0.009596
4.101400 -0.008901 0.002242 0.017404 0.009453 0.001993 0.009600
4.104100 -0.008903 0.002242 0.017381 0.009453 0.001993 0.009604
4.106900 -0.008905 0.002243 0.017357 0.009453 0.001994 0.009609
4.109600 -0.008908 0.002244 0.017334 0.009452 0.001995 0.009613
4.112300 -0.008910 0.002245 0.017312 0.009452 0.001995 0.009617
4.115100 -0.008912 0.002246 0.017288 0.009452 0.001996 0.009621
4.117800 -0.008914 0.002247 0.017265 0.009452 0.001996 0.009626
4.120600 -0.008917 0.002247 0.017241 0.009452 0.001997 0.009630
4.123300 -0.008919 0.002248 0.017217 0.009451 0.001998 0.009634
4.126000 -0.008921 0.002249 0.017194 0.009451 0.001998 0.009639
4.128800 -0.008924 0.002250 0.017170 0.009451 0.001999 0.009643
4.131500 -0.008926 0.002251 0.017146 0.009451 0.001999 0.009647
4.134300 -0.008928 0.002251 0.017122 0.009451 0.002000 0.009652
4.137000 -0.008930 0.002252 0.017098 0.009450 0.002001 0.009656
4.139700 -0.008933 0.002253 0.017075 0.009450 0.002001 0.009660
4.142500 -0.008935 0.002254 0.017050 0.009450 0.002002 0.009665
4.145200 -0.008937 0.002255 0.017026 0.009450 0.002003 0.009669
4.147900 -0.008939 0.002255 0.017003 0.009449 0.002003 0.009674
4.156200 -0.008946 0.002258 0.016929 0.009449 0.002006 0.009687
4.158900 -0.008948 0.002259 0.016905 0.009449 0.002006 0.009692
4.161600 -0.008951 0.002259 0.016881 0.009448 0.002007 0.009696
4.164400 -0.008953 0.002260 0.016856 0.009448 0.002008 0.009701
4.167100 -0.008955 0.002261 0.016831 0.009448 0.002009 0.009705
4.169900 -0.008957 0.002262 0.016806 0.009448 0.002009 0.009710
4.172600 -0.008960 0.002263 0.016782 0.009447 0.002010 0.009714
4.175300 -0.008962 0.002264 0.016757 0.009447 0.002011 0.009719
4.178100 -0.008964 0.002264 0.016732 0.009447 0.002012 0.009724
4.183600 -0.008969 0.002266 0.016682 0.009447 0.002013 0.009733
4.186300 -0.008971 0.002267 0.016657 0.009446 0.002014 0.009738
4.189000 -0.008973 0.002268 0.016632 0.009446 0.002015 0.009742
4.191800 -0.008975 0.002268 0.016606 0.009446 0.002016 0.009747
4.194500 -0.008978 0.002269 0.016581 0.009446 0.002017 0.009752
4.197300 -0.008980 0.002270 0.016555 0.009445 0.002018 0.009757
4.200000 -0.008982 0.002271 0.016530 0.009445 0.002018 0.009761
4.202700 -0.008984 0.002272 0.016505 0.009445 0.002019 0.009766
4.205500 -0.008987 0.002272 0.016479 0.009445 0.002020 0.009771
4.208200 -0.008989 0.002273 0.016454 0.009445 0.002021 0.009776
4.211000 -0.008991 0.002274 0.016428 0.009444 0.002022 0.009781
4.213700 -0.008993 0.002275 0.016402 0.009444 0.002023 0.009785
4.216400 -0.008996 0.002276 0.016377 0.009444 0.002024 0.009790
4.219200 -0.008998 0.002276 0.016350 0.009444 0.002025 0.009795
4.221900 -0.009000 0.002277 0.016325 0.009443 0.002026 0.009800
4.224700 -0.009002 0.002278 0.016298 0.009443 0.002027 0.009805
4.227400 -0.009005 0.002279 0.016272 0.009443 0.002028 0.009810
4.230100 -0.009007 0.002280 0.016247 0.009443 0.002029 0.009815
4.232900 -0.009009 0.002280 0.016220 0.009442 0.002030 0.009820
4.235600 -0.009011 0.002281 0.016194 0.009442 0.002031 0.009825
4.238400 -0.009014 0.002282 0.016167 0.009442 0.002032 0.009830
4.241100 -0.009016 0.002283 0.016141 0.009442 0.002033 0.009835
4.243800 -0.009018 0.002284 0.016115 0.009441 0.002034 0.009840
4.246600 -0.009020 0.002284 0.016088 0.009441 0.002035 0.009845
4.249300 -0.009023 0.002285 0.016061 0.009441 0.002036 0.009850
4.254800 -0.009027 0.002287 0.016008 0.009440 0.002038 0.009861
4.257500 -0.009029 0.002288 0.015981 0.009440 0.002039 0.009866
4.260300 -0.009032 0.002288 0.015954 0.009440 0.002040 0.009871
4.263000 -0.009034 0.002289 0.015927 0.009440 0.002041 0.009876
4.265800 -0.009036 0.002290 0.015900 0.009439 0.002042 0.009881
4.268500 -0.009038 0.002291 0.015873 0.009439 0.002043 0.009887
4.271200 -0.009040 0.002291 0.015846 0.009439 0.002044 0.009892
4.274000 -0.009043 0.002292 0.015818 0.009439 0.002045 0.009897
4.276700 -0.009045 0.002293 0.015792 0.009438 0.002047 0.009903
4.279500 -0.009047 0.002294 0.015764 0.009438 0.002048 0.009908
4.284900 -0.009052 0.002295 0.015709 0.009438 0.002050 0.009919
4.287700 -0.009054 0.002296 0.015681 0.009437 0.002051 0.009924
4.290400 -0.009056 0.002297 0.015654 0.009437 0.002052 0.009929
4.293200 -0.009058 0.002298 0.015626 0.009437 0.002054 0.009935
4.295900 -0.009061 0.002299 0.015598 0.009437 0.002055 0.009940
4.298600 -0.009063 0.002299 0.015571 0.009436 0.002056 0.009946
4.301400 -0.009065 0.002300 0.015543 0.009436 0.002057 0.009951
4.309600 -0.009072 0.002303 0.015459 0.009435 0.002061 0.009968
4.312300 -0.009074 0.002303 0.015431 0.009435 0.002062 0.009974
4.315100 -0.009076 0.002304 0.015402 0.009435 0.002063 0.009979
4.317800 -0.009078 0.002305 0.015374 0.009435 0.002065 0.009985
4.320600 -0.009081 0.002306 0.015345 0.009434 0.002066 0.009991
4.326000 -0.009085 0.002307 0.015289 0.009434 0.002069 0.010002
4.328800 -0.009087 0.002308 0.015260 0.009433 0.002070 0.010008
4.331500 -0.009089 0.002309 0.015232 0.009433 0.002071 0.010013
4.334300 -0.009092 0.002310 0.015203 0.009433 0.002072 0.010019
4.337000 -0.009094 0.002310 0.015174 0.009433 0.002074 0.010025
4.339700 -0.009096 0.002311 0.015146 0.009432 0.002075 0.010031
4.342500 -0.009098 0.002312 0.015117 0.009432 0.002076 0.010037
4.345200 -0.009101 0.002313 0.015088 0.009432 0.002078 0.010043
4.347900 -0.009103 0.002313 0.015059 0.009432 0.002079 0.010048
4.350700 -0.009105 0.002314 0.015030 0.009431 0.002081 0.010054
4.353400 -0.009107 0.002315 0.015001 0.009431 0.002082 0.010060
4.356200 -0.009109 0.002316 0.014971 0.009431 0.002083 0.010066
4.358900 -0.009112 0.002317 0.014942 0.009430 0.002085 0.010072
4.361600 -0.009114 0.002317 0.014914 0.009430 0.002086 0.010078
4.364400 -0.009116 0.002318 0.014884 0.009430 0.002088 0.010084
4.367100 -0.009118 0.002319 0.014854 0.009430 0.002089 0.010090
4.369900 -0.009121 0.002320 0.014824 0.009429 0.002090 0.010097
4.372600 -0.009123 0.002321 0.014795 0.009429 0.002092 0.010103
4.375300 -0.009125 0.002321 0.014766 0.009429 0.002093 0.010109
4.378100 -0.009127 0.002322 0.014736 0.009429 0.002095 0.010115
4.380800 -0.009129 0.002323 0.014706 0.009428 0.002096 0.010121
4.383600 -0.009132 0.002324 0.014676 0.009428 0.002098 0.010127
4.386300 -0.009134 0.002324 0.014646 0.009428 0.002099 0.010134
4.389000 -0.009136 0.002325 0.014617 0.009427 0.002101 0.010140
4.391800 -0.009138 0.002326 0.014586 0.009427 0.002102 0.010146
4.394500 -0.009140 0.002327 0.014556 0.009427 0.002104 0.010152
4.397300 -0.009143 0.002328 0.014526 0.009427 0.002105 0.010159
4.400000 -0.009145 0.002328 0.014496 0.009426 0.002107 0.010165
4.402700 -0.009147 0.002329 0.014466 0.009426 0.002108 0.010171
4.405500 -0.009149 0.002330 0.014435 0.009426 0.002110 0.010178
4.408200 -0.009151 0.002331 0.014405 0.009425 0.002111 0.010184
4.411000 -0.009154 0.002331 0.014374 0.009425 0.002113 0.010191
4.413700 -0.009156 0.002332 0.014344 0.009425 0.002115 0.010197
4.416400 -0.009158 0.002333 0.014314 0.009425 0.002116 0.010204
4.419200 -0.009160 0.002334 0.014282 0.009424 0.002118 0.010210
4.421900 -0.009162 0.002334 0.014252 0.009424 0.002119 0.010217
4.424700 -0.009165 0.002335 0.014220 0.009424 0.002121 0.010224
4.427400 -0.009167 0.002336 0.014190 0.009423 0.002123 0.010230
4.430100 -0.009169 0.002337 0.014159 0.009423 0.002124 0.010237
4.432900 -0.009171 0.002338 0.014128 0.009423 0.002126 0.010244
4.435600 -0.009173 0.002338 0.014097 0.009422 0.002128 0.010250
4.438400 -0.009176 0.002339 0.014065 0.009422 0.002129 0.010257
4.441100 -0.009178 0.002340 0.014035 0.009422 0.002131 0.010264
4.443800 -0.009180 0.002341 0.014004 0.009422 0.002133 0.010270
4.446600 -0.009182 0.002341 0.013972 0.009421 0.002134 0.010277
4.449300 -0.009184 0.002342 0.013941 0.009421 0.002136 0.010284
4.452100 -0.009187 0.002343 0.013909 0.009421 0.002138 0.010291
4.454800 -0.009189 0.002344 0.013878 0.009420 0.002139 0.010298
4.457500 -0.009191 0.002344 0.013847 0.009420 0.002141 0.010305
4.460300 -0.009193 0.002345 0.013814 0.009420 0.002143 0.010312
4.463000 -0.009195 0.002346 0.013783 0.009419 0.002144 0.010319
4.465800 -0.009198 0.002347 0.013750 0.009419 0.002146 0.010326
4.468500 -0.009200 0.002348 0.013719 0.009419 0.002148 0.010333
4.471200 -0.009202 0.002348 0.013688 0.009419 0.002150 0.010340
4.474000 -0.009204 0.002349 0.013655 0.009418 0.002152 0.010347
4.476700 -0.009206 0.002350 0.013623 0.009418 0.002153 0.010354
4.479500 -0.009209 0.002351 0.013591 0.009418 0.002155 0.010361
4.482200 -0.009211 0.002351 0.013559 0.009417 0.002157 0.010369
4.484900 -0.009213 0.002352 0.013527 0.009417 0.002159 0.010376
4.487700 -0.009215 0.002353 0.013494 0.009417 0.002160 0.010383
4.490400 -0.009217 0.002354 0.013462 0.009416 0.002162 0.010390
4.495900 -0.009222 0.002355 0.013397 0.009416 0.002166 0.010405
4.498600 -0.009224 0.002356 0.013365 0.009415 0.002168 0.010412
4.501400 -0.009226 0.002357 0.013332 0.009415 0.002170 0.010420
4.504100 -0.009228 0.002357 0.013299 0.009415 0.002171 0.010427
4.506900 -0.009231 0.002358 0.013266 0.009415 0.002173 0.010435
4.509600 -0.009233 0.002359 0.013234 0.009414 0.002175 0.010442
4.512300 -0.009235 0.002360 0.013201 0.009414 0.002177 0.010449
4.515100 -0.009237 0.002360 0.013168 0.009414 0.002179 0.010457
4.517800 -0.009239 0.002361 0.013135 0.009413 0.002181 0.010464
4.520600 -0.009242 0.002362 0.013101 0.009413 0.002183 0.010472
4.523300 -0.009244 0.002363 0.013069 0.009413 0.002185 0.010480
4.526000 -0.009246 0.002363 0.013036 0.009412 0.002187 0.010487
4.528800 -0.009248 0.002364 0.013002 0.009412 0.002189 0.010495
4.531500 -0.009250 0.002365 0.012969 0.009412 0.002190 0.010503
4.534300 -0.009252 0.002366 0.012935 0.009411 0.002192 0.010511
4.537000 -0.009255 0.002367 0.012902 0.009411 0.002194 0.010518
4.539700 -0.009257 0.002367 0.012869 0.009411 0.002196 0.010526
4.542500 -0.009259 0.002368 0.012835 0.009410 0.002198 0.010534
4.545200 -0.009261 0.002369 0.012802 0.009410 0.002200 0.010542
4.547900 -0.009263 0.002370 0.012768 0.009410 0.002202 0.010549
4.550700 -0.009265 0.002370 0.012734 0.009409 0.002204 0.010558
4.553400 -0.009268 0.002371 0.012701 0.009409 0.002206 0.010565
4.556200 -0.009270 0.002372 0.012666 0.009409 0.002208 0.010574
4.558900 -0.009272 0.002373 0.012632 0.009409 0.002210 0.010581
4.561600 -0.009274 0.002373 0.012599 0.009408 0.002212 0.010589
4.564400 -0.009276 0.002374 0.012564 0.009408 0.002214 0.010598
4.567100 -0.009279 0.002375 0.012530 0.009408 0.002216 0.010606
4.569900 -0.009281 0.002376 0.012496 0.009407 0.002218 0.010614
4.572600 -0.009283 0.002376 0.012462 0.009407 0.002220 0.010622
4.575300 -0.009285 0.002377 0.012428 0.009407 0.002222 0.010630
4.597300 -0.009302 0.002383 0.012150 0.009404 0.002239 0.010697
4.600000 -0.009305 0.002384 0.012116 0.009404 0.002241 0.010705
4.602700 -0.009307 0.002385 0.012081 0.009403 0.002243 0.010714
4.605500 -0.009309 0.002385 0.012045 0.009403 0.002246 0.010722
4.608200 -0.009311 0.002386 0.012011 0.009403 0.002248 0.010731
4.611000 -0.009313 0.002387 0.011975 0.009402 0.002250 0.010740
4.613700 -0.009315 0.002388 0.011940 0.009402 0.002252 0.010748
4.616400 -0.009318 0.002388 0.011905 0.009402 0.002254 0.010757
4.619200 -0.009320 0.002389 0.011869 0.009401 0.002256 0.010766
4.621900 -0.009322 0.002390 0.011834 0.009401 0.002259 0.010774
4.624700 -0.009324 0.002391 0.011798 0.009401 0.002261 0.010783
4.627400 -0.009326 0.002391 0.011763 0.009400 0.002263 0.010792
4.630100 -0.009328 0.002392 0.011728 0.009400 0.002265 0.010801
4.632900 -0.009331 0.002393 0.011691 0.009400 0.002267 0.010810
4.635600 -0.009333 0.002393 0.011656 0.009399 0.002270 0.010819
4.638400 -0.009335 0.002394 0.011620 0.009399 0.002272 0.010828
4.641100 -0.009337 0.002395 0.011584 0.009399 0.002274 0.010837
4.643800 -0.009339 0.002396 0.011549 0.009398 0.002276 0.010845
4.646600 -0.009341 0.002396 0.011512 0.009398 0.002279 0.010855
4.649300 -0.009344 0.002397 0.011477 0.009398 0.002281 0.010864
4.652100 -0.009346 0.002398 0.011440 0.009397 0.002283 0.010873
4.654800 -0.009348 0.002399 0.011404 0.009397 0.002285 0.010882
4.657500 -0.009350 0.002399 0.011368 0.009397 0.002288 0.010891
4.660300 -0.009352 0.002400 0.011331 0.009396 0.002290 0.010900
4.663000 -0.009354 0.002401 0.011296 0.009396 0.002292 0.010909
4.671200 -0.009361 0.002403 0.011186 0.009395 0.002299 0.010937
4.674000 -0.009363 0.002404 0.011149 0.009395 0.002301 0.010947
4.676700 -0.009365 0.002405 0.011113 0.009394 0.002304 0.010956
4.679500 -0.009367 0.002405 0.011075 0.009394 0.002306 0.010966
4.682200 -0.009369 0.002406 0.011039 0.009394 0.002308 0.010975
4.684900 -0.009372 0.002407 0.011003 0.009393 0.002311 0.010985
4.690400 -0.009376 0.002408 0.010929 0.009393 0.002316 0.011004
4.693200 -0.009378 0.002409 0.010891 0.009392 0.002318 0.011014
4.695900 -0.009380 0.002410 0.010854 0.009392 0.002320 0.011023
4.704100 -0.009387 0.002412 0.010743 0.009391 0.002327 0.011052
4.706900 -0.009389 0.002413 0.010705 0.009390 0.002330 0.011062
4.709600 -0.009391 0.002413 0.010668 0.009390 0.002332 0.011072
4.712300 -0.009393 0.002414 0.010631 0.009390 0.002335 0.011082
4.715100 -0.009395 0.002415 0.010592 0.009389 0.002337 0.011092
4.723300 -0.009402 0.002417 0.010480 0.009388 0.002344 0.011122
4.726000 -0.009404 0.002418 0.010442 0.009388 0.002347 0.011131
4.728800 -0.009406 0.002419 0.010404 0.009388 0.002349 0.011142
4.737000 -0.009412 0.002421 0.010290 0.009387 0.002357 0.011172
4.742500 -0.009417 0.002422 0.010214 0.009386 0.002362 0.011193
4.745200 -0.009419 0.002423 0.010176 0.009386 0.002364 0.011203
4.747900 -0.009421 0.002424 0.010138 0.009385 0.002367 0.011213
4.750700 -0.009423 0.002424 0.010099 0.009385 0.002369 0.011224
4.756200 -0.009427 0.002426 0.010022 0.009384 0.002374 0.011244
4.758900 -0.009429 0.002427 0.009984 0.009384 0.002377 0.011255
4.761600 -0.009432 0.002427 0.009946 0.009383 0.002379 0.011265
4.764400 -0.009434 0.002428 0.009906 0.009383 0.002382 0.011276
4.769900 -0.009438 0.002430 0.009829 0.009382 0.002387 0.011297
4.772600 -0.009440 0.002430 0.009790 0.009382 0.002390 0.011308
4.775300 -0.009442 0.002431 0.009752 0.009382 0.002392 0.011318
4.778100 -0.009444 0.002432 0.009712 0.009381 0.002395 0.011329
4.780800 -0.009447 0.002432 0.009674 0.009381 0.002397 0.011340
4.783600 -0.009449 0.002433 0.009634 0.009381 0.002400 0.011351
4.786300 -0.009451 0.002434 0.009595 0.009380 0.002402 0.011361
4.789000 -0.009453 0.002435 0.009557 0.009380 0.002405 0.011372
4.791800 -0.009455 0.002435 0.009516 0.009379 0.002408 0.011383
4.794500 -0.009457 0.002436 0.009478 0.009379 0.002410 0.011394
4.797300 -0.009459 0.002437 0.009437 0.009379 0.002413 0.011405
4.800000 -0.009461 0.002437 0.009399 0.009378 0.002415 0.011416
4.802700 -0.009464 0.002438 0.009360 0.009378 0.002418 0.011427
4.805500 -0.009466 0.002439 0.009319 0.009378 0.002421 0.011438
4.808200 -0.009468 0.002440 0.009280 0.009377 0.002423 0.011449
4.811000 -0.009470 0.002440 0.009240 0.009377 0.002426 0.011461
4.813700 -0.009472 0.002441 0.009200 0.009377 0.002429 0.011472
4.819200 -0.009476 0.002443 0.009120 0.009376 0.002434 0.011494
4.821900 -0.009478 0.002443 0.009081 0.009375 0.002437 0.011506
4.824700 -0.009481 0.002444 0.009040 0.009375 0.002439 0.011517
