# time (yr) north(m) east(m) up(m) northsigma(m) eastsigma(m) upsigma(m)
0.000000 0.000000 0.000000 0.000000 0.001715 0.001193 0.000936
0.002700 -0.000025 0.000010 -0.000002 0.001718 0.001193 0.000936
0.005500 -0.000051 0.000020 -0.000004 0.001725 0.001193 0.000936
0.008200 -0.000076 0.000030 -0.000006 0.001735 0.001194 0.000936
0.011000 -0.000102 0.000040 -0.000008 0.001748 0.001195 0.000936
0.013700 -0.000127 0.000049 -0.000009 0.001762 0.001197 0.000937
0.019200 -0.000176 0.000067 -0.000013 0.001792 0.001200 0.000938
0.021900 -0.000199 0.000076 -0.000015 0.001808 0.001202 0.000939
0.027400 -0.000245 0.000094 -0.000019 0.001841 0.001206 0.000941
0.030100 -0.000268 0.000103 -0.000021 0.001858 0.001209 0.000942
0.032900 -0.000290 0.000112 -0.000023 0.001875 0.001211 0.000943
0.035600 -0.000312 0.000121 -0.000025 0.001891 0.001214 0.000944
0.041100 -0.000355 0.000138 -0.000030 0.001924 0.001221 0.000947
0.043800 -0.000376 0.000146 -0.000032 0.001940 0.001224 0.000949
0.046600 -0.000397 0.000155 -0.000034 0.001956 0.001228 0.000950
0.049300 -0.000417 0.000163 -0.000036 0.001972 0.001232 0.000952
0.054800 -0.000456 0.000180 -0.000041 0.002002 0.001240 0.000956
0.057500 -0.000476 0.000188 -0.000043 0.002017 0.001244 0.000958
0.063000 -0.000514 0.000205 -0.000048 0.002045 0.001253 0.000963
0.065800 -0.000533 0.000213 -0.000050 0.002059 0.001257 0.000965
0.068500 -0.000551 0.000221 -0.000052 0.002073 0.001262 0.000968
0.071200 -0.000569 0.000229 -0.000055 0.002085 0.001267 0.000971
0.074000 -0.000587 0.000237 -0.000057 0.002098 0.001272 0.000973
0.076700 -0.000604 0.000245 -0.000059 0.002111 0.001276 0.000976
0.079500 -0.000622 0.000253 -0.000062 0.002123 0.001282 0.000979
0.082200 -0.000639 0.000261 -0.000064 0.002135 0.001287 0.000982
0.084900 -0.000656 0.000269 -0.000067 0.002146 0.001292 0.000986
0.087700 -0.000673 0.000277 -0.000069 0.002157 0.001297 0.000989
0.090400 -0.000689 0.000285 -0.000072 0.002168 0.001302 0.000992
0.093200 -0.000706 0.000292 -0.000074 0.002179 0.001308 0.000996
0.095900 -0.000721 0.000300 -0.000077 0.002189 0.001313 0.000999
0.098600 -0.000737 0.000308 -0.000079 0.002199 0.001318 0.001003
0.101400 -0.000753 0.000315 -0.000082 0.002209 0.001324 0.001007
0.104100 -0.000768 0.000323 -0.000085 0.002219 0.001329 0.001011
0.109600 -0.000799 0.000338 -0.000090 0.002237 0.001340 0.001019
0.112300 -0.000813 0.000345 -0.000093 0.002246 0.001346 0.001023
0.117800 -0.000842 0.000360 -0.000098 0.002263 0.001357 0.001032
0.120600 -0.000857 0.000367 -0.000101 0.002272 0.001363 0.001036
0.123300 -0.000871 0.000375 -0.000104 0.002280 0.001368 0.001041
0.126000 -0.000884 0.000382 -0.000106 0.002288 0.001374 0.001045
0.128800 -0.000898 0.000389 -0.000109 0.002296 0.001379 0.001050
0.131500 -0.000911 0.000396 -0.000112 0.002303 0.001385 0.001055
0.137000 -0.000938 0.000410 -0.000118 0.002318 0.001396 0.001064
0.139700 -0.000951 0.000417 -0.000121 0.002325 0.001402 0.001069
0.142500 -0.000964 0.000424 -0.000124 0.002332 0.001408 0.001074
0.145200 -0.000976 0.000431 -0.000127 0.002339 0.001413 0.001079
0.147900 -0.000988 0.000438 -0.000130 0.002346 0.001419 0.001085
0.150700 -0.001001 0.000445 -0.000133 0.002352 0.001424 0.001090
0.153400 -0.001013 0.000452 -0.000136 0.002359 0.001430 0.001095
0.156200 -0.001025 0.000459 -0.000139 0.002365 0.001435 0.001101
0.158900 -0.001037 0.000465 -0.000142 0.002371 0.001441 0.001106
0.161600 -0.001048 0.000472 -0.000145 0.002377 0.001446 0.001112
0.164400 -0.001060 0.000479 -0.000148 0.002384 0.001452 0.001117
0.167100 -0.001071 0.000485 -0.000151 0.002389 0.001458 0.001123
0.169900 -0.001083 0.000492 -0.000155 0.002395 0.001463 0.001129
0.172600 -0.001093 0.000499 -0.000158 0.002401 0.001469 0.001135
0.175300 -0.001104 0.000505 -0.000161 0.002407 0.001474 0.001140
0.178100 -0.001115 0.000512 -0.000164 0.002412 0.001480 0.001146
0.180800 -0.001125 0.000518 -0.000167 0.002418 0.001485 0.001152
0.183600 -0.001136 0.000525 -0.000171 0.002423 0.001490 0.001158
0.186300 -0.001146 0.000531 -0.000174 0.002429 0.001496 0.001164
0.189000 -0.001156 0.000537 -0.000177 0.002434 0.001501 0.001170
0.191800 -0.001167 0.000544 -0.000181 0.002439 0.001507 0.001177
0.197300 -0.001186 0.000557 -0.000188 0.002449 0.001517 0.001189
0.200000 -0.001196 0.000563 -0.000191 0.002454 0.001522 0.001195
0.202700 -0.001205 0.000569 -0.000194 0.002459 0.001528 0.001201
0.205500 -0.001215 0.000575 -0.000198 0.002464 0.001533 0.001208
0.208200 -0.001224 0.000581 -0.000201 0.002469 0.001538 0.001214
0.211000 -0.001233 0.000588 -0.000205 0.002474 0.001544 0.001221
0.213700 -0.001242 0.000594 -0.000209 0.002478 0.001549 0.001227
0.216400 -0.001251 0.000600 -0.000212 0.002483 0.001554 0.001234
0.221900 -0.001268 0.000612 -0.000219 0.002492 0.001564 0.001247
0.224700 -0.001277 0.000618 -0.000223 0.002497 0.001569 0.001253
0.227400 -0.001285 0.000624 -0.000227 0.002501 0.001574 0.001260
0.230100 -0.001294 0.000630 -0.000230 0.002506 0.001579 0.001267
0.235600 -0.001310 0.000641 -0.000238 0.002514 0.001589 0.001280
0.238400 -0.001318 0.000647 -0.000242 0.002519 0.001595 0.001287
0.241100 -0.001326 0.000653 -0.000245 0.002523 0.001600 0.001293
0.243800 -0.001333 0.000659 -0.000249 0.002527 0.001604 0.001300
0.246600 -0.001341 0.000665 -0.000253 0.002532 0.001609 0.001307
0.249300 -0.001349 0.000670 -0.000257 0.002536 0.001614 0.001314
0.252100 -0.001356 0.000676 -0.000261 0.002540 0.001619 0.001321
0.254800 -0.001363 0.000682 -0.000265 0.002544 0.001624 0.001327
0.257500 -0.001371 0.000687 -0.000269 0.002548 0.001629 0.001334
0.260300 -0.001378 0.000693 -0.000273 0.002552 0.001634 0.001341
0.263000 -0.001385 0.000698 -0.000277 0.002556 0.001639 0.001348
0.265800 -0.001392 0.000704 -0.000281 0.002560 0.001643 0.001355
0.268500 -0.001399 0.000710 -0.000285 0.002564 0.001648 0.001362
0.271200 -0.001405 0.000715 -0.000289 0.002567 0.001653 0.001369
0.274000 -0.001412 0.000721 -0.000293 0.002571 0.001658 0.001376
0.276700 -0.001419 0.000726 -0.000297 0.002575 0.001662 0.001383
0.279500 -0.001425 0.000732 -0.000301 0.002579 0.001667 0.001390
0.282200 -0.001432 0.000737 -0.000305 0.002583 0.001672 0.001397
0.284900 -0.001438 0.000742 -0.000310 0.002586 0.001676 0.001403
0.287700 -0.001444 0.000748 -0.000314 0.002590 0.001681 0.001411
0.290400 -0.001450 0.000753 -0.000318 0.002594 0.001686 0.001417
0.293200 -0.001456 0.000758 -0.000322 0.002597 0.001690 0.001424
0.295900 -0.001462 0.000764 -0.000327 0.002601 0.001695 0.001431
0.298600 -0.001468 0.000769 -0.000331 0.002604 0.001699 0.001438
0.301400 -0.001474 0.000774 -0.000335 0.002608 0.001704 0.001445
0.304100 -0.001479 0.000779 -0.000340 0.002611 0.001708 0.001452
0.306900 -0.001485 0.000785 -0.000344 0.002615 0.001713 0.001459
0.309600 -0.001491 0.000790 -0.000348 0.002618 0.001717 0.001466
0.312300 -0.001496 0.000795 -0.000353 0.002622 0.001722 0.001473
0.315100 -0.001502 0.000800 -0.000357 0.002625 0.001726 0.001480
0.317800 -0.001507 0.000805 -0.000362 0.002628 0.001731 0.001487
0.320600 -0.001512 0.000810 -0.000366 0.002632 0.001735 0.001494
0.323300 -0.001517 0.000815 -0.000371 0.002635 0.001739 0.001501
0.326000 -0.001522 0.000820 -0.000375 0.002638 0.001744 0.001508
0.328800 -0.001527 0.000826 -0.000380 0.002641 0.001748 0.001515
0.334300 -0.001537 0.000836 -0.000389 0.002648 0.001757 0.001529
0.337000 -0.001542 0.000840 -0.000394 0.002651 0.001761 0.001536
0.339700 -0.001547 0.000845 -0.000399 0.002654 0.001765 0.001542
0.342500 -0.001551 0.000850 -0.000404 0.002657 0.001770 0.001550
0.345200 -0.001556 0.000855 -0.000408 0.002660 0.001774 0.001556
0.347900 -0.001560 0.000860 -0.000413 0.002663 0.001778 0.001563
0.350700 -0.001565 0.000865 -0.000418 0.002666 0.001782 0.001570
0.353400 -0.001569 0.000870 -0.000423 0.002669 0.001786 0.001577
0.356200 -0.001574 0.000875 -0.000428 0.002672 0.001791 0.001584
0.358900 -0.001578 0.000879 -0.000432 0.002675 0.001795 0.001591
0.361600 -0.001582 0.000884 -0.000437 0.002678 0.001799 0.001597
0.364400 -0.001586 0.000889 -0.000442 0.002681 0.001803 0.001604
0.367100 -0.001590 0.000894 -0.000447 0.002684 0.001807 0.001611
0.369900 -0.001594 0.000899 -0.000452 0.002687 0.001811 0.001618
0.372600 -0.001598 0.000903 -0.000457 0.002690 0.001815 0.001625
0.375300 -0.001602 0.000908 -0.000462 0.002692 0.001819 0.001631
0.378100 -0.001606 0.000913 -0.000467 0.002695 0.001823 0.001638
0.380800 -0.001610 0.000917 -0.000472 0.002698 0.001827 0.001645
0.602700 -0.001775 0.001242 -0.000972 0.002861 0.002110 0.002121
0.605500 -0.001776 0.001246 -0.000980 0.002863 0.002113 0.002126
0.613700 -0.001779 0.001256 -0.001002 0.002867 0.002122 0.002141
0.616400 -0.001779 0.001259 -0.001009 0.002869 0.002125 0.002145
0.619200 -0.001780 0.001263 -0.001016 0.002870 0.002128 0.002150
0.621900 -0.001781 0.001266 -0.001024 0.002872 0.002131 0.002155
0.654800 -0.001788 0.001306 -0.001114 0.002889 0.002166 0.002211
0.657500 -0.001789 0.001309 -0.001122 0.002891 0.002169 0.002215
0.665800 -0.001790 0.001319 -0.001145 0.002895 0.002178 0.002228
0.668500 -0.001790 0.001322 -0.001153 0.002896 0.002181 0.002233
0.671200 -0.001791 0.001325 -0.001161 0.002898 0.002183 0.002237
0.674000 -0.001791 0.001328 -0.001169 0.002899 0.002186 0.002241
0.693200 -0.001794 0.001350 -0.001225 0.002908 0.002206 0.002271
0.915100 -0.001796 0.001572 -0.001945 0.003012 0.002411 0.002543
0.917800 -0.001796 0.001574 -0.001955 0.003013 0.002414 0.002545
0.920600 -0.001796 0.001577 -0.001965 0.003015 0.002416 0.002548
0.923300 -0.001796 0.001579 -0.001975 0.003016 0.002418 0.002551
0.928800 -0.001796 0.001584 -0.001994 0.003018 0.002423 0.002556
0.931500 -0.001796 0.001586 -0.002004 0.003019 0.002425 0.002558
0.934300 -0.001796 0.001588 -0.002014 0.003021 0.002427 0.002561
0.937000 -0.001796 0.001591 -0.002024 0.003022 0.002430 0.002563
0.939700 -0.001796 0.001593 -0.002033 0.003023 0.002432 0.002566
0.942500 -0.001795 0.001595 -0.002043 0.003024 0.002434 0.002568
0.945200 -0.001795 0.001598 -0.002053 0.003026 0.002436 0.002571
0.947900 -0.001795 0.001600 -0.002063 0.003027 0.002439 0.002573
0.950700 -0.001795 0.001602 -0.002073 0.003028 0.002441 0.002576
0.953400 -0.001795 0.001605 -0.002083 0.003029 0.002443 0.002578
0.956200 -0.001795 0.001607 -0.002093 0.003031 0.002445 0.002581
0.958900 -0.001795 0.001609 -0.002103 0.003032 0.002448 0.002583
0.961600 -0.001795 0.001611 -0.002113 0.003033 0.002450 0.002585
0.964400 -0.001795 0.001614 -0.002123 0.003034 0.002452 0.002588
0.967100 -0.001795 0.001616 -0.002133 0.003036 0.002454 0.002590
0.969900 -0.001795 0.001618 -0.002143 0.003037 0.002457 0.002592
0.972600 -0.001795 0.001620 -0.002153 0.003038 0.002459 0.002595
0.975300 -0.001795 0.001623 -0.002163 0.003039 0.002461 0.002597
0.978100 -0.001794 0.001625 -0.002173 0.003041 0.002463 0.002599
0.980800 -0.001794 0.001627 -0.002183 0.003042 0.002465 0.002602
0.983600 -0.001794 0.001629 -0.002193 0.003043 0.002468 0.002604
0.986300 -0.001794 0.001632 -0.002203 0.003044 0.002470 0.002606
0.989000 -0.001794 0.001634 -0.002213 0.003045 0.002472 0.002608
0.991800 -0.001794 0.001636 -0.002224 0.003047 0.002474 0.002611
0.994500 -0.001794 0.001638 -0.002234 0.003048 0.002476 0.002613
0.997300 -0.001794 0.001640 -0.002244 0.003049 0.002478 0.002615
1.000000 -0.001794 0.001643 -0.002254 0.003050 0.002481 0.002617
1.002700 -0.001794 0.001645 -0.002264 0.003052 0.002483 0.002619
1.005500 -0.001794 0.001647 -0.002275 0.003053 0.002485 0.002622
1.008200 -0.001794 0.001649 -0.002285 0.003054 0.002487 0.002624
1.011000 -0.001794 0.001651 -0.002295 0.003055 0.002489 0.002626
1.013700 -0.001794 0.001653 -0.002305 0.003057 0.002491 0.002628
1.016400 -0.001794 0.001655 -0.002316 0.003058 0.002494 0.002630
1.019200 -0.001794 0.001658 -0.002326 0.003059 0.002496 0.002632
1.021900 -0.001794 0.001660 -0.002336 0.003060 0.002498 0.002634
1.024700 -0.001794 0.001662 -0.002347 0.003061 0.002500 0.002636
1.027400 -0.001794 0.001664 -0.002357 0.003063 0.002502 0.002638
1.030100 -0.001794 0.001666 -0.002367 0.003064 0.002504 0.002641
1.032900 -0.001794 0.001668 -0.002378 0.003065 0.002506 0.002643
1.035600 -0.001794 0.001670 -0.002388 0.003066 0.002508 0.002645
1.038400 -0.001794 0.001672 -0.002399 0.003068 0.002511 0.002647
1.041100 -0.001794 0.001674 -0.002409 0.003069 0.002513 0.002649
1.043800 -0.001794 0.001676 -0.002419 0.003070 0.002515 0.002651
1.046600 -0.001794 0.001678 -0.002430 0.003071 0.002517 0.002653
1.049300 -0.001794 0.001681 -0.002440 0.003072 0.002519 0.002655
1.052100 -0.001794 0.001683 -0.002451 0.003074 0.002521 0.002657
1.054800 -0.001794 0.001685 -0.002462 0.003075 0.002523 0.002658
1.057500 -0.001794 0.001687 -0.002472 0.003076 0.002525 0.002660
1.060300 -0.001794 0.001689 -0.002483 0.003077 0.002527 0.002662
1.063000 -0.001794 0.001691 -0.002493 0.003078 0.002529 0.002664
1.065800 -0.001794 0.001693 -0.002504 0.003080 0.002531 0.002666
1.068500 -0.001794 0.001695 -0.002514 0.003081 0.002534 0.002668
1.071200 -0.001794 0.001697 -0.002525 0.003082 0.002536 0.002670
1.074000 -0.001794 0.001699 -0.002536 0.003083 0.002538 0.002672
1.076700 -0.001794 0.001701 -0.002546 0.003085 0.002540 0.002674
1.079500 -0.001794 0.001703 -0.002557 0.003086 0.002542 0.002675
1.082200 -0.001794 0.001705 -0.002567 0.003087 0.002544 0.002677
1.084900 -0.001794 0.001707 -0.002578 0.003088 0.002546 0.002679
1.087700 -0.001794 0.001709 -0.002589 0.003089 0.002548 0.002681
1.090400 -0.001794 0.001711 -0.002599 0.003091 0.002550 0.002683
1.093200 -0.001794 0.001713 -0.002610 0.003092 0.002552 0.002684
1.095900 -0.001794 0.001715 -0.002621 0.003093 0.002554 0.002686
1.098600 -0.001794 0.001716 -0.002631 0.003094 0.002556 0.002688
1.101400 -0.001794 0.001718 -0.002642 0.003095 0.002558 0.002690
1.104100 -0.001794 0.001720 -0.002653 0.003096 0.002560 0.002691
1.106900 -0.001795 0.001722 -0.002664 0.003098 0.002562 0.002693
1.109600 -0.001795 0.001724 -0.002675 0.003099 0.002564 0.002695
1.112300 -0.001795 0.001726 -0.002685 0.003100 0.002566 0.002696
1.115100 -0.001795 0.001728 -0.002696 0.003101 0.002568 0.002698
1.117800 -0.001795 0.001730 -0.002707 0.003102 0.002570 0.002700
1.120600 -0.001795 0.001732 -0.002718 0.003104 0.002572 0.002702
1.123300 -0.001795 0.001734 -0.002729 0.003105 0.002574 0.002703
1.126000 -0.001795 0.001736 -0.002739 0.003106 0.002576 0.002705
1.128800 -0.001796 0.001737 -0.002751 0.003107 0.002578 0.002707
1.131500 -0.001796 0.001739 -0.002761 0.003108 0.002580 0.002708
1.134300 -0.001796 0.001741 -0.002772 0.003110 0.002582 0.002710
1.137000 -0.001796 0.001743 -0.002783 0.003111 0.002584 0.002711
1.139700 -0.001796 0.001745 -0.002794 0.003112 0.002586 0.002713
1.142500 -0.001796 0.001747 -0.002805 0.003113 0.002588 0.002715
1.145200 -0.001796 0.001749 -0.002816 0.003114 0.002590 0.002716
1.147900 -0.001797 0.001750 -0.002827 0.003115 0.002592 0.002718
1.150700 -0.001797 0.001752 -0.002838 0.003117 0.002594 0.002719
1.153400 -0.001797 0.001754 -0.002849 0.003118 0.002596 0.002721
1.156200 -0.001797 0.001756 -0.002860 0.003119 0.002598 0.002722
1.158900 -0.001797 0.001758 -0.002871 0.003120 0.002600 0.002724
1.161600 -0.001798 0.001759 -0.002882 0.003121 0.002602 0.002725
1.164400 -0.001798 0.001761 -0.002893 0.003122 0.002604 0.002727
1.167100 -0.001798 0.001763 -0.002904 0.003123 0.002605 0.002729
1.169900 -0.001798 0.001765 -0.002915 0.003125 0.002607 0.002730
1.172600 -0.001798 0.001767 -0.002926 0.003126 0.002609 0.002732
1.175300 -0.001799 0.001768 -0.002937 0.003127 0.002611 0.002733
1.178100 -0.001799 0.001770 -0.002948 0.003128 0.002613 0.002734
1.180800 -0.001799 0.001772 -0.002959 0.003129 0.002615 0.002736
1.183600 -0.001799 0.001774 -0.002970 0.003130 0.002617 0.002737
1.186300 -0.001800 0.001775 -0.002981 0.003132 0.002619 0.002739
1.189000 -0.001800 0.001777 -0.002992 0.003133 0.002621 0.002740
1.191800 -0.001800 0.001779 -0.003004 0.003134 0.002623 0.002742
1.194500 -0.001800 0.001781 -0.003015 0.003135 0.002625 0.002743
1.197300 -0.001801 0.001782 -0.003026 0.003136 0.002627 0.002745
1.200000 -0.001801 0.001784 -0.003037 0.003137 0.002628 0.002746
1.202700 -0.001801 0.001786 -0.003048 0.003138 0.002630 0.002747
1.205500 -0.001802 0.001788 -0.003060 0.003139 0.002632 0.002749
1.208200 -0.001802 0.001789 -0.003071 0.003141 0.002634 0.002750
1.211000 -0.001802 0.001791 -0.003082 0.003142 0.002636 0.002751
1.213700 -0.001802 0.001793 -0.003093 0.003143 0.002638 0.002753
1.216400 -0.001803 0.001794 -0.003104 0.003144 0.002640 0.002754
1.219200 -0.001803 0.001796 -0.003116 0.003145 0.002642 0.002756
1.221900 -0.001803 0.001798 -0.003127 0.003146 0.002643 0.002757
1.224700 -0.001804 0.001799 -0.003138 0.003147 0.002645 0.002758
1.227400 -0.001804 0.001801 -0.003150 0.003148 0.002647 0.002760
1.230100 -0.001804 0.001803 -0.003161 0.003149 0.002649 0.002761
1.232900 -0.001805 0.001804 -0.003172 0.003151 0.002651 0.002762
1.235600 -0.001805 0.001806 -0.003183 0.003152 0.002653 0.002763
1.238400 -0.001806 0.001808 -0.003195 0.003153 0.002655 0.002765
1.241100 -0.001806 0.001809 -0.003206 0.003154 0.002656 0.002766
1.243800 -0.001806 0.001811 -0.003217 0.003155 0.002658 0.002767
1.246600 -0.001807 0.001813 -0.003229 0.003156 0.002660 0.002769
1.249300 -0.001807 0.001814 -0.003240 0.003157 0.002662 0.002770
1.252100 -0.001807 0.001816 -0.003252 0.003158 0.002664 0.002771
1.254800 -0.001808 0.001817 -0.003263 0.003159 0.002666 0.002772
1.257500 -0.001808 0.001819 -0.003274 0.003160 0.002667 0.002774
1.260300 -0.001809 0.001821 -0.003286 0.003162 0.002669 0.002775
1.263000 -0.001809 0.001822 -0.003297 0.003163 0.002671 0.002776
1.265800 -0.001810 0.001824 -0.003309 0.003164 0.002673 0.002777
1.268500 -0.001810 0.001826 -0.003320 0.003165 0.002675 0.002778
1.271200 -0.001810 0.001827 -0.003331 0.003166 0.002677 0.002780
1.274000 -0.001811 0.001829 -0.003343 0.003167 0.002678 0.002781
1.276700 -0.001811 0.001830 -0.003354 0.003168 0.002680 0.002782
1.279500 -0.001812 0.001832 -0.003366 0.003169 0.002682 0.002783
1.282200 -0.001812 0.001833 -0.003377 0.003170 0.002684 0.002784
1.284900 -0.001813 0.001835 -0.003389 0.003171 0.002686 0.002786
1.287700 -0.001813 0.001837 -0.003400 0.003172 0.002687 0.002787
1.290400 -0.001814 0.001838 -0.003412 0.003173 0.002689 0.002788
1.293200 -0.001814 0.001840 -0.003424 0.003174 0.002691 0.002789
1.295900 -0.001815 0.001841 -0.003435 0.003175 0.002693 0.002790
1.298600 -0.001815 0.001843 -0.003446 0.003176 0.002695 0.002791
1.301400 -0.001816 0.001844 -0.003458 0.003178 0.002696 0.002792
1.304100 -0.001816 0.001846 -0.003469 0.003179 0.002698 0.002794
1.306900 -0.001817 0.001847 -0.003481 0.003180 0.002700 0.002795
1.309600 -0.001817 0.001849 -0.003493 0.003181 0.002702 0.002796
1.312300 -0.001818 0.001850 -0.003504 0.003182 0.002703 0.002797
1.315100 -0.001819 0.001852 -0.003516 0.003183 0.002705 0.002798
1.317800 -0.001819 0.001853 -0.003527 0.003184 0.002707 0.002799
1.320600 -0.001820 0.001855 -0.003539 0.003185 0.002709 0.002800
1.323300 -0.001820 0.001856 -0.003551 0.003186 0.002711 0.002801
1.326000 -0.001821 0.001858 -0.003562 0.003187 0.002712 0.002802
1.328800 -0.001821 0.001859 -0.003574 0.003188 0.002714 0.002803
1.331500 -0.001822 0.001861 -0.003585 0.003189 0.002716 0.002804
1.334300 -0.001823 0.001862 -0.003597 0.003190 0.002718 0.002806
1.337000 -0.001823 0.001864 -0.003609 0.003191 0.002719 0.002807
1.342500 -0.001824 0.001867 -0.003632 0.003193 0.002723 0.002809
1.345200 -0.001825 0.001868 -0.003644 0.003194 0.002724 0.002810
1.347900 -0.001826 0.001869 -0.003655 0.003195 0.002726 0.002811
1.350700 -0.001826 0.001871 -0.003667 0.003196 0.002728 0.002812
1.353400 -0.001827 0.001872 -0.003679 0.003197 0.002730 0.002813
1.356200 -0.001828 0.001874 -0.003691 0.003198 0.002731 0.002814
1.358900 -0.001828 0.001875 -0.003702 0.003199 0.002733 0.002815
1.361600 -0.001829 0.001877 -0.003714 0.003200 0.002735 0.002816
1.364400 -0.001830 0.001878 -0.003726 0.003201 0.002737 0.002817
1.367100 -0.001830 0.001879 -0.003737 0.003202 0.002738 0.002818
1.369900 -0.001831 0.001881 -0.003749 0.003203 0.002740 0.002819
1.372600 -0.001832 0.001882 -0.003761 0.003204 0.002742 0.002820
1.375300 -0.001833 0.001884 -0.003773 0.003205 0.002743 0.002821
1.378100 -0.001833 0.001885 -0.003785 0.003206 0.002745 0.002822
1.380800 -0.001834 0.001886 -0.003796 0.003207 0.002747 0.002823
1.383600 -0.001835 0.001888 -0.003808 0.003208 0.002749 0.002824
1.386300 -0.001835 0.001889 -0.003820 0.003209 0.002750 0.002825
1.389000 -0.001836 0.001890 -0.003832 0.003210 0.002752 0.002825
1.391800 -0.001837 0.001892 -0.003844 0.003211 0.002754 0.002826
1.394500 -0.001838 0.001893 -0.003855 0.003212 0.002755 0.002827
1.397300 -0.001839 0.001895 -0.003867 0.003212 0.002757 0.002828
1.400000 -0.001839 0.001896 -0.003879 0.003213 0.002759 0.002829
1.402700 -0.001840 0.001897 -0.003891 0.003214 0.002760 0.002830
1.405500 -0.001841 0.001899 -0.003903 0.003215 0.002762 0.002831
1.408200 -0.001842 0.001900 -0.003915 0.003216 0.002764 0.002832
1.411000 -0.001842 0.001901 -0.003927 0.003217 0.002765 0.002833
1.413700 -0.001843 0.001903 -0.003938 0.003218 0.002767 0.002834
1.416400 -0.001844 0.001904 -0.003950 0.003219 0.002769 0.002835
1.419200 -0.001845 0.001905 -0.003962 0.003220 0.002770 0.002836
1.421900 -0.001846 0.001907 -0.003974 0.003221 0.002772 0.002837
1.424700 -0.001847 0.001908 -0.003986 0.003222 0.002774 0.002837
1.427400 -0.001847 0.001909 -0.003998 0.003223 0.002775 0.002838
1.430100 -0.001848 0.001911 -0.004010 0.003224 0.002777 0.002839
1.432900 -0.001849 0.001912 -0.004022 0.003225 0.002779 0.002840
1.435600 -0.001850 0.001913 -0.004034 0.003225 0.002780 0.002841
1.438400 -0.001851 0.001914 -0.004046 0.003226 0.002782 0.002842
1.441100 -0.001852 0.001916 -0.004058 0.003227 0.002784 0.002843
1.443800 -0.001853 0.001917 -0.004069 0.003228 0.002785 0.002844
1.446600 -0.001854 0.001918 -0.004081 0.003229 0.002787 0.002844
1.449300 -0.001855 0.001920 -0.004093 0.003230 0.002789 0.002845
1.452100 -0.001855 0.001921 -0.004106 0.003231 0.002790 0.002846
1.454800 -0.001856 0.001922 -0.004117 0.003232 0.002792 0.002847
1.471200 -0.001862 0.001930 -0.004189 0.003237 0.002802 0.002852
1.474000 -0.001863 0.001931 -0.004201 0.003238 0.002803 0.002853
1.476700 -0.001864 0.001932 -0.004213 0.003239 0.002805 0.002854
1.479500 -0.001865 0.001933 -0.004226 0.003240 0.002806 0.002854
1.482200 -0.001866 0.001934 -0.004237 0.003240 0.002808 0.002855
1.484900 -0.001867 0.001936 -0.004249 0.003241 0.002810 0.002856
1.487700 -0.001868 0.001937 -0.004262 0.003242 0.002811 0.002857
1.490400 -0.001869 0.001938 -0.004273 0.003243 0.002813 0.002858
1.493200 -0.001870 0.001939 -0.004286 0.003244 0.002814 0.002858
1.495900 -0.001871 0.001941 -0.004298 0.003245 0.002816 0.002859
1.498600 -0.001872 0.001942 -0.004310 0.003246 0.002818 0.002860
1.501400 -0.001873 0.001943 -0.004322 0.003246 0.002819 0.002861
1.504100 -0.001874 0.001944 -0.004334 0.003247 0.002821 0.002862
1.506900 -0.001875 0.001945 -0.004346 0.003248 0.002822 0.002862
1.509600 -0.001876 0.001946 -0.004358 0.003249 0.002824 0.002863
1.512300 -0.001878 0.001948 -0.004370 0.003250 0.002826 0.002864
1.515100 -0.001879 0.001949 -0.004382 0.003251 0.002827 0.002865
1.517800 -0.001880 0.001950 -0.004394 0.003251 0.002829 0.002865
1.520600 -0.001881 0.001951 -0.004407 0.003252 0.002830 0.002866
1.523300 -0.001882 0.001952 -0.004419 0.003253 0.002832 0.002867
1.526000 -0.001883 0.001953 -0.004431 0.003254 0.002834 0.002868
1.528800 -0.001884 0.001955 -0.004443 0.003255 0.002835 0.002868
1.531500 -0.001885 0.001956 -0.004455 0.003255 0.002837 0.002869
1.534300 -0.001887 0.001957 -0.004467 0.003256 0.002838 0.002870
1.537000 -0.001888 0.001958 -0.004479 0.003257 0.002840 0.002871
1.539700 -0.001889 0.001959 -0.004491 0.003258 0.002841 0.002871
1.542500 -0.001890 0.001960 -0.004504 0.003259 0.002843 0.002872
1.545200 -0.001891 0.001961 -0.004516 0.003259 0.002845 0.002873
1.547900 -0.001892 0.001962 -0.004528 0.003260 0.002846 0.002874
1.550700 -0.001894 0.001964 -0.004540 0.003261 0.002848 0.002874
1.553400 -0.001895 0.001965 -0.004552 0.003262 0.002849 0.002875
1.556200 -0.001896 0.001966 -0.004564 0.003263 0.002851 0.002876
1.558900 -0.001897 0.001967 -0.004576 0.003263 0.002852 0.002877
1.561600 -0.001898 0.001968 -0.004589 0.003264 0.002854 0.002877
1.564400 -0.001900 0.001969 -0.004601 0.003265 0.002855 0.002878
1.567100 -0.001901 0.001970 -0.004613 0.003266 0.002857 0.002879
1.569900 -0.001902 0.001971 -0.004625 0.003266 0.002859 0.002879
1.572600 -0.001903 0.001972 -0.004637 0.003267 0.002860 0.002880
1.575300 -0.001905 0.001973 -0.004650 0.003268 0.002862 0.002881
1.578100 -0.001906 0.001975 -0.004662 0.003269 0.002863 0.002882
1.580800 -0.001907 0.001976 -0.004674 0.003269 0.002865 0.002882
1.583600 -0.001908 0.001977 -0.004687 0.003270 0.002866 0.002883
1.586300 -0.001910 0.001978 -0.004699 0.003271 0.002868 0.002884
1.589000 -0.001911 0.001979 -0.004711 0.003272 0.002869 0.002884
1.591800 -0.001912 0.001980 -0.004723 0.003272 0.002871 0.002885
1.594500 -0.001914 0.001981 -0.004735 0.003273 0.002872 0.002886
1.597300 -0.001915 0.001982 -0.004748 0.003274 0.002874 0.002886
1.600000 -0.001916 0.001983 -0.004760 0.003275 0.002875 0.002887
1.602700 -0.001917 0.001984 -0.004772 0.003275 0.002877 0.002888
1.605500 -0.001919 0.001985 -0.004784 0.003276 0.002878 0.002889
1.608200 -0.001920 0.001986 -0.004797 0.003277 0.002880 0.002889
1.611000 -0.001922 0.001987 -0.004809 0.003277 0.002881 0.002890
1.613700 -0.001923 0.001988 -0.004821 0.003278 0.002883 0.002891
1.616400 -0.001924 0.001989 -0.004833 0.003279 0.002884 0.002891
1.619200 -0.001926 0.001990 -0.004846 0.003280 0.002886 0.002892
1.621900 -0.001927 0.001991 -0.004858 0.003280 0.002887 0.002893
1.624700 -0.001928 0.001992 -0.004870 0.003281 0.002889 0.002893
1.627400 -0.001930 0.001993 -0.004883 0.003282 0.002891 0.002894
1.630100 -0.001931 0.001994 -0.004895 0.003282 0.002892 0.002895
1.632900 -0.001933 0.001995 -0.004907 0.003283 0.002894 0.002895
1.635600 -0.001934 0.001996 -0.004919 0.003284 0.002895 0.002896
1.638400 -0.001935 0.001997 -0.004932 0.003284 0.002897 0.002897
1.641100 -0.001937 0.001998 -0.004944 0.003285 0.002898 0.002897
1.643800 -0.001938 0.001999 -0.004956 0.003286 0.002899 0.002898
1.646600 -0.001940 0.002000 -0.004969 0.003286 0.002901 0.002899
1.649300 -0.001941 0.002001 -0.004981 0.003287 0.002902 0.002899
1.652100 -0.001943 0.002002 -0.004994 0.003288 0.002904 0.002900
1.654800 -0.001944 0.002003 -0.005006 0.003288 0.002905 0.002901
1.657500 -0.001946 0.002004 -0.005018 0.003289 0.002907 0.002901
1.660300 -0.001947 0.002005 -0.005031 0.003290 0.002908 0.002902
1.663000 -0.001949 0.002006 -0.005043 0.003290 0.002910 0.002903
1.665800 -0.001950 0.002007 -0.005055 0.003291 0.002911 0.002903
1.668500 -0.001952 0.002008 -0.005067 0.003292 0.002913 0.002904
1.671200 -0.001953 0.002009 -0.005080 0.003292 0.002914 0.002905
1.674000 -0.001955 0.002010 -0.005092 0.003293 0.002916 0.002905
1.676700 -0.001956 0.002011 -0.005104 0.003294 0.002917 0.002906
1.679500 -0.001958 0.002012 -0.005117 0.003294 0.002919 0.002907
1.682200 -0.001959 0.002013 -0.005129 0.003295 0.002920 0.002907
1.684900 -0.001961 0.002013 -0.005141 0.003296 0.002922 0.002908
1.687700 -0.001962 0.002014 -0.005154 0.003296 0.002923 0.002909
1.690400 -0.001964 0.002015 -0.005166 0.003297 0.002925 0.002909
1.693200 -0.001966 0.002016 -0.005179 0.003297 0.002926 0.002910
1.695900 -0.001967 0.002017 -0.005191 0.003298 0.002928 0.002911
1.698600 -0.001969 0.002018 -0.005203 0.003299 0.002929 0.002911
1.701400 -0.001970 0.002019 -0.005216 0.003299 0.002931 0.002912
1.704100 -0.001972 0.002020 -0.005228 0.003300 0.002932 0.002912
1.706900 -0.001974 0.002021 -0.005241 0.003301 0.002933 0.002913
1.709600 -0.001975 0.002022 -0.005253 0.003301 0.002935 0.002914
1.712300 -0.001977 0.002023 -0.005265 0.003302 0.002936 0.002914
1.715100 -0.001978 0.002023 -0.005278 0.003302 0.002938 0.002915
1.717800 -0.001980 0.002024 -0.005290 0.003303 0.002939 0.002916
1.720600 -0.001982 0.002025 -0.005303 0.003304 0.002941 0.002916
1.723300 -0.001983 0.002026 -0.005315 0.003304 0.002942 0.002917
1.726000 -0.001985 0.002027 -0.005327 0.003305 0.002944 0.002918
1.728800 -0.001987 0.002028 -0.005340 0.003305 0.002945 0.002918
1.731500 -0.001988 0.002029 -0.005352 0.003306 0.002946 0.002919
1.734300 -0.001990 0.002030 -0.005365 0.003307 0.002948 0.002920
1.737000 -0.001992 0.002030 -0.005377 0.003307 0.002949 0.002920
1.739700 -0.001993 0.002031 -0.005390 0.003308 0.002951 0.002921
1.742500 -0.001995 0.002032 -0.005402 0.003308 0.002952 0.002921
1.745200 -0.001997 0.002033 -0.005415 0.003309 0.002954 0.002922
1.747900 -0.001998 0.002034 -0.005427 0.003309 0.002955 0.002923
1.750700 -0.002000 0.002035 -0.005440 0.003310 0.002957 0.002923
1.753400 -0.002002 0.002035 -0.005452 0.003311 0.002958 0.002924
1.756100 -0.002004 0.002036 -0.005464 0.003311 0.002959 0.002925
1.758900 -0.002005 0.002037 -0.005477 0.003312 0.002961 0.002925
1.761600 -0.002007 0.002038 -0.005489 0.003312 0.002962 0.002926
1.764300 -0.002009 0.002039 -0.005501 0.003313 0.002964 0.002927
1.767100 -0.002011 0.002040 -0.005514 0.003313 0.002965 0.002927
1.769800 -0.002012 0.002040 -0.005526 0.003314 0.002967 0.002928
1.772500 -0.002014 0.002041 -0.005539 0.003314 0.002968 0.002928
1.775300 -0.002016 0.002042 -0.005551 0.003315 0.002969 0.002929
1.778000 -0.002018 0.002043 -0.005564 0.003315 0.002971 0.002930
1.780700 -0.002020 0.002044 -0.005576 0.003316 0.002972 0.002930
1.783400 -0.002021 0.002044 -0.005588 0.003317 0.002974 0.002931
1.786200 -0.002023 0.002045 -0.005601 0.003317 0.002975 0.002932
1.788900 -0.002025 0.002046 -0.005613 0.003318 0.002976 0.002932
1.791600 -0.002027 0.002047 -0.005626 0.003318 0.002978 0.002933
1.794400 -0.002029 0.002048 -0.005638 0.003319 0.002979 0.002934
1.797100 -0.002030 0.002048 -0.005651 0.003319 0.002981 0.002934
1.799800 -0.002032 0.002049 -0.005663 0.003320 0.002982 0.002935
1.802600 -0.002034 0.002050 -0.005676 0.003320 0.002983 0.002935
1.805300 -0.002036 0.002051 -0.005688 0.003321 0.002985 0.002936
1.819000 -0.002045 0.002055 -0.005750 0.003323 0.002992 0.002939
1.821700 -0.002047 0.002055 -0.005763 0.003324 0.002993 0.002940
1.824400 -0.002049 0.002056 -0.005775 0.003324 0.002995 0.002941
1.827200 -0.002051 0.002057 -0.005788 0.003325 0.002996 0.002941
1.829900 -0.002053 0.002057 -0.005800 0.003325 0.002997 0.002942
1.832600 -0.002055 0.002058 -0.005813 0.003326 0.002999 0.002943
1.835400 -0.002057 0.002059 -0.005825 0.003326 0.003000 0.002943
1.838100 -0.002059 0.002060 -0.005838 0.003327 0.003002 0.002944
1.840800 -0.002061 0.002060 -0.005850 0.003327 0.003003 0.002944
1.843600 -0.002063 0.002061 -0.005863 0.003328 0.003004 0.002945
1.846300 -0.002065 0.002062 -0.005875 0.003328 0.003006 0.002946
1.849000 -0.002067 0.002063 -0.005887 0.003329 0.003007 0.002946
1.851800 -0.002069 0.002063 -0.005900 0.003329 0.003009 0.002947
1.854500 -0.002071 0.002064 -0.005913 0.003330 0.003010 0.002948
1.860000 -0.002075 0.002065 -0.005938 0.003330 0.003013 0.002949
1.862700 -0.002077 0.002066 -0.005950 0.003331 0.003014 0.002950
1.865400 -0.002079 0.002067 -0.005962 0.003331 0.003015 0.002950
1.868100 -0.002081 0.002068 -0.005975 0.003332 0.003017 0.002951
1.870900 -0.002083 0.002068 -0.005988 0.003332 0.003018 0.002952
1.873600 -0.002085 0.002069 -0.006000 0.003333 0.003020 0.002952
1.876300 -0.002087 0.002070 -0.006012 0.003333 0.003021 0.002953
1.879100 -0.002089 0.002070 -0.006025 0.003334 0.003022 0.002954
1.881800 -0.002091 0.002071 -0.006037 0.003334 0.003024 0.002954
1.884500 -0.002093 0.002072 -0.006050 0.003335 0.003025 0.002955
1.887300 -0.002095 0.002072 -0.006063 0.003335 0.003026 0.002956
1.890000 -0.002097 0.002073 -0.006075 0.003335 0.003028 0.002956
1.892700 -0.002099 0.002074 -0.006087 0.003336 0.003029 0.002957
1.895500 -0.002101 0.002074 -0.006100 0.003336 0.003031 0.002958
1.898200 -0.002103 0.002075 -0.006113 0.003337 0.003032 0.002958
1.900900 -0.002105 0.002076 -0.006125 0.003337 0.003033 0.002959
1.903700 -0.002107 0.002076 -0.006138 0.003338 0.003035 0.002960
1.906400 -0.002110 0.002077 -0.006150 0.003338 0.003036 0.002960
1.909100 -0.002112 0.002078 -0.006162 0.003338 0.003037 0.002961
1.911900 -0.002114 0.002078 -0.006175 0.003339 0.003039 0.002962
1.914600 -0.002116 0.002079 -0.006188 0.003339 0.003040 0.002962
1.917300 -0.002118 0.002080 -0.006200 0.003340 0.003041 0.002963
1.920100 -0.002120 0.002080 -0.006213 0.003340 0.003043 0.002964
1.922800 -0.002122 0.002081 -0.006225 0.003341 0.003044 0.002964
1.925500 -0.002124 0.002081 -0.006238 0.003341 0.003046 0.002965
1.928300 -0.002127 0.002082 -0.006250 0.003341 0.003047 0.002966
1.931000 -0.002129 0.002083 -0.006263 0.003342 0.003048 0.002966
1.933700 -0.002131 0.002083 -0.006275 0.003342 0.003050 0.002967
1.936500 -0.002133 0.002084 -0.006288 0.003343 0.003051 0.002968
1.939200 -0.002135 0.002085 -0.006300 0.003343 0.003052 0.002968
1.941900 -0.002137 0.002085 -0.006313 0.003343 0.003054 0.002969
1.944700 -0.002140 0.002086 -0.006326 0.003344 0.003055 0.002970
1.947400 -0.002142 0.002086 -0.006338 0.003344 0.003056 0.002970
1.950100 -0.002144 0.002087 -0.006350 0.003345 0.003058 0.002971
1.952800 -0.002146 0.002088 -0.006363 0.003345 0.003059 0.002972
1.955600 -0.002149 0.002088 -0.006376 0.003345 0.003060 0.002973
1.958300 -0.002151 0.002089 -0.006388 0.003346 0.003062 0.002973
1.961000 -0.002153 0.002089 -0.006400 0.003346 0.003063 0.002974
1.963800 -0.002155 0.002090 -0.006413 0.003347 0.003064 0.002975
1.966500 -0.002157 0.002091 -0.006426 0.003347 0.003066 0.002975
1.969200 -0.002160 0.002091 -0.006438 0.003347 0.003067 0.002976
1.972000 -0.002162 0.002092 -0.006451 0.003348 0.003068 0.002977
1.974700 -0.002164 0.002092 -0.006463 0.003348 0.003070 0.002977
1.977400 -0.002166 0.002093 -0.006476 0.003348 0.003071 0.002978
1.980200 -0.002169 0.002093 -0.006489 0.003349 0.003072 0.002979
1.982900 -0.002171 0.002094 -0.006501 0.003349 0.003074 0.002980
1.985600 -0.002173 0.002095 -0.006513 0.003350 0.003075 0.002980
1.988400 -0.002176 0.002095 -0.006526 0.003350 0.003077 0.002981
1.991100 -0.002178 0.002096 -0.006539 0.003350 0.003078 0.002982
1.993800 -0.002180 0.002096 -0.006551 0.003351 0.003079 0.002982
1.996600 -0.002183 0.002097 -0.006564 0.003351 0.003081 0.002983
1.999300 -0.002185 0.002097 -0.006576 0.003351 0.003082 0.002984
2.002000 -0.002187 0.002098 -0.006589 0.003352 0.003083 0.002985
2.004800 -0.002190 0.002098 -0.006601 0.003352 0.003085 0.002985
2.007500 -0.002192 0.002099 -0.006614 0.003352 0.003086 0.002986
2.010200 -0.002194 0.002100 -0.006626 0.003353 0.003087 0.002987
2.013000 -0.002197 0.002100 -0.006639 0.003353 0.003089 0.002988
2.015700 -0.002199 0.002101 -0.006652 0.003353 0.003090 0.002988
2.018400 -0.002201 0.002101 -0.006664 0.003354 0.003091 0.002989
2.021200 -0.002204 0.002102 -0.006677 0.003354 0.003093 0.002990
2.023900 -0.002206 0.002102 -0.006689 0.003355 0.003094 0.002990
2.026600 -0.002208 0.002103 -0.006702 0.003355 0.003095 0.002991
2.029400 -0.002211 0.002103 -0.006714 0.003355 0.003097 0.002992
2.032100 -0.002213 0.002104 -0.006727 0.003356 0.003098 0.002993
2.034800 -0.002216 0.002104 -0.006739 0.003356 0.003099 0.002993
2.037500 -0.002218 0.002105 -0.006752 0.003356 0.003100 0.002994
2.040300 -0.002220 0.002105 -0.006765 0.003357 0.003102 0.002995
2.043000 -0.002223 0.002106 -0.006777 0.003357 0.003103 0.002996
2.045700 -0.002225 0.002106 -0.006789 0.003357 0.003104 0.002996
2.048500 -0.002228 0.002107 -0.006802 0.003358 0.003106 0.002997
2.051200 -0.002230 0.002107 -0.006815 0.003358 0.003107 0.002998
2.053900 -0.002233 0.002108 -0.006827 0.003358 0.003108 0.002999
2.056700 -0.002235 0.002108 -0.006840 0.003359 0.003110 0.003000
2.059400 -0.002238 0.002109 -0.006852 0.003359 0.003111 0.003000
2.062100 -0.002240 0.002109 -0.006865 0.003359 0.003112 0.003001
2.064900 -0.002242 0.002110 -0.006878 0.003360 0.003114 0.003002
2.067600 -0.002245 0.002110 -0.006890 0.003360 0.003115 0.003003
2.070300 -0.002247 0.002111 -0.006902 0.003360 0.003116 0.003003
2.073100 -0.002250 0.002111 -0.006915 0.003360 0.003118 0.003004
2.075800 -0.002252 0.002112 -0.006928 0.003361 0.003119 0.003005
2.078500 -0.002255 0.002112 -0.006940 0.003361 0.003120 0.003006
2.081300 -0.002257 0.002113 -0.006953 0.003361 0.003122 0.003007
2.084000 -0.002260 0.002113 -0.006965 0.003362 0.003123 0.003007
2.086700 -0.002262 0.002114 -0.006978 0.003362 0.003124 0.003008
2.089500 -0.002265 0.002114 -0.006991 0.003362 0.003126 0.003009
2.092200 -0.002267 0.002114 -0.007003 0.003363 0.003127 0.003010
2.094900 -0.002270 0.002115 -0.007015 0.003363 0.003128 0.003011
2.100400 -0.002275 0.002116 -0.007041 0.003364 0.003131 0.003012
2.103100 -0.002278 0.002116 -0.007053 0.003364 0.003132 0.003013
2.105900 -0.002280 0.002117 -0.007066 0.003364 0.003134 0.003014
2.108600 -0.002283 0.002117 -0.007078 0.003365 0.003135 0.003015
2.111300 -0.002285 0.002118 -0.007091 0.003365 0.003136 0.003015
2.114100 -0.002288 0.002118 -0.007104 0.003365 0.003137 0.003016
2.116800 -0.002290 0.002118 -0.007116 0.003365 0.003139 0.003017
2.119500 -0.002293 0.002119 -0.007128 0.003366 0.003140 0.003018
2.122200 -0.002296 0.002119 -0.007141 0.003366 0.003141 0.003019
2.125000 -0.002298 0.002120 -0.007154 0.003366 0.003143 0.003020
2.127700 -0.002301 0.002120 -0.007166 0.003367 0.003144 0.003020
2.130400 -0.002303 0.002121 -0.007178 0.003367 0.003145 0.003021
2.133200 -0.002306 0.002121 -0.007191 0.003367 0.003147 0.003022
2.135900 -0.002309 0.002121 -0.007204 0.003367 0.003148 0.003023
2.138600 -0.002311 0.002122 -0.007216 0.003368 0.003149 0.003024
2.141400 -0.002314 0.002122 -0.007229 0.003368 0.003151 0.003025
2.144100 -0.002316 0.002123 -0.007241 0.003368 0.003152 0.003025
2.146800 -0.002319 0.002123 -0.007254 0.003369 0.003153 0.003026
2.149600 -0.002322 0.002123 -0.007267 0.003369 0.003155 0.003027
2.152300 -0.002324 0.002124 -0.007279 0.003369 0.003156 0.003028
2.155000 -0.002327 0.002124 -0.007291 0.003369 0.003157 0.003029
2.157800 -0.002330 0.002125 -0.007304 0.003370 0.003158 0.003030
2.160500 -0.002332 0.002125 -0.007317 0.003370 0.003160 0.003031
2.163200 -0.002335 0.002125 -0.007329 0.003370 0.003161 0.003031
2.166000 -0.002338 0.002126 -0.007342 0.003371 0.003162 0.003032
2.168700 -0.002340 0.002126 -0.007354 0.003371 0.003164 0.003033
2.171400 -0.002343 0.002127 -0.007367 0.003371 0.003165 0.003034
2.174200 -0.002346 0.002127 -0.007380 0.003371 0.003166 0.003035
2.176900 -0.002348 0.002127 -0.007392 0.003372 0.003168 0.003036
2.179600 -0.002351 0.002128 -0.007404 0.003372 0.003169 0.003037
2.182400 -0.002354 0.002128 -0.007417 0.003372 0.003170 0.003038
2.185100 -0.002357 0.002128 -0.007430 0.003373 0.003172 0.003039
2.187800 -0.002359 0.002129 -0.007442 0.003373 0.003173 0.003039
2.190600 -0.002362 0.002129 -0.007455 0.003373 0.003174 0.003040
2.193300 -0.002365 0.002130 -0.007467 0.003373 0.003175 0.003041
2.196000 -0.002367 0.002130 -0.007480 0.003374 0.003177 0.003042
2.198800 -0.002370 0.002130 -0.007493 0.003374 0.003178 0.003043
2.201500 -0.002373 0.002131 -0.007505 0.003374 0.003179 0.003044
2.204200 -0.002376 0.002131 -0.007517 0.003374 0.003181 0.003045
2.206900 -0.002378 0.002131 -0.007530 0.003375 0.003182 0.003046
2.209700 -0.002381 0.002132 -0.007543 0.003375 0.003183 0.003047
2.212400 -0.002384 0.002132 -0.007555 0.003375 0.003185 0.003048
2.215100 -0.002387 0.002132 -0.007567 0.003376 0.003186 0.003049
2.217900 -0.002390 0.002133 -0.007580 0.003376 0.003187 0.003050
2.220600 -0.002392 0.002133 -0.007593 0.003376 0.003189 0.003050
2.223300 -0.002395 0.002133 -0.007605 0.003376 0.003190 0.003051
2.226100 -0.002398 0.002134 -0.007618 0.003377 0.003191 0.003052
2.228800 -0.002401 0.002134 -0.007630 0.003377 0.003192 0.003053
2.231500 -0.002403 0.002134 -0.007643 0.003377 0.003194 0.003054
2.234300 -0.002406 0.002135 -0.007655 0.003377 0.003195 0.003055
2.237000 -0.002409 0.002135 -0.007668 0.003378 0.003196 0.003056
2.239700 -0.002412 0.002135 -0.007680 0.003378 0.003198 0.003057
2.242500 -0.002415 0.002136 -0.007693 0.003378 0.003199 0.003058
2.245200 -0.002418 0.002136 -0.007705 0.003378 0.003200 0.003059
2.247900 -0.002420 0.002136 -0.007718 0.003379 0.003202 0.003060
2.250700 -0.002423 0.002137 -0.007731 0.003379 0.003203 0.003061
2.253400 -0.002426 0.002137 -0.007743 0.003379 0.003204 0.003062
2.256100 -0.002429 0.002137 -0.007755 0.003379 0.003206 0.003063
2.258900 -0.002432 0.002137 -0.007768 0.003380 0.003207 0.003064
2.261600 -0.002435 0.002138 -0.007781 0.003380 0.003208 0.003065
2.264300 -0.002437 0.002138 -0.007793 0.003380 0.003209 0.003066
2.267100 -0.002440 0.002138 -0.007806 0.003380 0.003211 0.003067
2.269800 -0.002443 0.002139 -0.007818 0.003381 0.003212 0.003068
2.272500 -0.002446 0.002139 -0.007831 0.003381 0.003213 0.003069
2.275300 -0.002449 0.002139 -0.007843 0.003381 0.003215 0.003070
2.278000 -0.002452 0.002139 -0.007856 0.003382 0.003216 0.003071
2.280700 -0.002455 0.002140 -0.007868 0.003382 0.003217 0.003072
2.283400 -0.002458 0.002140 -0.007881 0.003382 0.003219 0.003073
2.286200 -0.002461 0.002140 -0.007893 0.003382 0.003220 0.003074
2.288900 -0.002463 0.002141 -0.007906 0.003383 0.003221 0.003075
2.291600 -0.002466 0.002141 -0.007918 0.003383 0.003223 0.003076
2.294400 -0.002469 0.002141 -0.007931 0.003383 0.003224 0.003077
2.297100 -0.002472 0.002141 -0.007943 0.003383 0.003225 0.003078
2.299800 -0.002475 0.002142 -0.007956 0.003384 0.003226 0.003079
2.302600 -0.002478 0.002142 -0.007968 0.003384 0.003228 0.003080
2.305300 -0.002481 0.002142 -0.007981 0.003384 0.003229 0.003081
2.308000 -0.002484 0.002142 -0.007993 0.003384 0.003230 0.003082
2.310800 -0.002487 0.002143 -0.008006 0.003385 0.003232 0.003083
2.313500 -0.002490 0.002143 -0.008018 0.003385 0.003233 0.003084
2.316200 -0.002493 0.002143 -0.008031 0.003385 0.003234 0.003085
2.319000 -0.002496 0.002143 -0.008044 0.003385 0.003236 0.003087
2.321700 -0.002499 0.002144 -0.008056 0.003386 0.003237 0.003088
2.324400 -0.002502 0.002144 -0.008068 0.003386 0.003238 0.003089
2.327200 -0.002505 0.002144 -0.008081 0.003386 0.003240 0.003090
2.329900 -0.002508 0.002144 -0.008093 0.003386 0.003241 0.003091
2.332600 -0.002511 0.002145 -0.008106 0.003387 0.003242 0.003092
2.335400 -0.002514 0.002145 -0.008119 0.003387 0.003243 0.003093
2.338100 -0.002517 0.002145 -0.008131 0.003387 0.003245 0.003094
2.340800 -0.002520 0.002145 -0.008143 0.003387 0.003246 0.003095
2.343600 -0.002523 0.002146 -0.008156 0.003388 0.003247 0.003096
2.346300 -0.002526 0.002146 -0.008168 0.003388 0.003249 0.003097
2.349000 -0.002529 0.002146 -0.008181 0.003388 0.003250 0.003099
2.351800 -0.002532 0.002146 -0.008194 0.003388 0.003251 0.003100
2.354500 -0.002535 0.002146 -0.008206 0.003389 0.003253 0.003101
2.357200 -0.002538 0.002147 -0.008218 0.003389 0.003254 0.003102
2.360000 -0.002541 0.002147 -0.008231 0.003389 0.003255 0.003103
2.362700 -0.002544 0.002147 -0.008243 0.003389 0.003257 0.003104
2.365400 -0.002547 0.002147 -0.008256 0.003390 0.003258 0.003105
2.368100 -0.002550 0.002148 -0.008268 0.003390 0.003259 0.003106
2.370900 -0.002553 0.002148 -0.008281 0.003390 0.003261 0.003108
2.373600 -0.002556 0.002148 -0.008293 0.003390 0.003262 0.003109
2.376300 -0.002559 0.002148 -0.008305 0.003391 0.003263 0.003110
2.379100 -0.002562 0.002148 -0.008318 0.003391 0.003265 0.003111
2.381800 -0.002565 0.002149 -0.008331 0.003391 0.003266 0.003112
2.384500 -0.002568 0.002149 -0.008343 0.003392 0.003267 0.003113
2.387300 -0.002571 0.002149 -0.008356 0.003392 0.003268 0.003114
2.390000 -0.002574 0.002149 -0.008368 0.003392 0.003270 0.003116
2.392700 -0.002577 0.002149 -0.008380 0.003392 0.003271 0.003117
2.395500 -0.002581 0.002149 -0.008393 0.003393 0.003272 0.003118
2.398200 -0.002584 0.002150 -0.008405 0.003393 0.003274 0.003119
2.400900 -0.002587 0.002150 -0.008418 0.003393 0.003275 0.003120
2.403700 -0.002590 0.002150 -0.008431 0.003393 0.003276 0.003121
2.406400 -0.002593 0.002150 -0.008443 0.003394 0.003278 0.003123
2.409100 -0.002596 0.002150 -0.008455 0.003394 0.003279 0.003124
2.411900 -0.002599 0.002151 -0.008468 0.003394 0.003280 0.003125
2.414600 -0.002602 0.002151 -0.008480 0.003394 0.003282 0.003126
2.417300 -0.002605 0.002151 -0.008493 0.003395 0.003283 0.003127
2.420100 -0.002609 0.002151 -0.008505 0.003395 0.003284 0.003129
2.422800 -0.002612 0.002151 -0.008518 0.003395 0.003286 0.003130
2.425500 -0.002615 0.002151 -0.008530 0.003395 0.003287 0.003131
2.428300 -0.002618 0.002152 -0.008543 0.003396 0.003288 0.003132
2.431000 -0.002621 0.002152 -0.008555 0.003396 0.003290 0.003134
2.433700 -0.002624 0.002152 -0.008567 0.003396 0.003291 0.003135
2.436500 -0.002627 0.002152 -0.008580 0.003397 0.003292 0.003136
2.439200 -0.002631 0.002152 -0.008592 0.003397 0.003294 0.003137
2.441900 -0.002634 0.002152 -0.008605 0.003397 0.003295 0.003138
2.444700 -0.002637 0.002152 -0.008617 0.003397 0.003296 0.003140
2.447400 -0.002640 0.002153 -0.008630 0.003398 0.003298 0.003141
2.450100 -0.002643 0.002153 -0.008642 0.003398 0.003299 0.003142
2.452800 -0.002646 0.002153 -0.008654 0.003398 0.003300 0.003143
2.455600 -0.002650 0.002153 -0.008667 0.003398 0.003302 0.003145
2.458300 -0.002653 0.002153 -0.008679 0.003399 0.003303 0.003146
2.461000 -0.002656 0.002153 -0.008692 0.003399 0.003304 0.003147
2.463800 -0.002659 0.002153 -0.008704 0.003399 0.003306 0.003149
2.466500 -0.002662 0.002154 -0.008717 0.003400 0.003307 0.003150
2.469200 -0.002666 0.002154 -0.008729 0.003400 0.003308 0.003151
2.472000 -0.002669 0.002154 -0.008742 0.003400 0.003310 0.003152
2.474700 -0.002672 0.002154 -0.008754 0.003400 0.003311 0.003154
2.477400 -0.002675 0.002154 -0.008766 0.003401 0.003312 0.003155
2.480200 -0.002678 0.002154 -0.008779 0.003401 0.003314 0.003156
2.482900 -0.002682 0.002154 -0.008791 0.003401 0.003315 0.003158
2.485600 -0.002685 0.002154 -0.008803 0.003402 0.003316 0.003159
2.488400 -0.002688 0.002155 -0.008816 0.003402 0.003318 0.003160
2.491100 -0.002691 0.002155 -0.008828 0.003402 0.003319 0.003162
2.493800 -0.002695 0.002155 -0.008841 0.003402 0.003320 0.003163
2.496600 -0.002698 0.002155 -0.008853 0.003403 0.003322 0.003164
2.499300 -0.002701 0.002155 -0.008866 0.003403 0.003323 0.003166
2.502000 -0.002704 0.002155 -0.008878 0.003403 0.003324 0.003167
2.504800 -0.002708 0.002155 -0.008891 0.003404 0.003326 0.003168
2.507500 -0.002711 0.002155 -0.008903 0.003404 0.003327 0.003170
2.510200 -0.002714 0.002155 -0.008915 0.003404 0.003328 0.003171
2.513000 -0.002717 0.002155 -0.008928 0.003404 0.003330 0.003172
2.515700 -0.002721 0.002156 -0.008940 0.003405 0.003331 0.003174
2.518400 -0.002724 0.002156 -0.008952 0.003405 0.003332 0.003175
2.521200 -0.002727 0.002156 -0.008965 0.003405 0.003334 0.003176
2.523900 -0.002731 0.002156 -0.008977 0.003406 0.003335 0.003178
2.526600 -0.002734 0.002156 -0.008990 0.003406 0.003336 0.003179
2.529400 -0.002737 0.002156 -0.009002 0.003406 0.003338 0.003181
2.532100 -0.002740 0.002156 -0.009015 0.003407 0.003339 0.003182
2.534800 -0.002744 0.002156 -0.009027 0.003407 0.003340 0.003183
2.537500 -0.002747 0.002156 -0.009039 0.003407 0.003342 0.003185
2.540300 -0.002750 0.002156 -0.009052 0.003407 0.003343 0.003186
2.543000 -0.002754 0.002156 -0.009064 0.003408 0.003344 0.003187
2.545700 -0.002757 0.002156 -0.009076 0.003408 0.003346 0.003189
2.548500 -0.002760 0.002156 -0.009089 0.003408 0.003347 0.003190
2.551200 -0.002764 0.002157 -0.009101 0.003409 0.003348 0.003192
2.553900 -0.002767 0.002157 -0.009113 0.003409 0.003350 0.003193
2.556700 -0.002770 0.002157 -0.009126 0.003409 0.003351 0.003195
2.559400 -0.002774 0.002157 -0.009138 0.003410 0.003352 0.003196
2.562100 -0.002777 0.002157 -0.009150 0.003410 0.003354 0.003197
2.564900 -0.002780 0.002157 -0.009163 0.003410 0.003355 0.003199
2.567600 -0.002784 0.002157 -0.009175 0.003411 0.003357 0.003200
2.570300 -0.002787 0.002157 -0.009188 0.003411 0.003358 0.003202
2.575800 -0.002794 0.002157 -0.009212 0.003412 0.003361 0.003205
2.578500 -0.002797 0.002157 -0.009225 0.003412 0.003362 0.003206
2.581300 -0.002801 0.002157 -0.009237 0.003412 0.003363 0.003208
2.584000 -0.002804 0.002157 -0.009249 0.003413 0.003365 0.003209
2.586700 -0.002807 0.002157 -0.009262 0.003413 0.003366 0.003211
2.589500 -0.002811 0.002157 -0.009274 0.003413 0.003367 0.003212
2.592200 -0.002814 0.002157 -0.009287 0.003414 0.003369 0.003213
2.597700 -0.002821 0.002157 -0.009311 0.003414 0.003372 0.003216
2.600400 -0.002824 0.002157 -0.009324 0.003415 0.003373 0.003218
2.603100 -0.002827 0.002157 -0.009336 0.003415 0.003374 0.003219
2.605900 -0.002831 0.002157 -0.009348 0.003415 0.003376 0.003221
2.608600 -0.002834 0.002157 -0.009361 0.003416 0.003377 0.003222
2.611300 -0.002838 0.002157 -0.009373 0.003416 0.003378 0.003224
2.614100 -0.002841 0.002157 -0.009385 0.003416 0.003380 0.003226
2.616800 -0.002845 0.002157 -0.009398 0.003417 0.003381 0.003227
2.619500 -0.002848 0.002158 -0.009410 0.003417 0.003382 0.003229
2.622200 -0.002851 0.002158 -0.009422 0.003417 0.003384 0.003230
2.625000 -0.002855 0.002158 -0.009435 0.003418 0.003385 0.003232
2.627700 -0.002858 0.002158 -0.009447 0.003418 0.003387 0.003233
2.630400 -0.002862 0.002158 -0.009459 0.003418 0.003388 0.003235
2.633200 -0.002865 0.002158 -0.009472 0.003419 0.003389 0.003236
2.635900 -0.002869 0.002158 -0.009484 0.003419 0.003391 0.003238
2.638600 -0.002872 0.002158 -0.009496 0.003420 0.003392 0.003239
2.641400 -0.002875 0.002158 -0.009509 0.003420 0.003394 0.003241
2.644100 -0.002879 0.002158 -0.009521 0.003420 0.003395 0.003243
2.646800 -0.002882 0.002158 -0.009533 0.003421 0.003396 0.003244
2.649600 -0.002886 0.002158 -0.009545 0.003421 0.003398 0.003246
2.652300 -0.002889 0.002158 -0.009558 0.003421 0.003399 0.003247
2.655000 -0.002893 0.002158 -0.009570 0.003422 0.003400 0.003249
2.657800 -0.002896 0.002158 -0.009582 0.003422 0.003402 0.003250
2.660500 -0.002900 0.002158 -0.009595 0.003423 0.003403 0.003252
2.663200 -0.002903 0.002157 -0.009607 0.003423 0.003405 0.003254
2.666000 -0.002907 0.002157 -0.009619 0.003423 0.003406 0.003255
2.668700 -0.002910 0.002157 -0.009631 0.003424 0.003407 0.003257
2.671400 -0.002914 0.002157 -0.009644 0.003424 0.003409 0.003258
2.674200 -0.002917 0.002157 -0.009656 0.003425 0.003410 0.003260
2.676900 -0.002921 0.002157 -0.009668 0.003425 0.003412 0.003262
2.679600 -0.002924 0.002157 -0.009680 0.003425 0.003413 0.003263
2.682400 -0.002928 0.002157 -0.009693 0.003426 0.003414 0.003265
2.685100 -0.002931 0.002157 -0.009705 0.003426 0.003416 0.003267
2.687800 -0.002935 0.002157 -0.009717 0.003427 0.003417 0.003268
2.690600 -0.002938 0.002157 -0.009730 0.003427 0.003419 0.003270
2.693300 -0.002942 0.002157 -0.009742 0.003427 0.003420 0.003272
2.696000 -0.002945 0.002157 -0.009754 0.003428 0.003421 0.003273
2.698800 -0.002949 0.002157 -0.009767 0.003428 0.003423 0.003275
2.701500 -0.002952 0.002157 -0.009779 0.003429 0.003424 0.003277
2.704200 -0.002956 0.002157 -0.009791 0.003429 0.003426 0.003278
2.706900 -0.002959 0.002157 -0.009803 0.003429 0.003427 0.003280
2.712400 -0.002966 0.002157 -0.009828 0.003430 0.003430 0.003283
2.715100 -0.002970 0.002157 -0.009840 0.003431 0.003431 0.003285
2.717900 -0.002973 0.002157 -0.009852 0.003431 0.003433 0.003287
2.720600 -0.002977 0.002157 -0.009864 0.003432 0.003434 0.003288
2.723300 -0.002980 0.002157 -0.009877 0.003432 0.003435 0.003290
2.726100 -0.002984 0.002157 -0.009889 0.003432 0.003437 0.003292
2.728800 -0.002987 0.002157 -0.009901 0.003433 0.003438 0.003294
2.731500 -0.002991 0.002157 -0.009913 0.003433 0.003440 0.003295
2.734300 -0.002995 0.002156 -0.009926 0.003434 0.003441 0.003297
2.737000 -0.002998 0.002156 -0.009938 0.003434 0.003442 0.003299
2.739700 -0.003002 0.002156 -0.009950 0.003435 0.003444 0.003300
2.742500 -0.003005 0.002156 -0.009963 0.003435 0.003445 0.003302
2.745200 -0.003009 0.002156 -0.009975 0.003436 0.003447 0.003304
2.747900 -0.003012 0.002156 -0.009987 0.003436 0.003448 0.003306
2.750700 -0.003016 0.002156 -0.009999 0.003436 0.003450 0.003307
2.753400 -0.003020 0.002156 -0.010011 0.003437 0.003451 0.003309
2.756200 -0.003023 0.002156 -0.010024 0.003437 0.003452 0.003311
2.758900 -0.003027 0.002156 -0.010036 0.003438 0.003454 0.003313
2.761600 -0.003030 0.002156 -0.010048 0.003438 0.003455 0.003315
2.764400 -0.003034 0.002156 -0.010060 0.003439 0.003457 0.003316
2.767100 -0.003038 0.002156 -0.010073 0.003439 0.003458 0.003318
2.769900 -0.003041 0.002155 -0.010085 0.003440 0.003460 0.003320
2.772600 -0.003045 0.002155 -0.010097 0.003440 0.003461 0.003322
2.775300 -0.003048 0.002155 -0.010109 0.003441 0.003462 0.003323
2.778100 -0.003052 0.002155 -0.010122 0.003441 0.003464 0.003325
2.780800 -0.003056 0.002155 -0.010134 0.003442 0.003465 0.003327
2.783600 -0.003059 0.002155 -0.010146 0.003442 0.003467 0.003329
2.786300 -0.003063 0.002155 -0.010158 0.003443 0.003468 0.003331
2.789000 -0.003067 0.002155 -0.010170 0.003443 0.003470 0.003333
2.791800 -0.003070 0.002155 -0.010183 0.003444 0.003471 0.003334
2.794500 -0.003074 0.002155 -0.010195 0.003444 0.003473 0.003336
2.797300 -0.003078 0.002155 -0.010207 0.003445 0.003474 0.003338
2.800000 -0.003081 0.002154 -0.010219 0.003445 0.003476 0.003340
2.802700 -0.003085 0.002154 -0.010231 0.003446 0.003477 0.003342
2.805500 -0.003088 0.002154 -0.010244 0.003446 0.003478 0.003344
2.808200 -0.003092 0.002154 -0.010256 0.003447 0.003480 0.003345
2.811000 -0.003096 0.002154 -0.010268 0.003447 0.003481 0.003347
2.813700 -0.003099 0.002154 -0.010280 0.003448 0.003483 0.003349
2.816400 -0.003103 0.002154 -0.010292 0.003448 0.003484 0.003351
2.819200 -0.003107 0.002154 -0.010305 0.003449 0.003486 0.003353
2.821900 -0.003110 0.002154 -0.010317 0.003449 0.003487 0.003355
2.824700 -0.003114 0.002153 -0.010329 0.003450 0.003489 0.003357
2.827400 -0.003118 0.002153 -0.010341 0.003451 0.003490 0.003359
2.830100 -0.003121 0.002153 -0.010353 0.003451 0.003492 0.003361
2.832900 -0.003125 0.002153 -0.010366 0.003452 0.003493 0.003362
2.835600 -0.003129 0.002153 -0.010378 0.003452 0.003494 0.003364
2.838400 -0.003132 0.002153 -0.010390 0.003453 0.003496 0.003366
2.841100 -0.003136 0.002153 -0.010402 0.003453 0.003497 0.003368
2.843800 -0.003140 0.002153 -0.010414 0.003454 0.003499 0.003370
2.846600 -0.003144 0.002152 -0.010427 0.003454 0.003500 0.003372
2.849300 -0.003147 0.002152 -0.010439 0.003455 0.003502 0.003374
2.852100 -0.003151 0.002152 -0.010451 0.003456 0.003503 0.003376
2.854800 -0.003155 0.002152 -0.010463 0.003456 0.003505 0.003378
2.857500 -0.003158 0.002152 -0.010475 0.003457 0.003506 0.003380
2.860300 -0.003162 0.002152 -0.010488 0.003457 0.003508 0.003382
2.863000 -0.003166 0.002152 -0.010500 0.003458 0.003509 0.003384
2.865800 -0.003169 0.002151 -0.010512 0.003458 0.003511 0.003386
2.868500 -0.003173 0.002151 -0.010524 0.003459 0.003512 0.003388
2.871200 -0.003177 0.002151 -0.010536 0.003460 0.003514 0.003390
2.874000 -0.003181 0.002151 -0.010548 0.003460 0.003515 0.003392
2.876700 -0.003184 0.002151 -0.010560 0.003461 0.003517 0.003394
2.879500 -0.003188 0.002151 -0.010573 0.003461 0.003518 0.003396
2.882200 -0.003192 0.002150 -0.010585 0.003462 0.003520 0.003398
2.884900 -0.003195 0.002150 -0.010597 0.003463 0.003521 0.003400
2.887700 -0.003199 0.002150 -0.010609 0.003463 0.003523 0.003402
2.890400 -0.003203 0.002150 -0.010621 0.003464 0.003524 0.003404
2.893200 -0.003207 0.002150 -0.010633 0.003465 0.003526 0.003406
2.895900 -0.003210 0.002150 -0.010645 0.003465 0.003527 0.003408
2.898600 -0.003214 0.002149 -0.010657 0.003466 0.003529 0.003410
2.901400 -0.003218 0.002149 -0.010670 0.003466 0.003530 0.003412
2.904100 -0.003222 0.002149 -0.010682 0.003467 0.003532 0.003414
2.906900 -0.003225 0.002149 -0.010694 0.003468 0.003533 0.003416
2.909600 -0.003229 0.002149 -0.010706 0.003468 0.003535 0.003418
2.912300 -0.003233 0.002149 -0.010718 0.003469 0.003536 0.003420
2.915100 -0.003237 0.002148 -0.010730 0.003470 0.003538 0.003422
2.917800 -0.003240 0.002148 -0.010742 0.003470 0.003539 0.003424
2.920600 -0.003244 0.002148 -0.010755 0.003471 0.003541 0.003426
2.923300 -0.003248 0.002148 -0.010767 0.003472 0.003542 0.003428
2.926000 -0.003252 0.002148 -0.010779 0.003472 0.003544 0.003430
2.928800 -0.003255 0.002148 -0.010791 0.003473 0.003545 0.003432
2.931500 -0.003259 0.002147 -0.010803 0.003474 0.003547 0.003434
2.934300 -0.003263 0.002147 -0.010815 0.003474 0.003548 0.003436
2.937000 -0.003267 0.002147 -0.010827 0.003475 0.003550 0.003438
2.939700 -0.003270 0.002147 -0.010839 0.003476 0.003551 0.003440
2.942500 -0.003274 0.002147 -0.010851 0.003476 0.003553 0.003443
2.945200 -0.003278 0.002146 -0.010863 0.003477 0.003554 0.003445
2.947900 -0.003282 0.002146 -0.010875 0.003478 0.003556 0.003447
2.950700 -0.003286 0.002146 -0.010888 0.003478 0.003557 0.003449
2.953400 -0.003289 0.002146 -0.010899 0.003479 0.003559 0.003451
2.956200 -0.003293 0.002146 -0.010912 0.003480 0.003561 0.003453
2.958900 -0.003297 0.002145 -0.010924 0.003481 0.003562 0.003455
2.961600 -0.003301 0.002145 -0.010936 0.003481 0.003564 0.003457
2.964400 -0.003305 0.002145 -0.010948 0.003482 0.003565 0.003460
2.967100 -0.003308 0.002145 -0.010960 0.003483 0.003567 0.003462
2.969900 -0.003312 0.002145 -0.010972 0.003483 0.003568 0.003464
2.972600 -0.003316 0.002144 -0.010984 0.003484 0.003570 0.003466
2.975300 -0.003320 0.002144 -0.010996 0.003485 0.003571 0.003468
2.978100 -0.003324 0.002144 -0.011008 0.003486 0.003573 0.003470
2.980800 -0.003327 0.002144 -0.011020 0.003486 0.003574 0.003472
2.983600 -0.003331 0.002144 -0.011032 0.003487 0.003576 0.003475
2.986300 -0.003335 0.002143 -0.011044 0.003488 0.003578 0.003477
2.989000 -0.003339 0.002143 -0.011056 0.003489 0.003579 0.003479
2.991800 -0.003343 0.002143 -0.011068 0.003489 0.003581 0.003481
2.994500 -0.003347 0.002143 -0.011080 0.003490 0.003582 0.003483
2.997300 -0.003351 0.002142 -0.011093 0.003491 0.003584 0.003486
3.000000 -0.003354 0.002142 -0.011104 0.003492 0.003585 0.003488
3.002700 -0.003358 0.002142 -0.011116 0.003492 0.003587 0.003490
3.005500 -0.003362 0.002142 -0.011129 0.003493 0.003588 0.003492
3.008200 -0.003366 0.002142 -0.011140 0.003494 0.003590 0.003494
3.011000 -0.003370 0.002141 -0.011153 0.003495 0.003592 0.003497
3.013700 -0.003374 0.002141 -0.011165 0.003496 0.003593 0.003499
3.016400 -0.003377 0.002141 -0.011176 0.003496 0.003595 0.003501
3.019200 -0.003381 0.002141 -0.011189 0.003497 0.003596 0.003503
3.021900 -0.003385 0.002140 -0.011201 0.003498 0.003598 0.003505
3.024700 -0.003389 0.002140 -0.011213 0.003499 0.003599 0.003508
3.027400 -0.003393 0.002140 -0.011225 0.003500 0.003601 0.003510
3.030100 -0.003397 0.002140 -0.011236 0.003500 0.003603 0.003512
3.032900 -0.003401 0.002139 -0.011249 0.003501 0.003604 0.003515
3.035600 -0.003404 0.002139 -0.011261 0.003502 0.003606 0.003517
3.038400 -0.003408 0.002139 -0.011273 0.003503 0.003607 0.003519
3.041100 -0.003412 0.002139 -0.011285 0.003504 0.003609 0.003521
3.043800 -0.003416 0.002138 -0.011296 0.003505 0.003610 0.003524
3.046600 -0.003420 0.002138 -0.011309 0.003505 0.003612 0.003526
3.049300 -0.003424 0.002138 -0.011321 0.003506 0.003614 0.003528
3.052100 -0.003428 0.002138 -0.011333 0.003507 0.003615 0.003530
3.054800 -0.003431 0.002137 -0.011345 0.003508 0.003617 0.003533
3.057500 -0.003435 0.002137 -0.011356 0.003509 0.003618 0.003535
3.060300 -0.003439 0.002137 -0.011369 0.003510 0.003620 0.003537
3.063000 -0.003443 0.002137 -0.011380 0.003511 0.003622 0.003540
3.065800 -0.003447 0.002136 -0.011393 0.003511 0.003623 0.003542
3.068500 -0.003451 0.002136 -0.011404 0.003512 0.003625 0.003544
3.071200 -0.003455 0.002136 -0.011416 0.003513 0.003626 0.003547
3.074000 -0.003459 0.002136 -0.011428 0.003514 0.003628 0.003549
3.076700 -0.003463 0.002135 -0.011440 0.003515 0.003630 0.003551
3.079500 -0.003466 0.002135 -0.011452 0.003516 0.003631 0.003554
3.082200 -0.003470 0.002135 -0.011464 0.003517 0.003633 0.003556
3.084900 -0.003474 0.002134 -0.011476 0.003518 0.003634 0.003558
3.087700 -0.003478 0.002134 -0.011488 0.003519 0.003636 0.003561
3.090400 -0.003482 0.002134 -0.011500 0.003520 0.003638 0.003563
3.093200 -0.003486 0.002134 -0.011512 0.003520 0.003639 0.003565
3.095900 -0.003490 0.002133 -0.011524 0.003521 0.003641 0.003568
3.098600 -0.003494 0.002133 -0.011536 0.003522 0.003643 0.003570
3.101400 -0.003498 0.002133 -0.011548 0.003523 0.003644 0.003573
3.104100 -0.003502 0.002132 -0.011560 0.003524 0.003646 0.003575
3.106900 -0.003506 0.002132 -0.011572 0.003525 0.003647 0.003577
3.109600 -0.003509 0.002132 -0.011584 0.003526 0.003649 0.003580
3.112300 -0.003513 0.002132 -0.011595 0.003527 0.003651 0.003582
3.115100 -0.003517 0.002131 -0.011608 0.003528 0.003652 0.003584
3.117800 -0.003521 0.002131 -0.011619 0.003529 0.003654 0.003587
3.120600 -0.003525 0.002131 -0.011631 0.003530 0.003656 0.003589
3.123300 -0.003529 0.002130 -0.011643 0.003531 0.003657 0.003592
3.126000 -0.003533 0.002130 -0.011655 0.003532 0.003659 0.003594
3.128800 -0.003537 0.002130 -0.011667 0.003533 0.003661 0.003597
3.131500 -0.003541 0.002130 -0.011679 0.003534 0.003662 0.003599
3.134300 -0.003545 0.002129 -0.011691 0.003535 0.003664 0.003601
3.137000 -0.003549 0.002129 -0.011703 0.003536 0.003665 0.003604
3.142500 -0.003557 0.002128 -0.011727 0.003538 0.003669 0.003609
3.145200 -0.003561 0.002128 -0.011738 0.003539 0.003670 0.003611
3.147900 -0.003564 0.002128 -0.011750 0.003540 0.003672 0.003614
3.150700 -0.003568 0.002127 -0.011762 0.003541 0.003674 0.003616
3.153400 -0.003572 0.002127 -0.011774 0.003542 0.003675 0.003619
3.156200 -0.003576 0.002127 -0.011786 0.003543 0.003677 0.003621
3.158900 -0.003580 0.002127 -0.011798 0.003544 0.003679 0.003624
3.161600 -0.003584 0.002126 -0.011809 0.003545 0.003680 0.003626
3.164400 -0.003588 0.002126 -0.011822 0.003546 0.003682 0.003628
3.205500 -0.003648 0.002121 -0.011999 0.003562 0.003707 0.003666
3.211000 -0.003656 0.002120 -0.012023 0.003565 0.003711 0.003672
3.213700 -0.003660 0.002120 -0.012035 0.003566 0.003712 0.003674
3.216400 -0.003664 0.002120 -0.012046 0.003567 0.003714 0.003677
3.219200 -0.003668 0.002119 -0.012058 0.003568 0.003716 0.003679
3.221900 -0.003672 0.002119 -0.012070 0.003569 0.003717 0.003682
3.224700 -0.003676 0.002119 -0.012082 0.003570 0.003719 0.003684
3.227400 -0.003680 0.002118 -0.012094 0.003572 0.003721 0.003687
3.230100 -0.003684 0.002118 -0.012105 0.003573 0.003723 0.003690
3.232900 -0.003688 0.002118 -0.012118 0.003574 0.003724 0.003692
3.235600 -0.003692 0.002117 -0.012129 0.003575 0.003726 0.003695
3.238400 -0.003696 0.002117 -0.012141 0.003576 0.003728 0.003697
3.241100 -0.003700 0.002116 -0.012153 0.003577 0.003730 0.003700
3.243800 -0.003704 0.002116 -0.012164 0.003579 0.003731 0.003703
3.246600 -0.003708 0.002116 -0.012177 0.003580 0.003733 0.003705
3.249300 -0.003712 0.002115 -0.012188 0.003581 0.003735 0.003708
3.252100 -0.003716 0.002115 -0.012200 0.003582 0.003736 0.003711
3.254800 -0.003720 0.002115 -0.012212 0.003583 0.003738 0.003713
3.257500 -0.003724 0.002114 -0.012223 0.003585 0.003740 0.003716
3.260300 -0.003728 0.002114 -0.012235 0.003586 0.003742 0.003719
3.263000 -0.003732 0.002114 -0.012247 0.003587 0.003743 0.003721
3.265800 -0.003736 0.002113 -0.012259 0.003588 0.003745 0.003724
3.268500 -0.003740 0.002113 -0.012271 0.003590 0.003747 0.003726
3.271200 -0.003744 0.002112 -0.012282 0.003591 0.003749 0.003729
3.274000 -0.003748 0.002112 -0.012294 0.003592 0.003750 0.003732
3.276700 -0.003752 0.002112 -0.012306 0.003593 0.003752 0.003734
3.279500 -0.003756 0.002111 -0.012318 0.003595 0.003754 0.003737
3.282200 -0.003760 0.002111 -0.012329 0.003596 0.003756 0.003740
3.284900 -0.003764 0.002111 -0.012341 0.003597 0.003757 0.003743
3.287700 -0.003768 0.002110 -0.012353 0.003599 0.003759 0.003745
3.290400 -0.003772 0.002110 -0.012365 0.003600 0.003761 0.003748
3.293200 -0.003776 0.002109 -0.012377 0.003601 0.003763 0.003751
3.295900 -0.003780 0.002109 -0.012388 0.003602 0.003764 0.003753
3.298600 -0.003784 0.002109 -0.012400 0.003604 0.003766 0.003756
3.301400 -0.003788 0.002108 -0.012412 0.003605 0.003768 0.003759
3.304100 -0.003792 0.002108 -0.012423 0.003606 0.003770 0.003762
3.306900 -0.003796 0.002108 -0.012435 0.003608 0.003771 0.003764
3.309600 -0.003800 0.002107 -0.012447 0.003609 0.003773 0.003767
3.312300 -0.003804 0.002107 -0.012458 0.003610 0.003775 0.003770
3.315100 -0.003809 0.002106 -0.012470 0.003612 0.003777 0.003772
3.317800 -0.003813 0.002106 -0.012482 0.003613 0.003779 0.003775
3.320600 -0.003817 0.002106 -0.012494 0.003614 0.003780 0.003778
3.323300 -0.003821 0.002105 -0.012505 0.003616 0.003782 0.003781
3.326000 -0.003825 0.002105 -0.012517 0.003617 0.003784 0.003783
3.328800 -0.003829 0.002104 -0.012529 0.003619 0.003786 0.003786
3.331500 -0.003833 0.002104 -0.012540 0.003620 0.003787 0.003789
3.334300 -0.003837 0.002104 -0.012552 0.003621 0.003789 0.003792
3.337000 -0.003841 0.002103 -0.012564 0.003623 0.003791 0.003795
3.339700 -0.003845 0.002103 -0.012575 0.003624 0.003793 0.003797
3.342500 -0.003849 0.002102 -0.012587 0.003625 0.003795 0.003800
3.345200 -0.003853 0.002102 -0.012599 0.003627 0.003796 0.003803
3.347900 -0.003857 0.002102 -0.012610 0.003628 0.003798 0.003806
3.350700 -0.003861 0.002101 -0.012622 0.003630 0.003800 0.003809
3.353400 -0.003865 0.002101 -0.012634 0.003631 0.003802 0.003811
3.356200 -0.003869 0.002100 -0.012646 0.003633 0.003804 0.003814
3.358900 -0.003873 0.002100 -0.012657 0.003634 0.003805 0.003817
3.361600 -0.003877 0.002100 -0.012669 0.003635 0.003807 0.003820
3.364400 -0.003882 0.002099 -0.012681 0.003637 0.003809 0.003823
3.367100 -0.003886 0.002099 -0.012692 0.003638 0.003811 0.003825
3.369900 -0.003890 0.002098 -0.012704 0.003640 0.003813 0.003828
3.372600 -0.003894 0.002098 -0.012716 0.003641 0.003815 0.003831
3.375300 -0.003898 0.002097 -0.012727 0.003643 0.003816 0.003834
3.378100 -0.003902 0.002097 -0.012739 0.003644 0.003818 0.003837
3.380800 -0.003906 0.002097 -0.012751 0.003646 0.003820 0.003840
3.383600 -0.003910 0.002096 -0.012762 0.003647 0.003822 0.003843
3.386300 -0.003914 0.002096 -0.012774 0.003649 0.003824 0.003845
3.389000 -0.003918 0.002095 -0.012785 0.003650 0.003825 0.003848
3.391800 -0.003922 0.002095 -0.012797 0.003652 0.003827 0.003851
3.394500 -0.003926 0.002094 -0.012809 0.003653 0.003829 0.003854
3.397300 -0.003931 0.002094 -0.012821 0.003655 0.003831 0.003857
3.400000 -0.003935 0.002094 -0.012832 0.003656 0.003833 0.003860
3.402700 -0.003939 0.002093 -0.012844 0.003658 0.003835 0.003863
3.405500 -0.003943 0.002093 -0.012855 0.003659 0.003837 0.003866
3.408200 -0.003947 0.002092 -0.012867 0.003661 0.003838 0.003868
3.411000 -0.003951 0.002092 -0.012879 0.003662 0.003840 0.003871
3.413700 -0.003955 0.002091 -0.012890 0.003664 0.003842 0.003874
3.416400 -0.003959 0.002091 -0.012902 0.003665 0.003844 0.003877
3.419200 -0.003963 0.002091 -0.012914 0.003667 0.003846 0.003880
3.421900 -0.003967 0.002090 -0.012925 0.003669 0.003848 0.003883
3.424700 -0.003972 0.002090 -0.012937 0.003670 0.003850 0.003886
3.427400 -0.003976 0.002089 -0.012948 0.003672 0.003851 0.003889
3.430100 -0.003980 0.002089 -0.012960 0.003673 0.003853 0.003892
3.432900 -0.003984 0.002088 -0.012972 0.003675 0.003855 0.003895
3.435600 -0.003988 0.002088 -0.012983 0.003677 0.003857 0.003898
3.438400 -0.003992 0.002087 -0.012995 0.003678 0.003859 0.003901
3.441100 -0.003996 0.002087 -0.013006 0.003680 0.003861 0.003904
3.443800 -0.004000 0.002087 -0.013018 0.003681 0.003863 0.003906
3.446600 -0.004004 0.002086 -0.013030 0.003683 0.003865 0.003909
3.449300 -0.004009 0.002086 -0.013041 0.003685 0.003866 0.003912
3.452100 -0.004013 0.002085 -0.013053 0.003686 0.003868 0.003915
3.454800 -0.004017 0.002085 -0.013064 0.003688 0.003870 0.003918
3.457500 -0.004021 0.002084 -0.013076 0.003690 0.003872 0.003921
3.460300 -0.004025 0.002084 -0.013087 0.003691 0.003874 0.003924
3.463000 -0.004029 0.002083 -0.013099 0.003693 0.003876 0.003927
3.465800 -0.004033 0.002083 -0.013111 0.003695 0.003878 0.003930
3.468500 -0.004037 0.002082 -0.013122 0.003696 0.003880 0.003933
3.471200 -0.004041 0.002082 -0.013133 0.003698 0.003882 0.003936
3.474000 -0.004046 0.002082 -0.013145 0.003700 0.003883 0.003939
3.476700 -0.004050 0.002081 -0.013157 0.003701 0.003885 0.003942
3.479500 -0.004054 0.002081 -0.013168 0.003703 0.003887 0.003945
3.482200 -0.004058 0.002080 -0.013180 0.003705 0.003889 0.003948
3.484900 -0.004062 0.002080 -0.013191 0.003707 0.003891 0.003951
3.487700 -0.004066 0.002079 -0.013203 0.003708 0.003893 0.003954
3.490400 -0.004070 0.002079 -0.013214 0.003710 0.003895 0.003957
3.493200 -0.004075 0.002078 -0.013226 0.003712 0.003897 0.003960
3.495900 -0.004079 0.002078 -0.013237 0.003714 0.003899 0.003963
3.498600 -0.004083 0.002077 -0.013249 0.003715 0.003901 0.003966
3.501400 -0.004087 0.002077 -0.013261 0.003717 0.003903 0.003970
3.504100 -0.004091 0.002076 -0.013272 0.003719 0.003905 0.003973
3.506900 -0.004095 0.002076 -0.013284 0.003721 0.003906 0.003976
3.509600 -0.004099 0.002075 -0.013295 0.003722 0.003908 0.003979
3.512300 -0.004103 0.002075 -0.013306 0.003724 0.003910 0.003982
3.515100 -0.004108 0.002074 -0.013318 0.003726 0.003912 0.003985
3.517800 -0.004112 0.002074 -0.013330 0.003728 0.003914 0.003988
3.520600 -0.004116 0.002073 -0.013341 0.003730 0.003916 0.003991
3.523300 -0.004120 0.002073 -0.013353 0.003731 0.003918 0.003994
3.526000 -0.004124 0.002072 -0.013364 0.003733 0.003920 0.003997
3.528800 -0.004128 0.002072 -0.013376 0.003735 0.003922 0.004000
3.531500 -0.004132 0.002071 -0.013387 0.003737 0.003924 0.004003
3.534300 -0.004137 0.002071 -0.013399 0.003739 0.003926 0.004006
3.537000 -0.004141 0.002071 -0.013410 0.003740 0.003928 0.004010
3.539700 -0.004145 0.002070 -0.013421 0.003742 0.003930 0.004013
3.542500 -0.004149 0.002070 -0.013433 0.003744 0.003932 0.004016
3.545200 -0.004153 0.002069 -0.013444 0.003746 0.003934 0.004019
3.547900 -0.004157 0.002069 -0.013456 0.003748 0.003936 0.004022
3.550700 -0.004162 0.002068 -0.013468 0.003750 0.003938 0.004025
3.553400 -0.004166 0.002068 -0.013479 0.003752 0.003940 0.004028
3.556200 -0.004170 0.002067 -0.013491 0.003754 0.003942 0.004031
3.558900 -0.004174 0.002067 -0.013502 0.003755 0.003944 0.004034
3.561600 -0.004178 0.002066 -0.013513 0.003757 0.003945 0.004038
3.564400 -0.004182 0.002066 -0.013525 0.003759 0.003947 0.004041
3.567100 -0.004186 0.002065 -0.013536 0.003761 0.003949 0.004044
3.569900 -0.004191 0.002065 -0.013548 0.003763 0.003951 0.004047
3.572600 -0.004195 0.002064 -0.013559 0.003765 0.003953 0.004050
3.575300 -0.004199 0.002064 -0.013570 0.003767 0.003955 0.004053
3.578100 -0.004203 0.002063 -0.013582 0.003769 0.003957 0.004057
3.580800 -0.004207 0.002062 -0.013593 0.003771 0.003959 0.004060
3.583600 -0.004211 0.002062 -0.013605 0.003773 0.003961 0.004063
3.586300 -0.004216 0.002061 -0.013616 0.003775 0.003963 0.004066
3.589000 -0.004220 0.002061 -0.013628 0.003777 0.003965 0.004069
3.591800 -0.004224 0.002060 -0.013639 0.003779 0.003967 0.004072
3.594500 -0.004228 0.002060 -0.013651 0.003781 0.003969 0.004076
3.597300 -0.004232 0.002059 -0.013662 0.003783 0.003971 0.004079
3.600000 -0.004236 0.002059 -0.013674 0.003785 0.003973 0.004082
3.602700 -0.004241 0.002058 -0.013685 0.003787 0.003975 0.004085
3.605500 -0.004245 0.002058 -0.013696 0.003789 0.003977 0.004088
3.608200 -0.004249 0.002057 -0.013708 0.003791 0.003979 0.004092
3.611000 -0.004253 0.002057 -0.013719 0.003793 0.003981 0.004095
3.613700 -0.004257 0.002056 -0.013731 0.003795 0.003983 0.004098
3.616400 -0.004261 0.002056 -0.013742 0.003797 0.003985 0.004101
3.619200 -0.004266 0.002055 -0.013753 0.003799 0.003988 0.004105
3.621900 -0.004270 0.002055 -0.013765 0.003801 0.003990 0.004108
3.624700 -0.004274 0.002054 -0.013776 0.003803 0.003992 0.004111
3.627400 -0.004278 0.002054 -0.013788 0.003805 0.003994 0.004114
3.630100 -0.004282 0.002053 -0.013799 0.003807 0.003996 0.004117
3.632900 -0.004287 0.002053 -0.013810 0.003809 0.003998 0.004121
3.635600 -0.004291 0.002052 -0.013822 0.003811 0.004000 0.004124
3.638400 -0.004295 0.002051 -0.013833 0.003813 0.004002 0.004127
3.641100 -0.004299 0.002051 -0.013845 0.003815 0.004004 0.004130
3.654800 -0.004320 0.002048 -0.013901 0.003826 0.004014 0.004147
3.657500 -0.004324 0.002048 -0.013913 0.003828 0.004016 0.004150
3.660300 -0.004328 0.002047 -0.013924 0.003830 0.004018 0.004153
3.663000 -0.004333 0.002047 -0.013935 0.003832 0.004020 0.004157
3.665800 -0.004337 0.002046 -0.013947 0.003835 0.004022 0.004160
3.668500 -0.004341 0.002046 -0.013958 0.003837 0.004024 0.004163
3.671200 -0.004345 0.002045 -0.013969 0.003839 0.004026 0.004167
3.674000 -0.004349 0.002044 -0.013981 0.003841 0.004029 0.004170
3.676700 -0.004354 0.002044 -0.013992 0.003843 0.004031 0.004173
3.679500 -0.004358 0.002043 -0.014004 0.003845 0.004033 0.004177
3.682200 -0.004362 0.002043 -0.014015 0.003848 0.004035 0.004180
3.684900 -0.004366 0.002042 -0.014026 0.003850 0.004037 0.004183
3.687700 -0.004370 0.002042 -0.014038 0.003852 0.004039 0.004187
3.690400 -0.004374 0.002041 -0.014049 0.003854 0.004041 0.004190
3.693200 -0.004379 0.002041 -0.014060 0.003857 0.004043 0.004193
3.695900 -0.004383 0.002040 -0.014072 0.003859 0.004045 0.004197
3.698600 -0.004387 0.002039 -0.014083 0.003861 0.004047 0.004200
3.701400 -0.004391 0.002039 -0.014094 0.003863 0.004049 0.004203
3.704100 -0.004395 0.002038 -0.014105 0.003865 0.004051 0.004207
3.706900 -0.004400 0.002038 -0.014117 0.003868 0.004054 0.004210
3.709600 -0.004404 0.002037 -0.014128 0.003870 0.004056 0.004213
3.712300 -0.004408 0.002037 -0.014139 0.003872 0.004058 0.004217
3.715100 -0.004412 0.002036 -0.014151 0.003875 0.004060 0.004220
3.717800 -0.004416 0.002036 -0.014162 0.003877 0.004062 0.004223
3.720600 -0.004421 0.002035 -0.014173 0.003879 0.004064 0.004227
3.726000 -0.004429 0.002034 -0.014196 0.003884 0.004068 0.004234
3.728800 -0.004433 0.002033 -0.014207 0.003886 0.004070 0.004237
3.731500 -0.004438 0.002033 -0.014218 0.003888 0.004073 0.004240
3.734300 -0.004442 0.002032 -0.014230 0.003891 0.004075 0.004244
3.737000 -0.004446 0.002032 -0.014241 0.003893 0.004077 0.004247
3.739700 -0.004450 0.002031 -0.014252 0.003895 0.004079 0.004251
3.742500 -0.004454 0.002030 -0.014264 0.003898 0.004081 0.004254
3.745200 -0.004459 0.002030 -0.014275 0.003900 0.004083 0.004257
3.747900 -0.004463 0.002029 -0.014286 0.003902 0.004085 0.004261
3.750700 -0.004467 0.002029 -0.014297 0.003905 0.004087 0.004264
3.753400 -0.004471 0.002028 -0.014309 0.003907 0.004090 0.004268
3.756200 -0.004475 0.002027 -0.014320 0.003910 0.004092 0.004271
3.758900 -0.004480 0.002027 -0.014331 0.003912 0.004094 0.004275
3.761600 -0.004484 0.002026 -0.014342 0.003914 0.004096 0.004278
3.764400 -0.004488 0.002026 -0.014354 0.003917 0.004098 0.004281
3.767100 -0.004492 0.002025 -0.014365 0.003919 0.004100 0.004285
3.769900 -0.004497 0.002025 -0.014376 0.003922 0.004103 0.004288
3.772600 -0.004501 0.002024 -0.014387 0.003924 0.004105 0.004292
3.775300 -0.004505 0.002023 -0.014398 0.003926 0.004107 0.004295
3.778100 -0.004509 0.002023 -0.014410 0.003929 0.004109 0.004299
3.780800 -0.004513 0.002022 -0.014421 0.003931 0.004111 0.004302
3.783600 -0.004518 0.002022 -0.014432 0.003934 0.004113 0.004306
3.786300 -0.004522 0.002021 -0.014444 0.003936 0.004116 0.004309
3.789000 -0.004526 0.002020 -0.014455 0.003939 0.004118 0.004313
3.791800 -0.004530 0.002020 -0.014466 0.003941 0.004120 0.004316
3.794500 -0.004534 0.002019 -0.014477 0.003944 0.004122 0.004320
3.797300 -0.004539 0.002019 -0.014489 0.003946 0.004124 0.004323
3.800000 -0.004543 0.002018 -0.014500 0.003949 0.004126 0.004327
3.802700 -0.004547 0.002017 -0.014511 0.003951 0.004129 0.004330
3.805500 -0.004551 0.002017 -0.014522 0.003954 0.004131 0.004334
3.808200 -0.004556 0.002016 -0.014533 0.003956 0.004133 0.004337
3.811000 -0.004560 0.002016 -0.014545 0.003959 0.004135 0.004341
3.813700 -0.004564 0.002015 -0.014556 0.003961 0.004137 0.004344
3.816400 -0.004568 0.002014 -0.014567 0.003964 0.004140 0.004348
3.819200 -0.004572 0.002014 -0.014578 0.003966 0.004142 0.004351
3.821900 -0.004577 0.002013 -0.014589 0.003969 0.004144 0.004355
3.827400 -0.004585 0.002012 -0.014612 0.003974 0.004148 0.004362
3.830100 -0.004589 0.002011 -0.014623 0.003977 0.004151 0.004365
3.832900 -0.004594 0.002011 -0.014634 0.003979 0.004153 0.004369
3.835600 -0.004598 0.002010 -0.014645 0.003982 0.004155 0.004372
3.838400 -0.004602 0.002010 -0.014656 0.003984 0.004157 0.004376
3.841100 -0.004606 0.002009 -0.014668 0.003987 0.004159 0.004379
3.843800 -0.004610 0.002008 -0.014679 0.003990 0.004162 0.004383
3.846600 -0.004615 0.002008 -0.014690 0.003992 0.004164 0.004387
3.849300 -0.004619 0.002007 -0.014701 0.003995 0.004166 0.004390
3.852100 -0.004623 0.002007 -0.014712 0.003998 0.004168 0.004394
3.854800 -0.004627 0.002006 -0.014723 0.004000 0.004171 0.004397
3.857500 -0.004632 0.002005 -0.014734 0.004003 0.004173 0.004401
3.860300 -0.004636 0.002005 -0.014746 0.004006 0.004175 0.004404
3.863000 -0.004640 0.002004 -0.014757 0.004008 0.004177 0.004408
3.865800 -0.004644 0.002003 -0.014768 0.004011 0.004180 0.004412
3.868500 -0.004649 0.002003 -0.014779 0.004013 0.004182 0.004415
3.871200 -0.004653 0.002002 -0.014790 0.004016 0.004184 0.004419
3.874000 -0.004657 0.002002 -0.014801 0.004019 0.004186 0.004422
3.876700 -0.004661 0.002001 -0.014812 0.004022 0.004189 0.004426
3.879500 -0.004666 0.002000 -0.014824 0.004024 0.004191 0.004430
3.882200 -0.004670 0.002000 -0.014835 0.004027 0.004193 0.004433
3.884900 -0.004674 0.001999 -0.014846 0.004030 0.004195 0.004437
3.887700 -0.004678 0.001998 -0.014857 0.004032 0.004198 0.004440
3.890400 -0.004682 0.001998 -0.014868 0.004035 0.004200 0.004444
3.893200 -0.004687 0.001997 -0.014879 0.004038 0.004202 0.004448
3.895900 -0.004691 0.001997 -0.014890 0.004041 0.004204 0.004451
3.898600 -0.004695 0.001996 -0.014901 0.004043 0.004207 0.004455
3.901400 -0.004699 0.001995 -0.014913 0.004046 0.004209 0.004459
3.904100 -0.004704 0.001995 -0.014924 0.004049 0.004211 0.004462
3.906900 -0.004708 0.001994 -0.014935 0.004052 0.004214 0.004466
3.909600 -0.004712 0.001993 -0.014946 0.004055 0.004216 0.004469
3.912300 -0.004716 0.001993 -0.014957 0.004057 0.004218 0.004473
3.915100 -0.004721 0.001992 -0.014968 0.004060 0.004220 0.004477
3.917800 -0.004725 0.001991 -0.014979 0.004063 0.004223 0.004480
3.920600 -0.004729 0.001991 -0.014990 0.004066 0.004225 0.004484
3.923300 -0.004733 0.001990 -0.015001 0.004069 0.004227 0.004488
3.926000 -0.004738 0.001990 -0.015012 0.004071 0.004229 0.004491
3.928800 -0.004742 0.001989 -0.015024 0.004074 0.004232 0.004495
3.931500 -0.004746 0.001988 -0.015034 0.004077 0.004234 0.004499
3.934300 -0.004750 0.001988 -0.015046 0.004080 0.004236 0.004503
3.937000 -0.004755 0.001987 -0.015057 0.004083 0.004239 0.004506
3.939700 -0.004759 0.001986 -0.015068 0.004086 0.004241 0.004510
3.942500 -0.004763 0.001986 -0.015079 0.004089 0.004243 0.004514
3.945200 -0.004767 0.001985 -0.015090 0.004091 0.004246 0.004517
3.947900 -0.004771 0.001984 -0.015101 0.004094 0.004248 0.004521
3.950700 -0.004776 0.001984 -0.015112 0.004097 0.004250 0.004525
3.953400 -0.004780 0.001983 -0.015123 0.004100 0.004253 0.004528
3.956200 -0.004784 0.001982 -0.015134 0.004103 0.004255 0.004532
3.958900 -0.004789 0.001982 -0.015145 0.004106 0.004257 0.004536
3.961600 -0.004793 0.001981 -0.015156 0.004109 0.004260 0.004539
3.964400 -0.004797 0.001980 -0.015167 0.004112 0.004262 0.004543
3.967100 -0.004801 0.001980 -0.015178 0.004115 0.004264 0.004547
3.969900 -0.004806 0.001979 -0.015189 0.004118 0.004267 0.004551
3.972600 -0.004810 0.001978 -0.015200 0.004121 0.004269 0.004554
3.975300 -0.004814 0.001978 -0.015211 0.004123 0.004271 0.004558
3.978100 -0.004818 0.001977 -0.015222 0.004126 0.004274 0.004562
3.980800 -0.004823 0.001976 -0.015233 0.004129 0.004276 0.004566
3.983600 -0.004827 0.001976 -0.015245 0.004132 0.004278 0.004569
3.986300 -0.004831 0.001975 -0.015255 0.004135 0.004281 0.004573
3.989000 -0.004835 0.001974 -0.015266 0.004138 0.004283 0.004577
3.991800 -0.004840 0.001974 -0.015278 0.004141 0.004285 0.004581
3.994500 -0.004844 0.001973 -0.015288 0.004144 0.004288 0.004584
3.997300 -0.004848 0.001972 -0.015300 0.004147 0.004290 0.004588
4.000000 -0.004852 0.001972 -0.015311 0.004150 0.004292 0.004592
4.002700 -0.004856 0.001971 -0.015321 0.004153 0.004295 0.004596
4.005500 -0.004861 0.001970 -0.015333 0.004157 0.004297 0.004599
4.008200 -0.004865 0.001970 -0.015343 0.004160 0.004300 0.004603
4.011000 -0.004869 0.001969 -0.015355 0.004163 0.004302 0.004607
4.013700 -0.004874 0.001968 -0.015365 0.004166 0.004304 0.004611
4.016400 -0.004878 0.001968 -0.015376 0.004169 0.004307 0.004614
4.019200 -0.004882 0.001967 -0.015388 0.004172 0.004309 0.004618
4.021900 -0.004886 0.001966 -0.015398 0.004175 0.004311 0.004622
4.024700 -0.004891 0.001966 -0.015410 0.004178 0.004314 0.004626
4.027400 -0.004895 0.001965 -0.015420 0.004181 0.004316 0.004630
4.030100 -0.004899 0.001964 -0.015431 0.004184 0.004319 0.004634
4.032900 -0.004903 0.001964 -0.015442 0.004187 0.004321 0.004637
4.035600 -0.004908 0.001963 -0.015453 0.004190 0.004323 0.004641
4.038400 -0.004912 0.001962 -0.015464 0.004194 0.004326 0.004645
4.041100 -0.004916 0.001962 -0.015475 0.004197 0.004328 0.004649
4.043800 -0.004920 0.001961 -0.015486 0.004200 0.004331 0.004653
4.046600 -0.004925 0.001960 -0.015497 0.004203 0.004333 0.004657
4.049300 -0.004929 0.001960 -0.015508 0.004206 0.004335 0.004660
4.052100 -0.004933 0.001959 -0.015519 0.004209 0.004338 0.004664
4.054800 -0.004937 0.001958 -0.015530 0.004212 0.004340 0.004668
4.057500 -0.004942 0.001958 -0.015541 0.004216 0.004343 0.004672
4.060300 -0.004946 0.001957 -0.015552 0.004219 0.004345 0.004676
4.063000 -0.004950 0.001956 -0.015563 0.004222 0.004348 0.004680
4.065800 -0.004954 0.001955 -0.015574 0.004225 0.004350 0.004683
4.068500 -0.004959 0.001955 -0.015585 0.004228 0.004352 0.004687
4.071200 -0.004963 0.001954 -0.015596 0.004232 0.004355 0.004691
4.074000 -0.004967 0.001953 -0.015607 0.004235 0.004357 0.004695
4.076700 -0.004971 0.001953 -0.015617 0.004238 0.004360 0.004699
4.079500 -0.004976 0.001952 -0.015629 0.004241 0.004362 0.004703
4.082200 -0.004980 0.001951 -0.015639 0.004244 0.004365 0.004707
4.084900 -0.004984 0.001951 -0.015650 0.004248 0.004367 0.004710
4.087700 -0.004988 0.001950 -0.015661 0.004251 0.004370 0.004714
4.090400 -0.004993 0.001949 -0.015672 0.004254 0.004372 0.004718
4.093200 -0.004997 0.001948 -0.015683 0.004258 0.004374 0.004722
4.095900 -0.005001 0.001948 -0.015694 0.004261 0.004377 0.004726
4.098600 -0.005005 0.001947 -0.015705 0.004264 0.004379 0.004730
4.101400 -0.005010 0.001946 -0.015716 0.004267 0.004382 0.004734
4.104100 -0.005014 0.001946 -0.015727 0.004271 0.004384 0.004738
4.106900 -0.005018 0.001945 -0.015738 0.004274 0.004387 0.004742
4.109600 -0.005022 0.001944 -0.015748 0.004277 0.004389 0.004746
4.112300 -0.005027 0.001944 -0.015759 0.004281 0.004392 0.004749
4.115100 -0.005031 0.001943 -0.015770 0.004284 0.004394 0.004753
4.117800 -0.005035 0.001942 -0.015781 0.004287 0.004397 0.004757
4.120600 -0.005040 0.001941 -0.015792 0.004291 0.004399 0.004761
4.123300 -0.005044 0.001941 -0.015803 0.004294 0.004402 0.004765
4.126000 -0.005048 0.001940 -0.015814 0.004297 0.004404 0.004769
4.128800 -0.005052 0.001939 -0.015825 0.004301 0.004407 0.004773
4.131500 -0.005057 0.001939 -0.015835 0.004304 0.004409 0.004777
4.134300 -0.005061 0.001938 -0.015847 0.004307 0.004412 0.004781
4.137000 -0.005065 0.001937 -0.015857 0.004311 0.004414 0.004785
4.139700 -0.005069 0.001936 -0.015868 0.004314 0.004416 0.004789
4.142500 -0.005074 0.001936 -0.015879 0.004318 0.004419 0.004793
4.145200 -0.005078 0.001935 -0.015890 0.004321 0.004421 0.004797
4.147900 -0.005082 0.001934 -0.015900 0.004324 0.004424 0.004801
4.153400 -0.005091 0.001933 -0.015922 0.004331 0.004429 0.004809
4.156200 -0.005095 0.001932 -0.015933 0.004335 0.004432 0.004813
4.158900 -0.005099 0.001931 -0.015944 0.004338 0.004434 0.004816
4.161600 -0.005103 0.001931 -0.015955 0.004341 0.004437 0.004820
4.164400 -0.005108 0.001930 -0.015966 0.004345 0.004439 0.004824
4.167100 -0.005112 0.001929 -0.015976 0.004348 0.004442 0.004828
4.169900 -0.005116 0.001929 -0.015987 0.004352 0.004444 0.004832
4.172600 -0.005120 0.001928 -0.015998 0.004355 0.004447 0.004836
4.175300 -0.005125 0.001927 -0.016009 0.004359 0.004449 0.004840
4.178100 -0.005129 0.001926 -0.016020 0.004362 0.004452 0.004844
4.180800 -0.005133 0.001926 -0.016031 0.004366 0.004454 0.004848
4.183600 -0.005138 0.001925 -0.016042 0.004369 0.004457 0.004852
4.186300 -0.005142 0.001924 -0.016052 0.004373 0.004459 0.004856
4.189000 -0.005146 0.001923 -0.016063 0.004376 0.004462 0.004860
4.191800 -0.005150 0.001923 -0.016074 0.004380 0.004464 0.004864
4.194500 -0.005154 0.001922 -0.016085 0.004383 0.004467 0.004868
4.197300 -0.005159 0.001921 -0.016096 0.004387 0.004470 0.004873
4.200000 -0.005163 0.001920 -0.016106 0.004391 0.004472 0.004877
4.202700 -0.005167 0.001920 -0.016117 0.004394 0.004475 0.004880
4.205500 -0.005172 0.001919 -0.016128 0.004398 0.004477 0.004885
4.208200 -0.005176 0.001918 -0.016139 0.004401 0.004480 0.004889
4.211000 -0.005180 0.001918 -0.016150 0.004405 0.004482 0.004893
4.213700 -0.005184 0.001917 -0.016160 0.004408 0.004485 0.004897
4.216400 -0.005189 0.001916 -0.016171 0.004412 0.004487 0.004901
4.219200 -0.005193 0.001915 -0.016182 0.004416 0.004490 0.004905
4.221900 -0.005197 0.001915 -0.016193 0.004419 0.004493 0.004909
4.224700 -0.005201 0.001914 -0.016204 0.004423 0.004495 0.004913
4.227400 -0.005206 0.001913 -0.016214 0.004426 0.004498 0.004917
4.230100 -0.005210 0.001912 -0.016225 0.004430 0.004500 0.004921
4.232900 -0.005214 0.001912 -0.016236 0.004434 0.004503 0.004925
4.235600 -0.005218 0.001911 -0.016246 0.004437 0.004505 0.004929
4.238400 -0.005223 0.001910 -0.016257 0.004441 0.004508 0.004933
4.241100 -0.005227 0.001909 -0.016268 0.004445 0.004511 0.004937
4.243800 -0.005231 0.001909 -0.016279 0.004448 0.004513 0.004941
4.246600 -0.005236 0.001908 -0.016290 0.004452 0.004516 0.004945
4.249300 -0.005240 0.001907 -0.016300 0.004456 0.004518 0.004949
4.252100 -0.005244 0.001906 -0.016311 0.004459 0.004521 0.004954
4.254800 -0.005248 0.001906 -0.016322 0.004463 0.004524 0.004958
4.257500 -0.005252 0.001905 -0.016332 0.004467 0.004526 0.004962
4.260300 -0.005257 0.001904 -0.016343 0.004470 0.004529 0.004966
4.263000 -0.005261 0.001903 -0.016354 0.004474 0.004531 0.004970
4.265800 -0.005265 0.001903 -0.016365 0.004478 0.004534 0.004974
4.268500 -0.005270 0.001902 -0.016375 0.004482 0.004537 0.004978
4.271200 -0.005274 0.001901 -0.016386 0.004485 0.004539 0.004982
4.274000 -0.005278 0.001900 -0.016397 0.004489 0.004542 0.004986
4.276700 -0.005282 0.001900 -0.016408 0.004493 0.004545 0.004991
4.279500 -0.005287 0.001899 -0.016418 0.004497 0.004547 0.004995
4.282200 -0.005291 0.001898 -0.016429 0.004500 0.004550 0.004999
4.284900 -0.005295 0.001897 -0.016440 0.004504 0.004552 0.005003
4.287700 -0.005299 0.001897 -0.016451 0.004508 0.004555 0.005007
4.290400 -0.005304 0.001896 -0.016461 0.004512 0.004558 0.005011
4.293200 -0.005308 0.001895 -0.016472 0.004515 0.004560 0.005015
4.295900 -0.005312 0.001894 -0.016483 0.004519 0.004563 0.005019
4.298600 -0.005316 0.001894 -0.016493 0.004523 0.004566 0.005024
4.301400 -0.005321 0.001893 -0.016504 0.004527 0.004568 0.005028
4.306900 -0.005329 0.001891 -0.016526 0.004534 0.004574 0.005036
4.309600 -0.005333 0.001890 -0.016536 0.004538 0.004576 0.005040
4.312300 -0.005338 0.001890 -0.016547 0.004542 0.004579 0.005044
4.315100 -0.005342 0.001889 -0.016558 0.004546 0.004582 0.005049
4.317800 -0.005346 0.001888 -0.016568 0.004550 0.004584 0.005053
4.320600 -0.005351 0.001887 -0.016579 0.004554 0.004587 0.005057
4.323300 -0.005355 0.001887 -0.016589 0.004557 0.004590 0.005061
4.326000 -0.005359 0.001886 -0.016600 0.004561 0.004592 0.005065
4.328800 -0.005363 0.001885 -0.016611 0.004565 0.004595 0.005069
4.331500 -0.005367 0.001884 -0.016621 0.004569 0.004598 0.005074
4.334300 -0.005372 0.001883 -0.016632 0.004573 0.004600 0.005078
4.337000 -0.005376 0.001883 -0.016643 0.004577 0.004603 0.005082
4.339700 -0.005380 0.001882 -0.016653 0.004581 0.004606 0.005086
4.342500 -0.005385 0.001881 -0.016664 0.004585 0.004608 0.005090
4.345200 -0.005389 0.001880 -0.016675 0.004589 0.004611 0.005095
4.347900 -0.005393 0.001880 -0.016685 0.004593 0.004614 0.005099
4.350700 -0.005397 0.001879 -0.016696 0.004597 0.004616 0.005103
4.353400 -0.005402 0.001878 -0.016707 0.004600 0.004619 0.005107
4.356200 -0.005406 0.001877 -0.016717 0.004604 0.004622 0.005111
4.358900 -0.005410 0.001876 -0.016728 0.004608 0.004624 0.005116
4.361600 -0.005414 0.001876 -0.016738 0.004612 0.004627 0.005120
4.364400 -0.005419 0.001875 -0.016749 0.004616 0.004630 0.005124
4.367100 -0.005423 0.001874 -0.016760 0.004620 0.004633 0.005128
4.369900 -0.005427 0.001873 -0.016771 0.004624 0.004635 0.005133
4.372600 -0.005431 0.001873 -0.016781 0.004628 0.004638 0.005137
4.375300 -0.005436 0.001872 -0.016792 0.004632 0.004641 0.005141
4.378100 -0.005440 0.001871 -0.016802 0.004636 0.004643 0.005145
4.380800 -0.005444 0.001870 -0.016813 0.004640 0.004646 0.005149
4.383600 -0.005448 0.001869 -0.016824 0.004644 0.004649 0.005154
4.386300 -0.005453 0.001869 -0.016834 0.004648 0.004652 0.005158
4.389000 -0.005457 0.001868 -0.016845 0.004652 0.004654 0.005162
4.391800 -0.005461 0.001867 -0.016856 0.004656 0.004657 0.005166
4.394500 -0.005465 0.001866 -0.016866 0.004660 0.004660 0.005171
4.397300 -0.005470 0.001865 -0.016877 0.004665 0.004663 0.005175
4.400000 -0.005474 0.001865 -0.016887 0.004669 0.004665 0.005179
4.402700 -0.005478 0.001864 -0.016898 0.004673 0.004668 0.005183
4.405500 -0.005482 0.001863 -0.016909 0.004677 0.004671 0.005188
4.408200 -0.005487 0.001862 -0.016919 0.004681 0.004673 0.005192
4.411000 -0.005491 0.001861 -0.016930 0.004685 0.004676 0.005196
4.413700 -0.005495 0.001861 -0.016940 0.004689 0.004679 0.005201
4.416400 -0.005499 0.001860 -0.016951 0.004693 0.004682 0.005205
4.419200 -0.005504 0.001859 -0.016961 0.004697 0.004685 0.005209
4.421900 -0.005508 0.001858 -0.016972 0.004701 0.004687 0.005213
4.424700 -0.005512 0.001857 -0.016983 0.004705 0.004690 0.005218
4.427400 -0.005516 0.001857 -0.016993 0.004710 0.004693 0.005222
4.430100 -0.005521 0.001856 -0.017003 0.004714 0.004696 0.005226
4.432900 -0.005525 0.001855 -0.017014 0.004718 0.004698 0.005231
4.435600 -0.005529 0.001854 -0.017025 0.004722 0.004701 0.005235
4.438400 -0.005533 0.001853 -0.017036 0.004726 0.004704 0.005239
4.441100 -0.005538 0.001853 -0.017046 0.004730 0.004707 0.005244
4.443800 -0.005542 0.001852 -0.017056 0.004734 0.004709 0.005248
4.446600 -0.005546 0.001851 -0.017067 0.004739 0.004712 0.005252
4.449300 -0.005550 0.001850 -0.017077 0.004743 0.004715 0.005256
4.452100 -0.005555 0.001849 -0.017088 0.004747 0.004718 0.005261
4.454800 -0.005559 0.001849 -0.017099 0.004751 0.004721 0.005265
4.457500 -0.005563 0.001848 -0.017109 0.004755 0.004723 0.005269
4.460300 -0.005567 0.001847 -0.017120 0.004760 0.004726 0.005274
4.463000 -0.005572 0.001846 -0.017130 0.004764 0.004729 0.005278
4.465800 -0.005576 0.001845 -0.017141 0.004768 0.004732 0.005283
4.468500 -0.005580 0.001845 -0.017151 0.004772 0.004735 0.005287
4.471200 -0.005584 0.001844 -0.017162 0.004776 0.004737 0.005291
4.474000 -0.005589 0.001843 -0.017172 0.004781 0.004740 0.005296
4.476700 -0.005593 0.001842 -0.017183 0.004785 0.004743 0.005300
4.479500 -0.005597 0.001841 -0.017194 0.004789 0.004746 0.005304
4.482200 -0.005601 0.001841 -0.017204 0.004794 0.004749 0.005309
4.484900 -0.005606 0.001840 -0.017214 0.004798 0.004751 0.005313
4.487700 -0.005610 0.001839 -0.017225 0.004802 0.004754 0.005317
4.490400 -0.005614 0.001838 -0.017235 0.004806 0.004757 0.005322
4.493200 -0.005618 0.001837 -0.017246 0.004811 0.004760 0.005326
4.495900 -0.005623 0.001836 -0.017257 0.004815 0.004763 0.005330
4.498600 -0.005627 0.001836 -0.017267 0.004819 0.004766 0.005335
4.501400 -0.005631 0.001835 -0.017278 0.004824 0.004769 0.005339
4.504100 -0.005635 0.001834 -0.017288 0.004828 0.004771 0.005344
4.506900 -0.005640 0.001833 -0.017299 0.004832 0.004774 0.005348
4.509600 -0.005644 0.001832 -0.017309 0.004837 0.004777 0.005352
4.512300 -0.005648 0.001831 -0.017319 0.004841 0.004780 0.005357
4.515100 -0.005652 0.001831 -0.017330 0.004845 0.004783 0.005361
4.517800 -0.005657 0.001830 -0.017340 0.004850 0.004786 0.005365
4.520600 -0.005661 0.001829 -0.017351 0.004854 0.004788 0.005370
4.523300 -0.005665 0.001828 -0.017361 0.004858 0.004791 0.005374
4.526000 -0.005669 0.001827 -0.017372 0.004863 0.004794 0.005379
4.528800 -0.005674 0.001827 -0.017382 0.004867 0.004797 0.005383
4.531500 -0.005678 0.001826 -0.017393 0.004871 0.004800 0.005388
4.534300 -0.005682 0.001825 -0.017403 0.004876 0.004803 0.005392
4.537000 -0.005686 0.001824 -0.017414 0.004880 0.004806 0.005396
4.539700 -0.005690 0.001823 -0.017424 0.004885 0.004808 0.005401
4.542500 -0.005695 0.001822 -0.017435 0.004889 0.004811 0.005405
4.545200 -0.005699 0.001822 -0.017445 0.004893 0.004814 0.005410
4.547900 -0.005703 0.001821 -0.017455 0.004898 0.004817 0.005414
4.550700 -0.005707 0.001820 -0.017466 0.004902 0.004820 0.005419
4.553400 -0.005712 0.001819 -0.017476 0.004907 0.004823 0.005423
4.556200 -0.005716 0.001818 -0.017487 0.004911 0.004826 0.005427
4.558900 -0.005720 0.001817 -0.017497 0.004916 0.004829 0.005432
4.561600 -0.005724 0.001817 -0.017508 0.004920 0.004831 0.005436
4.564400 -0.005729 0.001816 -0.017518 0.004925 0.004834 0.005441
4.567100 -0.005733 0.001815 -0.017529 0.004929 0.004837 0.005445
4.569900 -0.005737 0.001814 -0.017539 0.004934 0.004840 0.005450
4.572600 -0.005741 0.001813 -0.017549 0.004938 0.004843 0.005454
4.575300 -0.005746 0.001812 -0.017560 0.004942 0.004846 0.005459
4.580800 -0.005754 0.001811 -0.017581 0.004951 0.004852 0.005467
4.589000 -0.005767 0.001808 -0.017612 0.004965 0.004861 0.005481
4.597300 -0.005780 0.001806 -0.017643 0.004979 0.004869 0.005494
4.600000 -0.005784 0.001805 -0.017654 0.004983 0.004872 0.005499
4.602700 -0.005788 0.001804 -0.017664 0.004988 0.004875 0.005503
4.605500 -0.005792 0.001803 -0.017675 0.004992 0.004878 0.005508
4.608200 -0.005796 0.001802 -0.017685 0.004997 0.004881 0.005512
4.611000 -0.005801 0.001801 -0.017695 0.005002 0.004884 0.005517
4.613700 -0.005805 0.001800 -0.017706 0.005006 0.004887 0.005521
4.616400 -0.005809 0.001800 -0.017716 0.005011 0.004890 0.005526
4.619200 -0.005813 0.001799 -0.017726 0.005015 0.004893 0.005530
4.621900 -0.005818 0.001798 -0.017737 0.005020 0.004896 0.005535
4.624700 -0.005822 0.001797 -0.017747 0.005025 0.004899 0.005539
4.627400 -0.005826 0.001796 -0.017758 0.005029 0.004902 0.005544
4.630100 -0.005830 0.001795 -0.017768 0.005034 0.004905 0.005548
4.632900 -0.005835 0.001794 -0.017778 0.005038 0.004908 0.005553
4.635600 -0.005839 0.001794 -0.017789 0.005043 0.004911 0.005557
4.638400 -0.005843 0.001793 -0.017799 0.005048 0.004914 0.005562
4.641100 -0.005847 0.001792 -0.017809 0.005052 0.004916 0.005567
4.643800 -0.005851 0.001791 -0.017820 0.005057 0.004919 0.005571
4.646600 -0.005856 0.001790 -0.017830 0.005062 0.004922 0.005576
4.649300 -0.005860 0.001789 -0.017840 0.005066 0.004925 0.005580
4.652100 -0.005864 0.001788 -0.017851 0.005071 0.004928 0.005585
4.654800 -0.005868 0.001788 -0.017861 0.005076 0.004931 0.005589
4.657500 -0.005872 0.001787 -0.017871 0.005080 0.004934 0.005594
4.660300 -0.005877 0.001786 -0.017882 0.005085 0.004937 0.005598
4.663000 -0.005881 0.001785 -0.017892 0.005090 0.004940 0.005603
4.665800 -0.005885 0.001784 -0.017903 0.005095 0.004943 0.005608
4.668500 -0.005889 0.001783 -0.017913 0.005099 0.004946 0.005612
4.671200 -0.005894 0.001782 -0.017923 0.005104 0.004949 0.005617
4.674000 -0.005898 0.001782 -0.017934 0.005109 0.004952 0.005621
4.676700 -0.005902 0.001781 -0.017944 0.005113 0.004955 0.005626
4.679500 -0.005906 0.001780 -0.017954 0.005118 0.004958 0.005630
4.682200 -0.005911 0.001779 -0.017964 0.005123 0.004961 0.005635
4.684900 -0.005915 0.001778 -0.017975 0.005128 0.004964 0.005639
4.687700 -0.005919 0.001777 -0.017985 0.005132 0.004967 0.005644
4.690400 -0.005923 0.001776 -0.017995 0.005137 0.004970 0.005649
4.693200 -0.005927 0.001775 -0.018006 0.005142 0.004973 0.005653
4.695900 -0.005932 0.001775 -0.018016 0.005147 0.004976 0.005658
4.698600 -0.005936 0.001774 -0.018026 0.005151 0.004979 0.005662
4.701400 -0.005940 0.001773 -0.018037 0.005156 0.004982 0.005667
4.704100 -0.005944 0.001772 -0.018047 0.005161 0.004985 0.005672
4.706900 -0.005949 0.001771 -0.018057 0.005166 0.004988 0.005676
4.709600 -0.005953 0.001770 -0.018068 0.005171 0.004991 0.005681
4.712300 -0.005957 0.001769 -0.018078 0.005175 0.004994 0.005685
4.715100 -0.005961 0.001769 -0.018088 0.005180 0.004998 0.005690
4.717800 -0.005965 0.001768 -0.018098 0.005185 0.005001 0.005695
4.720600 -0.005970 0.001767 -0.018109 0.005190 0.005004 0.005699
4.723300 -0.005974 0.001766 -0.018119 0.005195 0.005007 0.005704
4.726000 -0.005978 0.001765 -0.018129 0.005200 0.005010 0.005709
4.728800 -0.005982 0.001764 -0.018140 0.005205 0.005013 0.005713
4.731500 -0.005986 0.001763 -0.018150 0.005209 0.005016 0.005718
4.734300 -0.005991 0.001762 -0.018160 0.005214 0.005019 0.005723
4.737000 -0.005995 0.001761 -0.018170 0.005219 0.005022 0.005727
4.739700 -0.005999 0.001761 -0.018181 0.005224 0.005025 0.005732
4.742500 -0.006003 0.001760 -0.018191 0.005229 0.005028 0.005737
4.745200 -0.006008 0.001759 -0.018201 0.005234 0.005031 0.005741
4.747900 -0.006012 0.001758 -0.018211 0.005239 0.005034 0.005746
4.750700 -0.006016 0.001757 -0.018222 0.005244 0.005037 0.005750
4.753400 -0.006020 0.001756 -0.018232 0.005248 0.005040 0.005755
4.756200 -0.006024 0.001755 -0.018242 0.005253 0.005043 0.005760
4.758900 -0.006029 0.001754 -0.018252 0.005258 0.005046 0.005764
4.761600 -0.006033 0.001754 -0.018262 0.005263 0.005049 0.005769
4.764400 -0.006037 0.001753 -0.018273 0.005268 0.005053 0.005774
4.767100 -0.006041 0.001752 -0.018283 0.005273 0.005056 0.005778
4.769900 -0.006045 0.001751 -0.018294 0.005278 0.005059 0.005783
4.772600 -0.006050 0.001750 -0.018304 0.005283 0.005062 0.005788
4.775300 -0.006054 0.001749 -0.018314 0.005288 0.005065 0.005792
4.778100 -0.006058 0.001748 -0.018324 0.005293 0.005068 0.005797
4.780800 -0.006062 0.001747 -0.018334 0.005298 0.005071 0.005802
4.783600 -0.006066 0.001746 -0.018345 0.005303 0.005074 0.005807
4.786300 -0.006071 0.001746 -0.018355 0.005308 0.005077 0.005811
4.789000 -0.006075 0.001745 -0.018365 0.005313 0.005080 0.005816
4.791800 -0.006079 0.001744 -0.018375 0.005318 0.005084 0.005821
4.794500 -0.006083 0.001743 -0.018385 0.005323 0.005087 0.005825
4.797300 -0.006087 0.001742 -0.018396 0.005328 0.005090 0.005830
4.800000 -0.006092 0.001741 -0.018406 0.005333 0.005093 0.005835
4.802700 -0.006096 0.001740 -0.018416 0.005338 0.005096 0.005839
4.805500 -0.006100 0.001739 -0.018426 0.005343 0.005099 0.005844
4.808200 -0.006104 0.001738 -0.018436 0.005348 0.005102 0.005849
4.811000 -0.006109 0.001737 -0.018447 0.005353 0.005105 0.005854
4.813700 -0.006113 0.001737 -0.018457 0.005358 0.005109 0.005858
4.816400 -0.006117 0.001736 -0.018467 0.005363 0.005112 0.005863
4.819200 -0.006121 0.001735 -0.018477 0.005368 0.005115 0.005868
4.821900 -0.006125 0.001734 -0.018487 0.005373 0.005118 0.005872
4.824700 -0.006129 0.001733 -0.018498 0.005378 0.005121 0.005877
