#         t         u1         u2         u3        s11        s12        s13        s22        s23        s33
 0.0000e+00  0.000e+00  0.000e+00  0.000e+00  0.000e+00  0.000e+00  0.000e+00  0.000e+00  0.000e+00  0.000e+00
 2.7780e-02 -2.700e-04 -3.300e-04 -3.000e-04 -6.400e-05  1.200e-04 -3.100e-06  2.400e-04 -7.500e-06 -7.100e-06
 5.5560e-02 -5.300e-04 -6.520e-04 -5.910e-04 -1.260e-04  2.500e-04 -6.100e-06  4.500e-04 -1.470e-05 -1.400e-05
 8.3330e-02 -7.700e-04 -9.650e-04 -8.750e-04 -1.840e-04  3.700e-04 -8.900e-06  6.600e-04 -2.170e-05 -2.090e-05
 1.1110e-01 -1.010e-03 -1.270e-03 -1.152e-03 -2.400e-04  4.900e-04 -1.170e-05  8.500e-04 -2.850e-05 -2.770e-05
 1.3890e-01 -1.230e-03 -1.567e-03 -1.423e-03 -2.930e-04  6.100e-04 -1.440e-05  1.030e-03 -3.520e-05 -3.440e-05
 1.6670e-01 -1.430e-03 -1.857e-03 -1.687e-03 -3.440e-04  7.300e-04 -1.690e-05  1.210e-03 -4.160e-05 -4.090e-05
 1.9440e-01 -1.630e-03 -2.140e-03 -1.945e-03 -3.920e-04  8.400e-04 -1.940e-05  1.370e-03 -4.790e-05 -4.750e-05
 2.2220e-01 -1.820e-03 -2.416e-03 -2.198e-03 -4.380e-04  9.600e-04 -2.180e-05  1.520e-03 -5.400e-05 -5.380e-05
 2.5000e-01 -1.990e-03 -2.685e-03 -2.445e-03 -4.820e-04  1.070e-03 -2.420e-05  1.660e-03 -6.000e-05 -6.000e-05
 2.7780e-01 -2.160e-03 -2.948e-03 -2.687e-03 -5.230e-04  1.180e-03 -2.650e-05  1.800e-03 -6.580e-05 -6.620e-05
 3.0560e-01 -2.320e-03 -3.205e-03 -2.924e-03 -5.630e-04  1.290e-03 -2.870e-05  1.920e-03 -7.150e-05 -7.230e-05
 3.3330e-01 -2.470e-03 -3.456e-03 -3.157e-03 -6.000e-04  1.400e-03 -3.080e-05  2.040e-03 -7.700e-05 -7.830e-05
 3.6110e-01 -2.610e-03 -3.701e-03 -3.385e-03 -6.360e-04  1.510e-03 -3.290e-05  2.150e-03 -8.230e-05 -8.430e-05
 3.8890e-01 -2.740e-03 -3.941e-03 -3.605e-03 -6.700e-04  1.620e-03 -3.500e-05  2.260e-03 -8.750e-05 -9.010e-05
 4.1670e-01 -2.860e-03 -4.175e-03 -3.825e-03 -7.020e-04  1.720e-03 -3.700e-05  2.360e-03 -9.260e-05 -9.590e-05
 4.4440e-01 -2.980e-03 -4.399e-03 -4.045e-03 -7.330e-04  1.820e-03 -3.890e-05  2.450e-03 -9.760e-05 -1.016e-04
 4.7220e-01 -3.090e-03 -4.629e-03 -4.255e-03 -7.610e-04  1.930e-03 -4.060e-05  2.540e-03 -1.024e-04 -1.073e-04
 5.0000e-01 -3.200e-03 -4.849e-03 -4.465e-03 -7.890e-04  2.030e-03 -4.250e-05  2.620e-03 -1.071e-04 -1.129e-04
 5.2780e-01 -3.290e-03 -5.059e-03 -4.675e-03 -8.150e-04  2.120e-03 -4.420e-05  2.700e-03 -1.117e-04 -1.185e-04
 5.5560e-01 -3.390e-03 -5.269e-03 -4.875e-03 -8.390e-04  2.220e-03 -4.590e-05  2.780e-03 -1.162e-04 -1.240e-04
 5.8330e-01 -3.470e-03 -5.479e-03 -5.075e-03 -8.620e-04  2.320e-03 -4.750e-05  2.850e-03 -1.205e-04 -1.293e-04
 6.1110e-01 -3.550e-03 -5.679e-03 -5.265e-03 -8.840e-04  2.410e-03 -4.910e-05  2.910e-03 -1.248e-04 -1.345e-04
 6.3890e-01 -3.630e-03 -5.869e-03 -5.455e-03 -9.050e-04  2.500e-03 -5.060e-05  2.970e-03 -1.290e-04 -1.397e-04
 6.6670e-01 -3.700e-03 -6.069e-03 -5.645e-03 -9.240e-04  2.590e-03 -5.210e-05  3.030e-03 -1.330e-04 -1.448e-04
 6.9440e-01 -3.760e-03 -6.249e-03 -5.835e-03 -9.430e-04  2.680e-03 -5.360e-05  3.090e-03 -1.370e-04 -1.500e-04
 7.2220e-01 -3.820e-03 -6.439e-03 -6.025e-03 -9.600e-04  2.770e-03 -5.500e-05  3.140e-03 -1.408e-04 -1.550e-04
 7.5000e-01 -3.880e-03 -6.619e-03 -6.205e-03 -9.760e-04  2.860e-03 -5.650e-05  3.190e-03 -1.447e-04 -1.599e-04
 7.7780e-01 -3.930e-03 -6.789e-03 -6.385e-03 -9.910e-04  2.940e-03 -5.780e-05  3.240e-03 -1.484e-04 -1.648e-04
 8.0560e-01 -3.980e-03 -6.969e-03 -6.555e-03 -1.005e-03  3.030e-03 -5.910e-05  3.280e-03 -1.520e-04 -1.696e-04
 8.3330e-01 -4.020e-03 -7.139e-03 -6.735e-03 -1.019e-03  3.110e-03 -6.050e-05  3.330e-03 -1.555e-04 -1.745e-04
 8.6110e-01 -4.060e-03 -7.299e-03 -6.905e-03 -1.031e-03  3.190e-03 -6.170e-05  3.370e-03 -1.590e-04 -1.792e-04
 8.8890e-01 -4.100e-03 -7.469e-03 -7.075e-03 -1.043e-03  3.270e-03 -6.300e-05  3.400e-03 -1.624e-04 -1.839e-04
 9.1670e-01 -4.130e-03 -7.629e-03 -7.245e-03 -1.054e-03  3.350e-03 -6.400e-05  3.440e-03 -1.656e-04 -1.885e-04
 9.4440e-01 -4.160e-03 -7.779e-03 -7.415e-03 -1.064e-03  3.430e-03 -6.510e-05  3.470e-03 -1.689e-04 -1.930e-04
 9.7220e-01 -4.190e-03 -7.929e-03 -7.575e-03 -1.073e-03  3.510e-03 -6.620e-05  3.510e-03 -1.720e-04 -1.975e-04
 1.0000e+00 -4.210e-03 -8.079e-03 -7.735e-03 -1.082e-03  3.580e-03 -6.720e-05  3.540e-03 -1.751e-04 -2.021e-04
 1.0280e+00 -4.240e-03 -8.229e-03 -7.895e-03 -1.090e-03  3.660e-03 -6.830e-05  3.570e-03 -1.781e-04 -2.066e-04
 1.0560e+00 -4.250e-03 -8.369e-03 -8.055e-03 -1.097e-03  3.730e-03 -6.940e-05  3.600e-03 -1.811e-04 -2.110e-04
 1.0830e+00 -4.270e-03 -8.519e-03 -8.215e-03 -1.104e-03  3.800e-03 -7.040e-05  3.620e-03 -1.840e-04 -2.153e-04
 1.1110e+00 -4.280e-03 -8.649e-03 -8.365e-03 -1.111e-03  3.870e-03 -7.130e-05  3.650e-03 -1.869e-04 -2.197e-04
 1.1390e+00 -4.290e-03 -8.789e-03 -8.515e-03 -1.116e-03  3.940e-03 -7.220e-05  3.670e-03 -1.897e-04 -2.239e-04
 1.1670e+00 -4.300e-03 -8.919e-03 -8.665e-03 -1.122e-03  4.010e-03 -7.310e-05  3.700e-03 -1.923e-04 -2.281e-04
 1.1940e+00 -4.310e-03 -9.049e-03 -8.815e-03 -1.126e-03  4.070e-03 -7.400e-05  3.720e-03 -1.950e-04 -2.321e-04
 1.2220e+00 -4.310e-03 -9.179e-03 -8.965e-03 -1.130e-03  4.140e-03 -7.480e-05  3.740e-03 -1.976e-04 -2.362e-04
 1.2500e+00 -4.310e-03 -9.309e-03 -9.115e-03 -1.134e-03  4.200e-03 -7.560e-05  3.760e-03 -2.002e-04 -2.403e-04
 1.2780e+00 -4.310e-03 -9.429e-03 -9.255e-03 -1.137e-03  4.270e-03 -7.640e-05  3.780e-03 -2.027e-04 -2.444e-04
 1.3060e+00 -4.310e-03 -9.549e-03 -9.395e-03 -1.140e-03  4.330e-03 -7.720e-05  3.800e-03 -2.051e-04 -2.483e-04
 1.3330e+00 -4.310e-03 -9.669e-03 -9.545e-03 -1.143e-03  4.390e-03 -7.800e-05  3.820e-03 -2.075e-04 -2.522e-04
 1.3610e+00 -4.300e-03 -9.779e-03 -9.685e-03 -1.145e-03  4.450e-03 -7.880e-05  3.840e-03 -2.099e-04 -2.560e-04
 1.3890e+00 -4.300e-03 -9.899e-03 -9.815e-03 -1.147e-03  4.510e-03 -7.960e-05  3.850e-03 -2.122e-04 -2.599e-04
 1.4170e+00 -4.290e-03 -1.001e-02 -9.955e-03 -1.148e-03  4.570e-03 -8.030e-05  3.870e-03 -2.145e-04 -2.636e-04
 1.4440e+00 -4.280e-03 -1.012e-02 -1.009e-02 -1.150e-03  4.630e-03 -8.100e-05  3.890e-03 -2.167e-04 -2.676e-04
 1.4720e+00 -4.270e-03 -1.022e-02 -1.022e-02 -1.151e-03  4.680e-03 -8.170e-05  3.900e-03 -2.189e-04 -2.714e-04
 1.5000e+00 -4.250e-03 -1.033e-02 -1.036e-02 -1.151e-03  4.740e-03 -8.250e-05  3.920e-03 -2.211e-04 -2.753e-04
 1.5280e+00 -4.240e-03 -1.043e-02 -1.049e-02 -1.151e-03  4.790e-03 -8.310e-05  3.930e-03 -2.232e-04 -2.789e-04
 1.5560e+00 -4.220e-03 -1.053e-02 -1.062e-02 -1.152e-03  4.850e-03 -8.380e-05  3.940e-03 -2.253e-04 -2.826e-04
 1.5830e+00 -4.210e-03 -1.063e-02 -1.076e-02 -1.151e-03  4.900e-03 -8.440e-05  3.960e-03 -2.273e-04 -2.864e-04
 1.6110e+00 -4.190e-03 -1.073e-02 -1.087e-02 -1.151e-03  4.950e-03 -8.500e-05  3.970e-03 -2.293e-04 -2.901e-04
 1.6390e+00 -4.170e-03 -1.082e-02 -1.100e-02 -1.150e-03  5.000e-03 -8.560e-05  3.980e-03 -2.313e-04 -2.936e-04
 1.6670e+00 -4.150e-03 -1.091e-02 -1.113e-02 -1.149e-03  5.050e-03 -8.620e-05  4.000e-03 -2.332e-04 -2.969e-04
 1.6940e+00 -4.130e-03 -1.101e-02 -1.125e-02 -1.148e-03  5.100e-03 -8.670e-05  4.010e-03 -2.351e-04 -3.003e-04
 1.7220e+00 -4.100e-03 -1.110e-02 -1.137e-02 -1.147e-03  5.150e-03 -8.720e-05  4.020e-03 -2.370e-04 -3.036e-04
 1.7500e+00 -4.080e-03 -1.118e-02 -1.149e-02 -1.145e-03  5.200e-03 -8.770e-05  4.030e-03 -2.388e-04 -3.069e-04
 1.7780e+00 -4.060e-03 -1.127e-02 -1.162e-02 -1.143e-03  5.240e-03 -8.810e-05  4.050e-03 -2.405e-04 -3.103e-04
 1.8060e+00 -4.030e-03 -1.135e-02 -1.173e-02 -1.142e-03  5.290e-03 -8.870e-05  4.060e-03 -2.422e-04 -3.137e-04
 1.8330e+00 -4.010e-03 -1.144e-02 -1.185e-02 -1.140e-03  5.330e-03 -8.910e-05  4.070e-03 -2.440e-04 -3.168e-04
 1.8610e+00 -3.980e-03 -1.152e-02 -1.197e-02 -1.137e-03  5.380e-03 -8.950e-05  4.080e-03 -2.457e-04 -3.200e-04
 1.8890e+00 -3.950e-03 -1.160e-02 -1.209e-02 -1.135e-03  5.420e-03 -9.000e-05  4.090e-03 -2.473e-04 -3.234e-04
 1.9170e+00 -3.920e-03 -1.168e-02 -1.221e-02 -1.133e-03  5.470e-03 -9.050e-05  4.100e-03 -2.489e-04 -3.266e-04
 1.9440e+00 -3.890e-03 -1.175e-02 -1.231e-02 -1.130e-03  5.510e-03 -9.090e-05  4.110e-03 -2.504e-04 -3.297e-04
 1.9720e+00 -3.860e-03 -1.183e-02 -1.243e-02 -1.127e-03  5.550e-03 -9.130e-05  4.120e-03 -2.519e-04 -3.328e-04
 2.0000e+00 -3.830e-03 -1.190e-02 -1.255e-02 -1.124e-03  5.590e-03 -9.170e-05  4.140e-03 -2.535e-04 -3.360e-04
 2.0280e+00 -3.800e-03 -1.197e-02 -1.265e-02 -1.122e-03  5.630e-03 -9.210e-05  4.150e-03 -2.550e-04 -3.388e-04
 2.0560e+00 -3.770e-03 -1.205e-02 -1.276e-02 -1.118e-03  5.670e-03 -9.250e-05  4.160e-03 -2.564e-04 -3.420e-04
 2.0830e+00 -3.740e-03 -1.211e-02 -1.287e-02 -1.115e-03  5.710e-03 -9.280e-05  4.170e-03 -2.578e-04 -3.452e-04
 2.1110e+00 -3.710e-03 -1.218e-02 -1.299e-02 -1.112e-03  5.750e-03 -9.330e-05  4.180e-03 -2.593e-04 -3.481e-04
 2.1390e+00 -3.670e-03 -1.225e-02 -1.308e-02 -1.109e-03  5.780e-03 -9.360e-05  4.190e-03 -2.606e-04 -3.510e-04
 2.1670e+00 -3.640e-03 -1.232e-02 -1.319e-02 -1.105e-03  5.820e-03 -9.390e-05  4.200e-03 -2.620e-04 -3.539e-04
 2.1940e+00 -3.610e-03 -1.238e-02 -1.329e-02 -1.102e-03  5.860e-03 -9.420e-05  4.210e-03 -2.633e-04 -3.568e-04
 2.2220e+00 -3.570e-03 -1.244e-02 -1.341e-02 -1.098e-03  5.890e-03 -9.440e-05  4.220e-03 -2.647e-04 -3.597e-04
 2.2500e+00 -3.540e-03 -1.250e-02 -1.350e-02 -1.095e-03  5.930e-03 -9.480e-05  4.230e-03 -2.660e-04 -3.626e-04
 2.2780e+00 -3.500e-03 -1.257e-02 -1.360e-02 -1.091e-03  5.960e-03 -9.500e-05  4.240e-03 -2.673e-04 -3.654e-04
 2.3060e+00 -3.460e-03 -1.263e-02 -1.370e-02 -1.087e-03  6.000e-03 -9.530e-05  4.250e-03 -2.686e-04 -3.683e-04
 2.3330e+00 -3.430e-03 -1.268e-02 -1.380e-02 -1.084e-03  6.030e-03 -9.560e-05  4.260e-03 -2.699e-04 -3.712e-04
 2.3610e+00 -3.390e-03 -1.274e-02 -1.391e-02 -1.080e-03  6.060e-03 -9.600e-05  4.270e-03 -2.712e-04 -3.738e-04
 2.3890e+00 -3.350e-03 -1.280e-02 -1.401e-02 -1.076e-03  6.100e-03 -9.630e-05  4.280e-03 -2.724e-04 -3.767e-04
 2.4170e+00 -3.320e-03 -1.285e-02 -1.410e-02 -1.072e-03  6.130e-03 -9.660e-05  4.290e-03 -2.736e-04 -3.792e-04
 2.4440e+00 -3.280e-03 -1.291e-02 -1.419e-02 -1.068e-03  6.160e-03 -9.690e-05  4.300e-03 -2.747e-04 -3.818e-04
 2.4720e+00 -3.240e-03 -1.296e-02 -1.429e-02 -1.064e-03  6.190e-03 -9.730e-05  4.310e-03 -2.760e-04 -3.844e-04
 2.5000e+00 -3.200e-03 -1.301e-02 -1.438e-02 -1.059e-03  6.220e-03 -9.760e-05  4.320e-03 -2.771e-04 -3.870e-04
 2.5280e+00 -3.160e-03 -1.306e-02 -1.448e-02 -1.055e-03  6.250e-03 -9.790e-05  4.330e-03 -2.782e-04 -3.896e-04
 2.5560e+00 -3.120e-03 -1.311e-02 -1.457e-02 -1.051e-03  6.280e-03 -9.820e-05  4.340e-03 -2.793e-04 -3.922e-04
 2.5830e+00 -3.080e-03 -1.316e-02 -1.466e-02 -1.047e-03  6.310e-03 -9.830e-05  4.340e-03 -2.803e-04 -3.948e-04
 2.6110e+00 -3.040e-03 -1.321e-02 -1.475e-02 -1.043e-03  6.340e-03 -9.850e-05  4.350e-03 -2.815e-04 -3.971e-04
 2.6390e+00 -3.010e-03 -1.326e-02 -1.485e-02 -1.039e-03  6.360e-03 -9.880e-05  4.360e-03 -2.825e-04 -3.994e-04
 2.6670e+00 -2.970e-03 -1.330e-02 -1.494e-02 -1.034e-03  6.390e-03 -9.890e-05  4.370e-03 -2.835e-04 -4.020e-04
 2.6940e+00 -2.920e-03 -1.335e-02 -1.503e-02 -1.030e-03  6.420e-03 -9.910e-05  4.380e-03 -2.845e-04 -4.044e-04
 2.7220e+00 -2.880e-03 -1.339e-02 -1.511e-02 -1.026e-03  6.450e-03 -9.930e-05  4.390e-03 -2.855e-04 -4.066e-04
 2.7500e+00 -2.840e-03 -1.343e-02 -1.520e-02 -1.021e-03  6.470e-03 -9.950e-05  4.400e-03 -2.864e-04 -4.090e-04
 2.7780e+00 -2.800e-03 -1.348e-02 -1.528e-02 -1.017e-03  6.500e-03 -9.960e-05  4.410e-03 -2.874e-04 -4.113e-04
 2.8060e+00 -2.760e-03 -1.352e-02 -1.537e-02 -1.012e-03  6.520e-03 -9.980e-05  4.420e-03 -2.883e-04 -4.135e-04
 2.8330e+00 -2.720e-03 -1.356e-02 -1.546e-02 -1.008e-03  6.550e-03 -1.000e-04  4.430e-03 -2.892e-04 -4.159e-04
 2.8610e+00 -2.680e-03 -1.360e-02 -1.554e-02 -1.004e-03  6.570e-03 -1.001e-04  4.440e-03 -2.902e-04 -4.182e-04
 2.8890e+00 -2.640e-03 -1.364e-02 -1.562e-02 -9.990e-04  6.600e-03 -1.003e-04  4.450e-03 -2.910e-04 -4.205e-04
 2.9170e+00 -2.600e-03 -1.368e-02 -1.571e-02 -9.950e-04  6.620e-03 -1.004e-04  4.460e-03 -2.920e-04 -4.229e-04
 2.9440e+00 -2.550e-03 -1.371e-02 -1.580e-02 -9.910e-04  6.640e-03 -1.005e-04  4.470e-03 -2.929e-04 -4.253e-04
 2.9720e+00 -2.510e-03 -1.375e-02 -1.588e-02 -9.870e-04  6.670e-03 -1.007e-04  4.480e-03 -2.937e-04 -4.276e-04
 3.0000e+00 -2.470e-03 -1.379e-02 -1.596e-02 -9.820e-04  6.690e-03 -1.009e-04  4.490e-03 -2.946e-04 -4.297e-04
