#         t         u1         u2         u3        s11        s12        s13        s22        s23        s33
 0.0000e+00  0.000e+00  0.000e+00  0.000e+00  0.000e+00  0.000e+00  0.000e+00  0.000e+00  0.000e+00  0.000e+00
 2.7780e-02 -3.600e-04  1.700e-04 -4.400e-04  1.900e-04 -8.600e-05  1.700e-06  4.400e-04  6.300e-07 -6.600e-06
 5.5560e-02 -6.900e-04  3.340e-04 -8.700e-04  3.600e-04 -1.690e-04  3.400e-06  8.700e-04  1.260e-06 -1.310e-05
 8.3330e-02 -1.010e-03  4.920e-04 -1.290e-03  5.200e-04 -2.490e-04  5.200e-06  1.290e-03  1.860e-06 -1.940e-05
 1.1110e-01 -1.310e-03  6.450e-04 -1.700e-03  6.700e-04 -3.260e-04  7.000e-06  1.710e-03  2.460e-06 -2.570e-05
 1.3890e-01 -1.590e-03  7.910e-04 -2.100e-03  8.200e-04 -3.990e-04  8.700e-06  2.110e-03  3.040e-06 -3.190e-05
 1.6670e-01 -1.860e-03  9.330e-04 -2.490e-03  9.600e-04 -4.700e-04  1.050e-05  2.500e-03  3.620e-06 -3.810e-05
 1.9440e-01 -2.110e-03  1.069e-03 -2.870e-03  1.090e-03 -5.370e-04  1.220e-05  2.880e-03  4.200e-06 -4.410e-05
 2.2220e-01 -2.340e-03  1.200e-03 -3.250e-03  1.210e-03 -6.020e-04  1.380e-05  3.260e-03  4.760e-06 -5.010e-05
 2.5000e-01 -2.560e-03  1.327e-03 -3.620e-03  1.330e-03 -6.650e-04  1.560e-05  3.620e-03  5.340e-06 -5.610e-05
 2.7780e-01 -2.770e-03  1.450e-03 -3.980e-03  1.440e-03 -7.250e-04  1.730e-05  3.980e-03  5.930e-06 -6.190e-05
 3.0560e-01 -2.970e-03  1.568e-03 -4.330e-03  1.540e-03 -7.830e-04  1.900e-05  4.330e-03  6.480e-06 -6.770e-05
 3.3330e-01 -3.150e-03  1.682e-03 -4.680e-03  1.640e-03 -8.390e-04  2.060e-05  4.670e-03  7.040e-06 -7.350e-05
 3.6110e-01 -3.320e-03  1.793e-03 -5.020e-03  1.740e-03 -8.920e-04  2.220e-05  5.010e-03  7.580e-06 -7.920e-05
 3.8890e-01 -3.480e-03  1.899e-03 -5.360e-03  1.820e-03 -9.440e-04  2.380e-05  5.340e-03  8.110e-06 -8.480e-05
 4.1670e-01 -3.630e-03  2.003e-03 -5.680e-03  1.910e-03 -9.930e-04  2.540e-05  5.660e-03  8.630e-06 -9.030e-05
 4.4440e-01 -3.770e-03  2.103e-03 -6.010e-03  1.990e-03 -1.041e-03  2.690e-05  5.970e-03  9.140e-06 -9.600e-05
 4.7220e-01 -3.900e-03  2.199e-03 -6.320e-03  2.070e-03 -1.087e-03  2.860e-05  6.280e-03  9.670e-06 -1.014e-04
 5.0000e-01 -4.020e-03  2.293e-03 -6.640e-03  2.140e-03 -1.131e-03  3.020e-05  6.580e-03  1.019e-05 -1.066e-04
 5.2780e-01 -4.130e-03  2.384e-03 -6.940e-03  2.210e-03 -1.174e-03  3.190e-05  6.880e-03  1.070e-05 -1.117e-04
 5.5560e-01 -4.240e-03  2.472e-03 -7.240e-03  2.270e-03 -1.215e-03  3.350e-05  7.170e-03  1.119e-05 -1.169e-04
 5.8330e-01 -4.330e-03  2.557e-03 -7.540e-03  2.340e-03 -1.255e-03  3.510e-05  7.460e-03  1.170e-05 -1.220e-04
 6.1110e-01 -4.420e-03  2.640e-03 -7.830e-03  2.400e-03 -1.293e-03  3.670e-05  7.740e-03  1.221e-05 -1.271e-04
 6.3890e-01 -4.510e-03  2.720e-03 -8.120e-03  2.450e-03 -1.330e-03  3.830e-05  8.010e-03  1.270e-05 -1.323e-04
 6.6670e-01 -4.580e-03  2.798e-03 -8.400e-03  2.510e-03 -1.366e-03  3.970e-05  8.280e-03  1.321e-05 -1.372e-04
 6.9440e-01 -4.650e-03  2.874e-03 -8.680e-03  2.560e-03 -1.400e-03  4.120e-05  8.550e-03  1.365e-05 -1.422e-04
 7.2220e-01 -4.710e-03  2.947e-03 -8.950e-03  2.610e-03 -1.433e-03  4.270e-05  8.810e-03  1.417e-05 -1.472e-04
 7.5000e-01 -4.770e-03  3.019e-03 -9.220e-03  2.660e-03 -1.466e-03  4.410e-05  9.070e-03  1.463e-05 -1.520e-04
 7.7780e-01 -4.820e-03  3.088e-03 -9.480e-03  2.700e-03 -1.497e-03  4.560e-05  9.320e-03  1.510e-05 -1.568e-04
 8.0560e-01 -4.860e-03  3.156e-03 -9.750e-03  2.750e-03 -1.527e-03  4.710e-05  9.560e-03  1.554e-05 -1.617e-04
 8.3330e-01 -4.900e-03  3.222e-03 -1.000e-02  2.790e-03 -1.556e-03  4.860e-05  9.810e-03  1.601e-05 -1.664e-04
 8.6110e-01 -4.940e-03  3.286e-03 -1.026e-02  2.830e-03 -1.584e-03  5.010e-05  1.004e-02  1.645e-05 -1.712e-04
 8.8890e-01 -4.970e-03  3.348e-03 -1.051e-02  2.860e-03 -1.611e-03  5.150e-05  1.028e-02  1.689e-05 -1.758e-04
 9.1670e-01 -5.000e-03  3.409e-03 -1.075e-02  2.900e-03 -1.637e-03  5.290e-05  1.051e-02  1.733e-05 -1.804e-04
 9.4440e-01 -5.020e-03  3.468e-03 -1.100e-02  2.940e-03 -1.663e-03  5.420e-05  1.073e-02  1.778e-05 -1.850e-04
 9.7220e-01 -5.040e-03  3.526e-03 -1.124e-02  2.970e-03 -1.687e-03  5.560e-05  1.096e-02  1.819e-05 -1.894e-04
 1.0000e+00 -5.050e-03  3.582e-03 -1.147e-02  3.000e-03 -1.711e-03  5.700e-05  1.117e-02  1.861e-05 -1.939e-04
 1.0280e+00 -5.060e-03  3.637e-03 -1.171e-02  3.030e-03 -1.734e-03  5.830e-05  1.139e-02  1.901e-05 -1.980e-04
 1.0560e+00 -5.070e-03  3.691e-03 -1.194e-02  3.060e-03 -1.756e-03  5.960e-05  1.160e-02  1.943e-05 -2.024e-04
 1.0830e+00 -5.070e-03  3.743e-03 -1.216e-02  3.090e-03 -1.778e-03  6.080e-05  1.181e-02  1.985e-05 -2.064e-04
 1.1110e+00 -5.070e-03  3.794e-03 -1.239e-02  3.120e-03 -1.799e-03  6.190e-05  1.201e-02  2.024e-05 -2.108e-04
 1.1390e+00 -5.070e-03  3.844e-03 -1.261e-02  3.150e-03 -1.820e-03  6.320e-05  1.221e-02  2.066e-05 -2.150e-04
 1.1670e+00 -5.070e-03  3.893e-03 -1.283e-02  3.170e-03 -1.839e-03  6.440e-05  1.241e-02  2.111e-05 -2.191e-04
 1.1940e+00 -5.060e-03  3.941e-03 -1.304e-02  3.200e-03 -1.859e-03  6.560e-05  1.261e-02  2.150e-05 -2.232e-04
 1.2220e+00 -5.050e-03  3.988e-03 -1.325e-02  3.220e-03 -1.877e-03  6.670e-05  1.280e-02  2.190e-05 -2.273e-04
 1.2500e+00 -5.040e-03  4.034e-03 -1.346e-02  3.250e-03 -1.895e-03  6.770e-05  1.299e-02  2.229e-05 -2.313e-04
 1.2780e+00 -5.020e-03  4.079e-03 -1.367e-02  3.270e-03 -1.913e-03  6.890e-05  1.317e-02  2.271e-05 -2.351e-04
 1.3060e+00 -5.010e-03  4.123e-03 -1.387e-02  3.290e-03 -1.930e-03  7.000e-05  1.335e-02  2.306e-05 -2.392e-04
 1.3330e+00 -4.990e-03  4.166e-03 -1.407e-02  3.310e-03 -1.946e-03  7.120e-05  1.353e-02  2.341e-05 -2.429e-04
 1.3610e+00 -4.970e-03  4.209e-03 -1.427e-02  3.330e-03 -1.962e-03  7.240e-05  1.371e-02  2.378e-05 -2.466e-04
 1.3890e+00 -4.940e-03  4.250e-03 -1.447e-02  3.350e-03 -1.978e-03  7.360e-05  1.388e-02  2.413e-05 -2.506e-04
 1.4170e+00 -4.920e-03  4.291e-03 -1.466e-02  3.370e-03 -1.993e-03  7.470e-05  1.406e-02  2.453e-05 -2.541e-04
 1.4440e+00 -4.890e-03  4.331e-03 -1.485e-02  3.390e-03 -2.008e-03  7.580e-05  1.422e-02  2.490e-05 -2.578e-04
 1.4720e+00 -4.860e-03  4.370e-03 -1.504e-02  3.410e-03 -2.023e-03  7.680e-05  1.439e-02  2.527e-05 -2.616e-04
 1.5000e+00 -4.830e-03  4.409e-03 -1.523e-02  3.430e-03 -2.037e-03  7.790e-05  1.455e-02  2.562e-05 -2.654e-04
 1.5280e+00 -4.800e-03  4.447e-03 -1.541e-02  3.450e-03 -2.051e-03  7.880e-05  1.472e-02  2.599e-05 -2.690e-04
 1.5560e+00 -4.770e-03  4.484e-03 -1.560e-02  3.460e-03 -2.064e-03  7.970e-05  1.487e-02  2.632e-05 -2.724e-04
 1.5830e+00 -4.730e-03  4.521e-03 -1.578e-02  3.480e-03 -2.077e-03  8.070e-05  1.503e-02  2.667e-05 -2.758e-04
 1.6110e+00 -4.700e-03  4.557e-03 -1.595e-02  3.490e-03 -2.090e-03  8.180e-05  1.518e-02  2.700e-05 -2.792e-04
 1.6390e+00 -4.660e-03  4.593e-03 -1.613e-02  3.510e-03 -2.102e-03  8.270e-05  1.533e-02  2.730e-05 -2.826e-04
 1.6670e+00 -4.630e-03  4.628e-03 -1.630e-02  3.530e-03 -2.114e-03  8.380e-05  1.548e-02  2.760e-05 -2.859e-04
 1.6940e+00 -4.590e-03  4.662e-03 -1.647e-02  3.540e-03 -2.126e-03  8.480e-05  1.563e-02  2.793e-05 -2.891e-04
 1.7220e+00 -4.550e-03  4.696e-03 -1.664e-02  3.560e-03 -2.137e-03  8.550e-05  1.578e-02  2.823e-05 -2.926e-04
 1.7500e+00 -4.510e-03  4.730e-03 -1.681e-02  3.570e-03 -2.148e-03  8.640e-05  1.592e-02  2.856e-05 -2.958e-04
 1.7780e+00 -4.470e-03  4.763e-03 -1.697e-02  3.580e-03 -2.159e-03  8.730e-05  1.606e-02  2.888e-05 -2.989e-04
 1.8060e+00 -4.420e-03  4.796e-03 -1.714e-02  3.600e-03 -2.170e-03  8.820e-05  1.620e-02  2.921e-05 -3.021e-04
 1.8330e+00 -4.380e-03  4.828e-03 -1.730e-02  3.610e-03 -2.180e-03  8.910e-05  1.633e-02  2.953e-05 -3.056e-04
 1.8610e+00 -4.340e-03  4.860e-03 -1.746e-02  3.620e-03 -2.190e-03  9.000e-05  1.647e-02  2.981e-05 -3.087e-04
 1.8890e+00 -4.290e-03  4.891e-03 -1.762e-02  3.640e-03 -2.200e-03  9.080e-05  1.660e-02  3.005e-05 -3.118e-04
 1.9170e+00 -4.250e-03  4.922e-03 -1.777e-02  3.650e-03 -2.210e-03  9.170e-05  1.673e-02  3.028e-05 -3.148e-04
 1.9440e+00 -4.200e-03  4.953e-03 -1.792e-02  3.660e-03 -2.219e-03  9.250e-05  1.686e-02  3.056e-05 -3.177e-04
 1.9720e+00 -4.150e-03  4.983e-03 -1.808e-02  3.670e-03 -2.229e-03  9.330e-05  1.698e-02  3.079e-05 -3.208e-04
 2.0000e+00 -4.110e-03  5.013e-03 -1.823e-02  3.690e-03 -2.238e-03  9.410e-05  1.711e-02  3.107e-05 -3.237e-04
 2.0280e+00 -4.060e-03  5.042e-03 -1.837e-02  3.700e-03 -2.247e-03  9.490e-05  1.723e-02  3.135e-05 -3.266e-04
 2.0560e+00 -4.010e-03  5.071e-03 -1.852e-02  3.710e-03 -2.255e-03  9.570e-05  1.735e-02  3.163e-05 -3.296e-04
 2.0830e+00 -3.960e-03  5.100e-03 -1.867e-02  3.720e-03 -2.264e-03  9.640e-05  1.747e-02  3.186e-05 -3.326e-04
 2.1110e+00 -3.910e-03  5.129e-03 -1.881e-02  3.730e-03 -2.272e-03  9.720e-05  1.759e-02  3.214e-05 -3.353e-04
 2.1390e+00 -3.860e-03  5.157e-03 -1.895e-02  3.740e-03 -2.280e-03  9.800e-05  1.771e-02  3.237e-05 -3.381e-04
 2.1670e+00 -3.810e-03  5.185e-03 -1.909e-02  3.750e-03 -2.288e-03  9.860e-05  1.782e-02  3.265e-05 -3.408e-04
 2.1940e+00 -3.760e-03  5.213e-03 -1.923e-02  3.760e-03 -2.296e-03  9.920e-05  1.793e-02  3.289e-05 -3.436e-04
 2.2220e+00 -3.710e-03  5.241e-03 -1.937e-02  3.770e-03 -2.303e-03  1.000e-04  1.804e-02  3.317e-05 -3.466e-04
 2.2500e+00 -3.660e-03  5.268e-03 -1.950e-02  3.780e-03 -2.311e-03  1.007e-04  1.815e-02  3.345e-05 -3.493e-04
 2.2780e+00 -3.610e-03  5.295e-03 -1.964e-02  3.790e-03 -2.318e-03  1.013e-04  1.826e-02  3.373e-05 -3.520e-04
 2.3060e+00 -3.560e-03  5.322e-03 -1.977e-02  3.800e-03 -2.325e-03  1.019e-04  1.837e-02  3.391e-05 -3.548e-04
 2.3330e+00 -3.510e-03  5.348e-03 -1.990e-02  3.810e-03 -2.332e-03  1.024e-04  1.847e-02  3.419e-05 -3.577e-04
 2.3610e+00 -3.450e-03  5.375e-03 -2.003e-02  3.820e-03 -2.339e-03  1.031e-04  1.858e-02  3.442e-05 -3.601e-04
 2.3890e+00 -3.400e-03  5.401e-03 -2.015e-02  3.830e-03 -2.346e-03  1.037e-04  1.868e-02  3.461e-05 -3.628e-04
 2.4170e+00 -3.350e-03  5.427e-03 -2.028e-02  3.840e-03 -2.352e-03  1.042e-04  1.878e-02  3.484e-05 -3.654e-04
 2.4440e+00 -3.300e-03  5.453e-03 -2.041e-02  3.850e-03 -2.359e-03  1.046e-04  1.888e-02  3.512e-05 -3.679e-04
 2.4720e+00 -3.240e-03  5.478e-03 -2.053e-02  3.860e-03 -2.365e-03  1.054e-04  1.898e-02  3.536e-05 -3.703e-04
 2.5000e+00 -3.190e-03  5.503e-03 -2.065e-02  3.870e-03 -2.372e-03  1.060e-04  1.907e-02  3.559e-05 -3.728e-04
 2.5280e+00 -3.140e-03  5.529e-03 -2.077e-02  3.880e-03 -2.378e-03  1.067e-04  1.917e-02  3.582e-05 -3.753e-04
 2.5560e+00 -3.080e-03  5.554e-03 -2.089e-02  3.880e-03 -2.384e-03  1.071e-04  1.926e-02  3.596e-05 -3.777e-04
 2.5830e+00 -3.030e-03  5.578e-03 -2.101e-02  3.890e-03 -2.390e-03  1.077e-04  1.935e-02  3.619e-05 -3.799e-04
 2.6110e+00 -2.980e-03  5.603e-03 -2.113e-02  3.900e-03 -2.395e-03  1.083e-04  1.945e-02  3.638e-05 -3.819e-04
 2.6390e+00 -2.920e-03  5.628e-03 -2.124e-02  3.910e-03 -2.401e-03  1.089e-04  1.954e-02  3.657e-05 -3.838e-04
 2.6670e+00 -2.870e-03  5.652e-03 -2.136e-02  3.920e-03 -2.407e-03  1.094e-04  1.963e-02  3.684e-05 -3.861e-04
 2.6940e+00 -2.810e-03  5.676e-03 -2.147e-02  3.930e-03 -2.412e-03  1.099e-04  1.971e-02  3.708e-05 -3.882e-04
 2.7220e+00 -2.760e-03  5.700e-03 -2.158e-02  3.930e-03 -2.418e-03  1.104e-04  1.980e-02  3.731e-05 -3.902e-04
 2.7500e+00 -2.710e-03  5.724e-03 -2.169e-02  3.940e-03 -2.423e-03  1.108e-04  1.988e-02  3.745e-05 -3.926e-04
 2.7780e+00 -2.650e-03  5.748e-03 -2.180e-02  3.950e-03 -2.428e-03  1.113e-04  1.997e-02  3.764e-05 -3.948e-04
 2.8060e+00 -2.600e-03  5.772e-03 -2.191e-02  3.960e-03 -2.434e-03  1.118e-04  2.005e-02  3.787e-05 -3.967e-04
 2.8330e+00 -2.540e-03  5.795e-03 -2.201e-02  3.960e-03 -2.439e-03  1.122e-04  2.013e-02  3.806e-05 -3.991e-04
 2.8610e+00 -2.490e-03  5.818e-03 -2.212e-02  3.970e-03 -2.444e-03  1.127e-04  2.021e-02  3.824e-05 -4.014e-04
 2.8890e+00 -2.440e-03  5.842e-03 -2.222e-02  3.980e-03 -2.449e-03  1.132e-04  2.029e-02  3.838e-05 -4.033e-04
 2.9170e+00 -2.380e-03  5.865e-03 -2.233e-02  3.990e-03 -2.453e-03  1.136e-04  2.037e-02  3.847e-05 -4.051e-04
 2.9440e+00 -2.330e-03  5.888e-03 -2.243e-02  3.990e-03 -2.458e-03  1.141e-04  2.045e-02  3.866e-05 -4.067e-04
 2.9720e+00 -2.270e-03  5.911e-03 -2.253e-02  4.000e-03 -2.463e-03  1.146e-04  2.053e-02  3.880e-05 -4.086e-04
 3.0000e+00 -2.220e-03  5.934e-03 -2.263e-02  4.010e-03 -2.467e-03  1.150e-04  2.060e-02  3.894e-05 -4.108e-04
