1 0.0195475 -4.52938 32.3051 0.000000 1.000000 1.07114 70.000000 69.000000 121.701
2 0 -4.70938 32.3701 1.000000 1.000000 1.07114 70.000000 69.000000 180
3 0 -4.88938 32.4361 2.000000 1.000000 1.07114 70.000000 69.000000 180
4 0 -5.06938 32.5021 3.000000 1.000000 1.07114 70.000000 69.000000 180
5 0 -5.24938 32.5671 4.000000 1.000000 1.07114 70.000000 69.000000 180
6 0 -5.42938 32.6331 5.000000 1.000000 1.07114 70.000000 69.000000 180
7 0 -5.60938 32.6991 6.000000 1.000000 1.07114 70.000000 69.000000 180
8 0 -5.78938 32.7641 7.000000 1.000000 1.07114 70.000000 69.000000 180
9 0 -5.96938 32.8291 8.000000 1.000000 1.07114 70.000000 69.000000 180
10 0 -6.15938 32.8951 9.000000 1.000000 1.07114 70.000000 69.000000 180
11 0.002794 -6.33938 32.9601 10.000000 1.000000 1.07114 70.000000 69.000000 -155
12 0.013322 -6.51938 33.0261 11.000000 1.000000 1.07114 70.000000 69.000000 -155
13 0.023675 -6.69938 33.0911 12.000000 1.000000 1.07114 70.000000 69.000000 -155
14 0.026442 -6.87938 33.1571 13.000000 1.000000 1.07114 70.000000 69.000000 -155
15 0.018008 -7.05938 33.2231 14.000000 1.000000 1.07114 70.000000 69.000000 -155
16 0.022147 -4.18938 33.2441 0.000000 1.000000 1.07114 70.000000 69.000000 115
17 0 -4.36938 33.3091 1.000000 1.000000 1.07114 70.000000 69.000000 180
18 0 -4.54938 33.3751 2.000000 1.000000 1.07114 70.000000 69.000000 180
19 0 -4.72938 33.4411 3.000000 1.000000 1.07114 70.000000 69.000000 180
20 0 -4.90938 33.5061 4.000000 1.000000 1.07114 70.000000 69.000000 180
21 0.002702 -5.08938 33.5721 5.000000 1.000000 1.07114 70.000000 69.000000 115
22 0.003135 -5.26938 33.6381 6.000000 1.000000 1.07114 70.000000 69.000000 115
23 0.000801 -5.44938 33.7031 7.000000 1.000000 1.07114 70.000000 69.000000 115
24 0 -5.62938 33.7681 8.000000 1.000000 1.07114 70.000000 69.000000 180
25 0 -5.80938 33.8341 9.000000 1.000000 1.07114 70.000000 69.000000 180
26 0.013779 -5.98938 33.8991 10.000000 1.000000 1.07114 70.000000 69.000000 -155
27 0.036705 -6.16938 33.9651 11.000000 1.000000 1.07114 70.000000 69.000000 -155
28 0.055029 -6.34938 34.0301 12.000000 1.000000 1.07114 70.000000 69.000000 -155
29 0.056893 -6.52938 34.0961 13.000000 1.000000 1.07114 70.000000 69.000000 -155
30 0.037118 -6.71938 34.1621 14.000000 1.000000 1.07114 70.000000 69.000000 -155
31 0 -3.84938 34.1841 0.000000 1.000000 1.07114 70.000000 69.000000 180
32 0.031802 -4.02938 34.2491 1.000000 1.000000 1.07114 70.000000 69.000000 115
33 0.068478 -4.20938 34.3151 2.000000 1.000000 1.07114 70.000000 69.000000 115
34 0.093284 -4.38938 34.3811 3.000000 1.000000 1.07114 70.000000 69.000000 115
35 0.104369 -4.56938 34.4461 4.000000 1.000000 1.07114 70.000000 69.000000 115
36 0.102304 -4.74938 34.5121 5.000000 1.000000 1.07114 70.000000 69.000000 115
37 0.085434 -4.92938 34.5781 6.000000 1.000000 1.07114 70.000000 69.000000 115
38 0.057663 -5.10938 34.6431 7.000000 1.000000 1.07114 70.000000 69.000000 115
39 0.028746 -5.28938 34.7081 8.000000 1.000000 1.07114 70.000000 69.000000 115
40 0.015438 -5.46938 34.7741 9.000000 1.000000 1.07114 70.000000 69.000000 176.151
41 0.044175 -5.64938 34.8391 10.000000 1.000000 1.07114 70.000000 69.000000 -155
42 0.078977 -5.82938 34.9051 11.000000 1.000000 1.07114 70.000000 69.000000 -155
43 0.100648 -6.00938 34.9701 12.000000 1.000000 1.07114 70.000000 69.000000 -155
44 0.095779 -6.18938 35.0361 13.000000 1.000000 1.07114 70.000000 69.000000 -155
45 0.059702 -6.36938 35.1021 14.000000 1.000000 1.07114 70.000000 69.000000 -155
46 0.057652 -3.50938 35.1241 0.000000 1.000000 1.07114 70.000000 69.000000 115
47 0.14149 -3.68938 35.1891 1.000000 1.000000 1.07114 70.000000 69.000000 115
48 0.229258 -3.86938 35.2551 2.000000 1.000000 1.07114 70.000000 69.000000 115
49 0.287365 -4.04938 35.3211 3.000000 1.000000 1.07114 70.000000 69.000000 115
50 0.30879 -4.22938 35.3861 4.000000 1.000000 1.07114 70.000000 69.000000 115
51 0.293081 -4.40938 35.4521 5.000000 1.000000 1.07114 70.000000 69.000000 115
52 0.243704 -4.58938 35.5181 6.000000 1.000000 1.07114 70.000000 69.000000 115
53 0.172265 -4.76938 35.5831 7.000000 1.000000 1.07114 70.000000 69.000000 115
54 0.0988724 -4.94938 35.6481 8.000000 1.000000 1.07114 70.000000 69.000000 125.381
55 0.0669087 -5.12938 35.7141 9.000000 1.000000 1.07114 70.000000 69.000000 170.993
56 0.104025 -5.30938 35.7791 10.000000 1.000000 1.07114 70.000000 69.000000 -158.075
57 0.146004 -5.48938 35.8451 11.000000 1.000000 1.07114 70.000000 69.000000 -155
58 0.163982 -5.66938 35.9101 12.000000 1.000000 1.07114 70.000000 69.000000 -155
59 0.145205 -5.84938 35.9761 13.000000 1.000000 1.07114 70.000000 69.000000 -155
60 0.086903 -6.02938 36.0421 14.000000 1.000000 1.07114 70.000000 69.000000 -155
61 0 -3.15938 36.0631 0.000000 1.000000 1.07114 70.000000 69.000000 180
62 0.216537 -3.33938 36.1281 1.000000 1.000000 1.07114 70.000000 69.000000 115
63 0.391527 -3.51938 36.1941 2.000000 1.000000 1.07114 70.000000 69.000000 115
64 0.498936 -3.70938 36.2601 3.000000 1.000000 1.07114 70.000000 69.000000 115
65 0.537556 -3.88938 36.3251 4.000000 1.000000 1.07114 70.000000 69.000000 115
66 0.510045 -4.06938 36.3911 5.000000 1.000000 1.07114 70.000000 69.000000 115
67 0.426366 -4.24938 36.4571 6.000000 1.000000 1.07114 70.000000 69.000000 115.656
68 0.309 -4.42938 36.5221 7.000000 1.000000 1.07114 70.000000 69.000000 120.606
69 0.198124 -4.60938 36.5871 8.000000 1.000000 1.07114 70.000000 69.000000 137.875
70 0.158909 -4.78938 36.6531 9.000000 1.000000 1.07114 70.000000 69.000000 174.831
71 0.197694 -4.96938 36.7181 10.000000 1.000000 1.07114 70.000000 69.000000 -160.4
72 0.237566 -5.14938 36.7841 11.000000 1.000000 1.07114 70.000000 69.000000 -155
73 0.24325 -5.32938 36.8491 12.000000 1.000000 1.07114 70.000000 69.000000 -155
74 0.203438 -5.50938 36.9151 13.000000 1.000000 1.07114 70.000000 69.000000 -155
75 0.117776 -5.68938 36.9811 14.000000 1.000000 1.07114 70.000000 69.000000 -155
76 0.077196 -2.81938 37.0031 0.000000 1.000000 1.07114 70.000000 69.000000 115
77 0.29302 -2.99938 37.0681 1.000000 1.000000 1.07114 70.000000 69.000000 115
78 0.50142 -3.17938 37.1341 2.000000 1.000000 1.07114 70.000000 69.000000 115
79 0.644192 -3.35938 37.2001 3.000000 1.000000 1.07114 70.000000 69.000000 115
80 0.703822 -3.53938 37.2651 4.000000 1.000000 1.07114 70.000000 69.000000 115.507
81 0.675402 -3.71938 37.3311 5.000000 1.000000 1.07114 70.000000 69.000000 117.099
82 0.571797 -3.89938 37.3971 6.000000 1.000000 1.07114 70.000000 69.000000 120.96
83 0.429665 -4.07938 37.4621 7.000000 1.000000 1.07114 70.000000 69.000000 130.491
84 0.310982 -4.25938 37.5271 8.000000 1.000000 1.07114 70.000000 69.000000 151.468
85 0.281225 -4.44938 37.5931 9.000000 1.000000 1.07114 70.000000 69.000000 -178.906
86 0.317219 -4.62938 37.6581 10.000000 1.000000 1.07114 70.000000 69.000000 -160.389
87 0.34475 -4.80938 37.7241 11.000000 1.000000 1.07114 70.000000 69.000000 -155
88 0.330183 -4.98938 37.7891 12.000000 1.000000 1.07114 70.000000 69.000000 -155
89 0.264352 -5.16938 37.8551 13.000000 1.000000 1.07114 70.000000 69.000000 -155
90 0.149112 -5.34938 37.9211 14.000000 1.000000 1.07114 70.000000 69.000000 -155
91 0.136574 -2.47938 37.9431 0.000000 1.000000 1.07114 70.000000 69.000000 115
92 0.328883 -2.65938 38.0081 1.000000 1.000000 1.07114 70.000000 69.000000 117.066
93 0.515766 -2.83938 38.0741 2.000000 1.000000 1.07114 70.000000 69.000000 121.129
94 0.668337 -3.01938 38.1401 3.000000 1.000000 1.07114 70.000000 69.000000 121.263
95 0.751848 -3.19938 38.2051 4.000000 1.000000 1.07114 70.000000 69.000000 121.537
96 0.741417 -3.37938 38.2711 5.000000 1.000000 1.07114 70.000000 69.000000 124.089
97 0.646771 -3.55938 38.3371 6.000000 1.000000 1.07114 70.000000 69.000000 130.477
98 0.516768 -3.73938 38.4021 7.000000 1.000000 1.07114 70.000000 69.000000 143.455
99 0.42467 -3.91938 38.4671 8.000000 1.000000 1.07114 70.000000 69.000000 165.016
100 0.414007 -4.09938 38.5331 9.000000 1.000000 1.07114 70.000000 69.000000 -172.278
101 0.442412 -4.27938 38.5981 10.000000 1.000000 1.07114 70.000000 69.000000 -159.086
102 0.449846 -4.45938 38.6641 11.000000 1.000000 1.07114 70.000000 69.000000 -155
103 0.410473 -4.63938 38.7291 12.000000 1.000000 1.07114 70.000000 69.000000 -155
104 0.317996 -4.81938 38.7951 13.000000 1.000000 1.07114 70.000000 69.000000 -155
105 0.175825 -4.99938 38.8611 14.000000 1.000000 1.07114 70.000000 69.000000 -155
106 0.158133 -2.13938 38.8831 0.000000 1.000000 1.07114 70.000000 69.000000 115
107 0.297861 -2.31938 38.9481 1.000000 1.000000 1.07114 70.000000 69.000000 140.729
108 0.436918 -2.49938 39.0141 2.000000 1.000000 1.07114 70.000000 69.000000 143.306
109 0.578185 -2.67938 39.0801 3.000000 1.000000 1.07114 70.000000 69.000000 136.393
110 0.687767 -2.85938 39.1451 4.000000 1.000000 1.07114 70.000000 69.000000 132.865
111 0.713083 -3.03938 39.2111 5.000000 1.000000 1.07114 70.000000 69.000000 135.048
112 0.655525 -3.21938 39.2771 6.000000 1.000000 1.07114 70.000000 69.000000 143.134
113 0.569979 -3.39938 39.3421 7.000000 1.000000 1.07114 70.000000 69.000000 157.901
114 0.52295 -3.57938 39.4071 8.000000 1.000000 1.07114 70.000000 69.000000 177.307
115 0.52926 -3.75938 39.4731 9.000000 1.000000 1.07114 70.000000 69.000000 -166.173
116 0.54501 -3.93938 39.5381 10.000000 1.000000 1.07114 70.000000 69.000000 -157.356
117 0.529255 -4.11938 39.6041 11.000000 1.000000 1.07114 70.000000 69.000000 -155
118 0.466162 -4.29938 39.6691 12.000000 1.000000 1.07114 70.000000 69.000000 -155
119 0.352318 -4.47938 39.7351 13.000000 1.000000 1.07114 70.000000 69.000000 -155
120 0.191866 -4.65938 39.8011 14.000000 1.000000 1.07114 70.000000 69.000000 -155
121 0.120815 -1.79938 39.8221 0.000000 1.000000 1.07114 70.000000 69.000000 174.276
122 0.315212 -1.97938 39.8871 1.000000 1.000000 1.07114 70.000000 69.000000 -168.953
123 0.375194 -2.15938 39.9531 2.000000 1.000000 1.07114 70.000000 69.000000 -177.96
124 0.446383 -2.33938 40.0191 3.000000 1.000000 1.07114 70.000000 69.000000 158.737
125 0.564274 -2.51938 40.0841 4.000000 1.000000 1.07114 70.000000 69.000000 146.957
126 0.626338 -2.69938 40.1501 5.000000 1.000000 1.07114 70.000000 69.000000 147.858
127 0.616918 -2.87938 40.2161 6.000000 1.000000 1.07114 70.000000 69.000000 156.969
128 0.586485 -3.05938 40.2811 7.000000 1.000000 1.07114 70.000000 69.000000 171.745
129 0.58065 -3.23938 40.3461 8.000000 1.000000 1.07114 70.000000 69.000000 -172.428
130 0.594555 -3.41938 40.4121 9.000000 1.000000 1.07114 70.000000 69.000000 -161.05
131 0.594715 -3.59938 40.4771 10.000000 1.000000 1.07114 70.000000 69.000000 -155.803
132 0.558747 -3.77938 40.5431 11.000000 1.000000 1.07114 70.000000 69.000000 -155
133 0.479532 -3.95938 40.6081 12.000000 1.000000 1.07114 70.000000 69.000000 -155
134 0.35577 -4.13938 40.6741 13.000000 1.000000 1.07114 70.000000 69.000000 -155
135 0.191542 -4.31938 40.7401 14.000000 1.000000 1.07114 70.000000 69.000000 -155
136 0.138471 -1.44938 40.7621 0.000000 1.000000 1.07114 70.000000 69.000000 -155
137 0.280715 -1.62938 40.8271 1.000000 1.000000 1.07114 70.000000 69.000000 -155
138 0.286009 -1.80938 40.8931 2.000000 1.000000 1.07114 70.000000 69.000000 -155
139 0.305461 -1.98938 40.9591 3.000000 1.000000 1.07114 70.000000 69.000000 173.336
140 0.423507 -2.16938 41.0241 4.000000 1.000000 1.07114 70.000000 69.000000 156.89
141 0.507735 -2.34938 41.0901 5.000000 1.000000 1.07114 70.000000 69.000000 158.909
142 0.537035 -2.53938 41.1561 6.000000 1.000000 1.07114 70.000000 69.000000 169.451
143 0.549857 -2.71938 41.2211 7.000000 1.000000 1.07114 70.000000 69.000000 -176.634
144 0.568298 -2.89938 41.2861 8.000000 1.000000 1.07114 70.000000 69.000000 -164.424
145 0.580288 -3.07938 41.3521 9.000000 1.000000 1.07114 70.000000 69.000000 -157.237
146 0.566687 -3.25938 41.4171 10.000000 1.000000 1.07114 70.000000 69.000000 -155
147 0.519732 -3.43938 41.4831 11.000000 1.000000 1.07114 70.000000 69.000000 -155
148 0.437636 -3.61938 41.5481 12.000000 1.000000 1.07114 70.000000 69.000000 -155
149 0.320258 -3.79938 41.6141 13.000000 1.000000 1.07114 70.000000 69.000000 -155
150 0.170973 -3.97938 41.6801 14.000000 1.000000 1.07114 70.000000 69.000000 -155
151 0.042983 -1.10938 41.7021 0.000000 1.000000 1.07114 70.000000 69.000000 -155
152 0.087902 -1.28938 41.7671 1.000000 1.000000 1.07114 70.000000 69.000000 -155
153 0.094104 -1.46938 41.8331 2.000000 1.000000 1.07114 70.000000 69.000000 -155
154 0.163295 -1.64938 41.8991 3.000000 1.000000 1.07114 70.000000 69.000000 160.741
155 0.283331 -1.82938 41.9641 4.000000 1.000000 1.07114 70.000000 69.000000 156.36
156 0.363229 -2.00938 42.0301 5.000000 1.000000 1.07114 70.000000 69.000000 165.529
157 0.407922 -2.18938 42.0961 6.000000 1.000000 1.07114 70.000000 69.000000 178.988
158 0.440061 -2.36938 42.1611 7.000000 1.000000 1.07114 70.000000 69.000000 -167.801
159 0.463918 -2.54938 42.2261 8.000000 1.000000 1.07114 70.000000 69.000000 -158.616
160 0.469044 -2.72938 42.2921 9.000000 1.000000 1.07114 70.000000 69.000000 -155
161 0.449329 -2.90938 42.3571 10.000000 1.000000 1.07114 70.000000 69.000000 -155
162 0.405061 -3.09938 42.4231 11.000000 1.000000 1.07114 70.000000 69.000000 -155
163 0.336451 -3.27938 42.4881 12.000000 1.000000 1.07114 70.000000 69.000000 -155
164 0.243808 -3.45938 42.5541 13.000000 1.000000 1.07114 70.000000 69.000000 -155
165 0.129394 -3.63938 42.6201 14.000000 1.000000 1.07114 70.000000 69.000000 -155
166 0 -0.76938 42.6411 0.000000 1.000000 1.07114 70.000000 69.000000 180
167 0 -0.94938 42.7061 1.000000 1.000000 1.07114 70.000000 69.000000 180
168 0.039841 -1.12938 42.7721 2.000000 1.000000 1.07114 70.000000 69.000000 115
169 0.101183 -1.30938 42.8381 3.000000 1.000000 1.07114 70.000000 69.000000 128.066
170 0.153992 -1.48938 42.9031 4.000000 1.000000 1.07114 70.000000 69.000000 148.627
171 0.193939 -1.66938 42.9691 5.000000 1.000000 1.07114 70.000000 69.000000 168.219
172 0.225169 -1.84938 43.0351 6.000000 1.000000 1.07114 70.000000 69.000000 -174.595
173 0.250314 -2.02938 43.1001 7.000000 1.000000 1.07114 70.000000 69.000000 -161.715
174 0.265227 -2.20938 43.1651 8.000000 1.000000 1.07114 70.000000 69.000000 -155
175 0.264952 -2.38938 43.2311 9.000000 1.000000 1.07114 70.000000 69.000000 -155
176 0.250445 -2.56938 43.2961 10.000000 1.000000 1.07114 70.000000 69.000000 -155
177 0.223215 -2.74938 43.3621 11.000000 1.000000 1.07114 70.000000 69.000000 -155
178 0.183765 -2.92938 43.4271 12.000000 1.000000 1.07114 70.000000 69.000000 -155
179 0.132337 -3.10938 43.4931 13.000000 1.000000 1.07114 70.000000 69.000000 -155
180 0.069987 -3.28938 43.5591 14.000000 1.000000 1.07114 70.000000 69.000000 -155
181 0 -1.53938 39.5791 0.000000 1.000000 1.16663 27.000000 59.000000 0
182 0.175949 -1.66938 39.8451 1.000000 1.000000 1.16663 27.000000 59.000000 128.706
183 0.516276 -1.80938 40.1131 2.000000 1.000000 1.16663 27.000000 59.000000 120.8
184 0.90597 -1.93938 40.3811 3.000000 1.000000 1.16663 27.000000 59.000000 114.354
185 1.14322 -2.07938 40.6481 4.000000 1.000000 1.16663 27.000000 59.000000 109.87
186 1.13735 -2.21938 40.9161 5.000000 1.000000 1.16663 27.000000 59.000000 106.199
187 0.936488 -2.34938 41.1841 6.000000 1.000000 1.16663 27.000000 59.000000 102.276
188 0.648447 -2.48938 41.4511 7.000000 1.000000 1.16663 27.000000 59.000000 96.9311
189 0.373661 -2.62938 41.7191 8.000000 1.000000 1.16663 27.000000 59.000000 88.3072
190 0.174869 -2.75938 41.9871 9.000000 1.000000 1.16663 27.000000 59.000000 73.5077
191 0.06396 -2.89938 42.2541 10.000000 1.000000 1.16663 27.000000 59.000000 55
192 0.011541 -3.03938 42.5221 11.000000 1.000000 1.16663 27.000000 59.000000 55
193 0 -3.16938 42.7901 12.000000 1.000000 1.16663 27.000000 59.000000 0
194 0 -3.30938 43.0581 13.000000 1.000000 1.16663 27.000000 59.000000 0
195 0 -3.44938 43.3251 14.000000 1.000000 1.16663 27.000000 59.000000 0
196 0.024259 -0.63938 40.0331 0.000000 1.000000 1.16663 27.000000 59.000000 145
197 0.302779 -0.77938 40.2991 1.000000 1.000000 1.16663 27.000000 59.000000 131.729
198 0.904738 -0.91938 40.5671 2.000000 1.000000 1.16663 27.000000 59.000000 124.253
199 1.58974 -1.04938 40.8351 3.000000 1.000000 1.16663 27.000000 59.000000 117.67
200 2.00738 -1.18938 41.1021 4.000000 1.000000 1.16663 27.000000 59.000000 112.837
201 2.00583 -1.32938 41.3701 5.000000 1.000000 1.16663 27.000000 59.000000 108.78
202 1.66284 -1.45938 41.6381 6.000000 1.000000 1.16663 27.000000 59.000000 104.555
203 1.16095 -1.59938 41.9051 7.000000 1.000000 1.16663 27.000000 59.000000 99.0712
204 0.675489 -1.73938 42.1731 8.000000 1.000000 1.16663 27.000000 59.000000 90.5839
205 0.319228 -1.86938 42.4411 9.000000 1.000000 1.16663 27.000000 59.000000 76.1259
206 0.119485 -2.00938 42.7081 10.000000 1.000000 1.16663 27.000000 59.000000 55
207 0.025119 -2.13938 42.9761 11.000000 1.000000 1.16663 27.000000 59.000000 55
208 0 -2.27938 43.2441 12.000000 1.000000 1.16663 27.000000 59.000000 0
209 0 -2.41938 43.5121 13.000000 1.000000 1.16663 27.000000 59.000000 0
210 0 -2.54938 43.7791 14.000000 1.000000 1.16663 27.000000 59.000000 0
211 0 0.25062 40.4871 0.000000 1.000000 1.16663 27.000000 59.000000 0
212 0.355871 0.11062 40.7531 1.000000 1.000000 1.16663 27.000000 59.000000 136.133
213 1.12236 -0.02938 41.0211 2.000000 1.000000 1.16663 27.000000 59.000000 128.228
214 1.9733 -0.15938 41.2891 3.000000 1.000000 1.16663 27.000000 59.000000 121.601
215 2.4886 -0.29938 41.5561 4.000000 1.000000 1.16663 27.000000 59.000000 116.482
216 2.49304 -0.43938 41.8241 5.000000 1.000000 1.16663 27.000000 59.000000 112.053
217 2.07653 -0.56938 42.0921 6.000000 1.000000 1.16663 27.000000 59.000000 107.501
218 1.45723 -0.70938 42.3591 7.000000 1.000000 1.16663 27.000000 59.000000 101.815
219 0.851505 -0.83938 42.6271 8.000000 1.000000 1.16663 27.000000 59.000000 93.3252
220 0.40297 -0.97938 42.8951 9.000000 1.000000 1.16663 27.000000 59.000000 79.0423
221 0.151327 -1.11938 43.1621 10.000000 1.000000 1.16663 27.000000 59.000000 57.2708
222 0.034098 -1.24938 43.4301 11.000000 1.000000 1.16663 27.000000 59.000000 55
223 0 -1.38938 43.6981 12.000000 1.000000 1.16663 27.000000 59.000000 0
224 0 -1.52938 43.9661 13.000000 1.000000 1.16663 27.000000 59.000000 0
225 0 -1.65938 44.2331 14.000000 1.000000 1.16663 27.000000 59.000000 0
226 0 1.14062 40.9411 0.000000 1.000000 1.16663 27.000000 59.000000 0
227 0.38448 1.00062 41.2071 1.000000 1.000000 1.16663 27.000000 59.000000 140.633
228 1.20207 0.86062 41.4751 2.000000 1.000000 1.16663 27.000000 59.000000 132.223
229 2.07817 0.73062 41.7431 3.000000 1.000000 1.16663 27.000000 59.000000 125.75
230 2.60123 0.59062 42.0101 4.000000 1.000000 1.16663 27.000000 59.000000 120.464
231 2.60235 0.46062 42.2781 5.000000 1.000000 1.16663 27.000000 59.000000 115.73
232 2.16907 0.32062 42.5461 6.000000 1.000000 1.16663 27.000000 59.000000 110.87
233 1.52141 0.18062 42.8131 7.000000 1.000000 1.16663 27.000000 59.000000 104.94
234 0.884794 0.05062 43.0811 8.000000 1.000000 1.16663 27.000000 59.000000 96.2859
235 0.413307 -0.08938 43.3491 9.000000 1.000000 1.16663 27.000000 59.000000 81.7585
236 0.152239 -0.22938 43.6161 10.000000 1.000000 1.16663 27.000000 59.000000 58.9077
237 0.034157 -0.35938 43.8841 11.000000 1.000000 1.16663 27.000000 59.000000 55
238 0 -0.49938 44.1521 12.000000 1.000000 1.16663 27.000000 59.000000 0
239 0 -0.63938 44.4201 13.000000 1.000000 1.16663 27.000000 59.000000 0
240 0 -0.76938 44.6871 14.000000 1.000000 1.16663 27.000000 59.000000 0
241 0 2.03062 41.3951 0.000000 1.000000 1.16663 27.000000 59.000000 0
242 0.396656 1.89062 41.6611 1.000000 1.000000 1.16663 27.000000 59.000000 143.815
243 1.16825 1.76062 41.9291 2.000000 1.000000 1.16663 27.000000 59.000000 136.231
244 1.9592 1.62062 42.1971 3.000000 1.000000 1.16663 27.000000 59.000000 130.043
245 2.41989 1.48062 42.4641 4.000000 1.000000 1.16663 27.000000 59.000000 124.676
246 2.40674 1.35062 42.7321 5.000000 1.000000 1.16663 27.000000 59.000000 119.709
247 1.99672 1.21062 43.0001 6.000000 1.000000 1.16663 27.000000 59.000000 114.578
248 1.389 1.07062 43.2671 7.000000 1.000000 1.16663 27.000000 59.000000 108.381
249 0.79393 0.94062 43.5351 8.000000 1.000000 1.16663 27.000000 59.000000 99.4017
250 0.358538 0.80062 43.8031 9.000000 1.000000 1.16663 27.000000 59.000000 84.0874
251 0.125765 0.66062 44.0701 10.000000 1.000000 1.16663 27.000000 59.000000 58.8987
252 0.025779 0.53062 44.3381 11.000000 1.000000 1.16663 27.000000 59.000000 55
253 0 0.39062 44.6061 12.000000 1.000000 1.16663 27.000000 59.000000 0
254 0 0.26062 44.8741 13.000000 1.000000 1.16663 27.000000 59.000000 0
255 0 0.12062 45.1411 14.000000 1.000000 1.16663 27.000000 59.000000 0
256 0 2.92062 41.8491 0.000000 1.000000 1.16663 27.000000 59.000000 0
257 0.373254 2.78062 42.1151 1.000000 1.000000 1.16663 27.000000 59.000000 145
258 1.0317 2.65062 42.3831 2.000000 1.000000 1.16663 27.000000 59.000000 140.007
259 1.67797 2.51062 42.6511 3.000000 1.000000 1.16663 27.000000 59.000000 134.413
260 2.0408 2.37062 42.9181 4.000000 1.000000 1.16663 27.000000 59.000000 129.099
261 2.00964 2.24062 43.1861 5.000000 1.000000 1.16663 27.000000 59.000000 123.989
262 1.6488 2.10062 43.4541 6.000000 1.000000 1.16663 27.000000 59.000000 118.645
263 1.12574 1.96062 43.7211 7.000000 1.000000 1.16663 27.000000 59.000000 112.182
264 0.621309 1.83062 43.9891 8.000000 1.000000 1.16663 27.000000 59.000000 102.732
265 0.263102 1.69062 44.2571 9.000000 1.000000 1.16663 27.000000 59.000000 85.9938
266 0.0841227 1.56062 44.5241 10.000000 1.000000 1.16663 27.000000 59.000000 56.9299
267 0.01336 1.42062 44.7921 11.000000 1.000000 1.16663 27.000000 59.000000 55
268 0 1.28062 45.0601 12.000000 1.000000 1.16663 27.000000 59.000000 0
269 0 1.15062 45.3281 13.000000 1.000000 1.16663 27.000000 59.000000 0
270 0 1.01062 45.5951 14.000000 1.000000 1.16663 27.000000 59.000000 0
271 0.004189 3.81062 42.3031 0.000000 1.000000 1.16663 27.000000 59.000000 145
272 0.306303 3.67062 42.5691 1.000000 1.000000 1.16663 27.000000 59.000000 145
273 0.816645 3.54062 42.8371 2.000000 1.000000 1.16663 27.000000 59.000000 143.209
274 1.30239 3.40062 43.1051 3.000000 1.000000 1.16663 27.000000 59.000000 138.694
275 1.56253 3.26062 43.3721 4.000000 1.000000 1.16663 27.000000 59.000000 133.692
276 1.51814 3.13062 43.6401 5.000000 1.000000 1.16663 27.000000 59.000000 128.606
277 1.22171 2.99062 43.9081 6.000000 1.000000 1.16663 27.000000 59.000000 123.163
278 0.806635 2.86062 44.1751 7.000000 1.000000 1.16663 27.000000 59.000000 116.493
279 0.418291 2.72062 44.4431 8.000000 1.000000 1.16663 27.000000 59.000000 106.452
280 0.158055 2.58062 44.7111 9.000000 1.000000 1.16663 27.000000 59.000000 87.482
281 0.042629 2.45062 44.9781 10.000000 1.000000 1.16663 27.000000 59.000000 55
282 0.00312 2.31062 45.2461 11.000000 1.000000 1.16663 27.000000 59.000000 55
283 0 2.17062 45.5141 12.000000 1.000000 1.16663 27.000000 59.000000 0
284 0 2.04062 45.7821 13.000000 1.000000 1.16663 27.000000 59.000000 0
285 0 1.90062 46.0491 14.000000 1.000000 1.16663 27.000000 59.000000 0
286 0.006616 4.70062 42.7571 0.000000 1.000000 1.16663 27.000000 59.000000 145
287 0.215622 4.57062 43.0231 1.000000 1.000000 1.16663 27.000000 59.000000 145
288 0.56981 4.43062 43.2911 2.000000 1.000000 1.16663 27.000000 59.000000 145
289 0.904258 4.29062 43.5591 3.000000 1.000000 1.16663 27.000000 59.000000 142.468
290 1.0744 4.16062 43.8261 4.000000 1.000000 1.16663 27.000000 59.000000 138.295
291 1.02599 4.02062 44.0941 5.000000 1.000000 1.16663 27.000000 59.000000 133.564
292 0.800589 3.88062 44.3621 6.000000 1.000000 1.16663 27.000000 59.000000 128.273
293 0.499362 3.75062 44.6291 7.000000 1.000000 1.16663 27.000000 59.000000 121.592
294 0.231618 3.61062 44.8971 8.000000 1.000000 1.16663 27.000000 59.000000 110.887
295 0.0701806 3.47062 45.1651 9.000000 1.000000 1.16663 27.000000 59.000000 87.5436
296 0.013237 3.34062 45.4321 10.000000 1.000000 1.16663 27.000000 59.000000 55
297 0 3.20062 45.7001 11.000000 1.000000 1.16663 27.000000 59.000000 0
298 0 3.06062 45.9681 12.000000 1.000000 1.16663 27.000000 59.000000 0
299 0 2.93062 46.2361 13.000000 1.000000 1.16663 27.000000 59.000000 0
300 0 2.79062 46.5031 14.000000 1.000000 1.16663 27.000000 59.000000 0
301 0.0350874 5.59062 43.2111 0.000000 1.000000 1.16663 27.000000 59.000000 97.5583
302 0.143942 5.46062 43.4771 1.000000 1.000000 1.16663 27.000000 59.000000 137.259
303 0.348549 5.32062 43.7451 2.000000 1.000000 1.16663 27.000000 59.000000 145
304 0.548875 5.18062 44.0131 3.000000 1.000000 1.16663 27.000000 59.000000 145
305 0.646644 5.05062 44.2801 4.000000 1.000000 1.16663 27.000000 59.000000 142.46
306 0.603058 4.91062 44.5481 5.000000 1.000000 1.16663 27.000000 59.000000 138.713
307 0.447893 4.77062 44.8161 6.000000 1.000000 1.16663 27.000000 59.000000 134.103
308 0.253314 4.64062 45.0831 7.000000 1.000000 1.16663 27.000000 59.000000 127.973
309 0.0946035 4.50062 45.3511 8.000000 1.000000 1.16663 27.000000 59.000000 116.951
310 0.0164475 4.36062 45.6191 9.000000 1.000000 1.16663 27.000000 59.000000 80.0537
311 0 4.23062 45.8861 10.000000 1.000000 1.16663 27.000000 59.000000 0
312 0 4.09062 46.1541 11.000000 1.000000 1.16663 27.000000 59.000000 0
313 0 3.96062 46.4221 12.000000 1.000000 1.16663 27.000000 59.000000 0
314 0 3.82062 46.6901 13.000000 1.000000 1.16663 27.000000 59.000000 0
315 0 3.68062 46.9571 14.000000 1.000000 1.16663 27.000000 59.000000 0
316 0.115572 6.48062 43.6651 0.000000 1.000000 1.16663 27.000000 59.000000 92.8922
317 0.142058 6.35062 43.9311 1.000000 1.000000 1.16663 27.000000 59.000000 109.797
318 0.195947 6.21062 44.1991 2.000000 1.000000 1.16663 27.000000 59.000000 136.251
319 0.28138 6.07062 44.4671 3.000000 1.000000 1.16663 27.000000 59.000000 145
320 0.323358 5.94062 44.7341 4.000000 1.000000 1.16663 27.000000 59.000000 145
321 0.289875 5.80062 45.0021 5.000000 1.000000 1.16663 27.000000 59.000000 143.346
322 0.197635 5.67062 45.2701 6.000000 1.000000 1.16663 27.000000 59.000000 140.467
323 0.0932581 5.53062 45.5371 7.000000 1.000000 1.16663 27.000000 59.000000 136.377
324 0.0213552 5.39062 45.8051 8.000000 1.000000 1.16663 27.000000 59.000000 128.512
325 0 5.26062 46.0731 9.000000 1.000000 1.16663 27.000000 59.000000 0
326 0 5.12062 46.3401 10.000000 1.000000 1.16663 27.000000 59.000000 0
327 0 4.98062 46.6081 11.000000 1.000000 1.16663 27.000000 59.000000 0
328 0 4.85062 46.8761 12.000000 1.000000 1.16663 27.000000 59.000000 0
329 0 4.71062 47.1441 13.000000 1.000000 1.16663 27.000000 59.000000 0
330 0 4.57062 47.4111 14.000000 1.000000 1.16663 27.000000 59.000000 0
331 0.1946 7.37062 44.1191 0.000000 1.000000 1.16663 27.000000 59.000000 95.5932
332 0.179357 7.24062 44.3851 1.000000 1.000000 1.16663 27.000000 59.000000 96.4174
333 0.122541 7.10062 44.6531 2.000000 1.000000 1.16663 27.000000 59.000000 114.515
334 0.116125 6.97062 44.9211 3.000000 1.000000 1.16663 27.000000 59.000000 138.992
335 0.120388 6.83062 45.1881 4.000000 1.000000 1.16663 27.000000 59.000000 145
336 0.098128 6.69062 45.4561 5.000000 1.000000 1.16663 27.000000 59.000000 145
337 0.05503 6.56062 45.7241 6.000000 1.000000 1.16663 27.000000 59.000000 145
338 0.016804 6.42062 45.9911 7.000000 1.000000 1.16663 27.000000 59.000000 145
339 0 6.28062 46.2591 8.000000 1.000000 1.16663 27.000000 59.000000 0
340 0 6.15062 46.5271 9.000000 1.000000 1.16663 27.000000 59.000000 0
341 0 6.01062 46.7941 10.000000 1.000000 1.16663 27.000000 59.000000 0
342 0 5.87062 47.0621 11.000000 1.000000 1.16663 27.000000 59.000000 0
343 0 5.74062 47.3301 12.000000 1.000000 1.16663 27.000000 59.000000 0
344 0 5.60062 47.5981 13.000000 1.000000 1.16663 27.000000 59.000000 0
345 0 5.46062 47.8651 14.000000 1.000000 1.16663 27.000000 59.000000 0
346 0.155832 8.27062 44.5731 0.000000 1.000000 1.16663 27.000000 59.000000 99.662
347 0.137503 8.13062 44.8391 1.000000 1.000000 1.16663 27.000000 59.000000 94.9228
348 0.0733524 7.99062 45.1071 2.000000 1.000000 1.16663 27.000000 59.000000 98.4295
349 0.0360209 7.86062 45.3751 3.000000 1.000000 1.16663 27.000000 59.000000 122.351
350 0.0256385 7.72062 45.6421 4.000000 1.000000 1.16663 27.000000 59.000000 144.372
351 0.014616 7.58062 45.9101 5.000000 1.000000 1.16663 27.000000 59.000000 145
352 0.001986 7.45062 46.1781 6.000000 1.000000 1.16663 27.000000 59.000000 145
353 0 7.31062 46.4451 7.000000 1.000000 1.16663 27.000000 59.000000 0
354 0 7.17062 46.7131 8.000000 1.000000 1.16663 27.000000 59.000000 0
355 0 7.04062 46.9811 9.000000 1.000000 1.16663 27.000000 59.000000 0
356 0 6.90062 47.2481 10.000000 1.000000 1.16663 27.000000 59.000000 0
357 0 6.77062 47.5161 11.000000 1.000000 1.16663 27.000000 59.000000 0
358 0 6.63062 47.7841 12.000000 1.000000 1.16663 27.000000 59.000000 0
359 0 6.49062 48.0521 13.000000 1.000000 1.16663 27.000000 59.000000 0
360 0 6.36062 48.3191 14.000000 1.000000 1.16663 27.000000 59.000000 0
