#         t         u1         u2         u3        s11        s12        s13        s22        s23        s33
 0.0000e+00  0.000e+00  0.000e+00  0.000e+00  0.000e+00  0.000e+00  0.000e+00  0.000e+00  0.000e+00  0.000e+00
 2.7780e-02 -2.390e-04 -7.700e-04  5.300e-04 -8.600e-04  8.000e-05 -7.900e-06 -7.000e-04 -1.000e-06  1.000e-06
 5.5560e-02 -4.720e-04 -1.520e-03  1.050e-03 -1.700e-03  1.600e-04 -1.570e-05 -1.400e-03 -2.000e-06  2.000e-06
 8.3330e-02 -6.980e-04 -2.250e-03  1.560e-03 -2.510e-03  2.400e-04 -2.320e-05 -2.000e-03 -3.000e-06  3.000e-06
 1.1110e-01 -9.180e-04 -2.940e-03  2.050e-03 -3.300e-03  3.100e-04 -3.060e-05 -2.700e-03 -4.000e-06  4.000e-06
 1.3890e-01 -1.132e-03 -3.610e-03  2.540e-03 -4.070e-03  3.800e-04 -3.780e-05 -3.300e-03 -4.000e-06  5.000e-06
 1.6670e-01 -1.340e-03 -4.260e-03  3.010e-03 -4.810e-03  4.400e-04 -4.480e-05 -4.000e-03 -4.000e-06  6.000e-06
 1.9440e-01 -1.542e-03 -4.890e-03  3.470e-03 -5.540e-03  5.000e-04 -5.170e-05 -4.600e-03 -5.000e-06  7.000e-06
 2.2220e-01 -1.738e-03 -5.490e-03  3.920e-03 -6.240e-03  5.600e-04 -5.840e-05 -5.200e-03 -5.000e-06  8.000e-06
 2.5000e-01 -1.929e-03 -6.080e-03  4.360e-03 -6.930e-03  6.200e-04 -6.490e-05 -5.800e-03 -6.000e-06  9.000e-06
 2.7780e-01 -2.115e-03 -6.640e-03  4.790e-03 -7.590e-03  6.700e-04 -7.140e-05 -6.400e-03 -7.000e-06  1.000e-05
 3.0560e-01 -2.295e-03 -7.190e-03  5.210e-03 -8.240e-03  7.200e-04 -7.770e-05 -7.000e-03 -7.000e-06  1.100e-05
 3.3330e-01 -2.470e-03 -7.720e-03  5.620e-03 -8.870e-03  7.700e-04 -8.380e-05 -7.500e-03 -8.000e-06  1.100e-05
 3.6110e-01 -2.641e-03 -8.230e-03  6.020e-03 -9.480e-03  8.200e-04 -8.980e-05 -8.100e-03 -8.000e-06  1.200e-05
 3.8890e-01 -2.806e-03 -8.730e-03  6.420e-03 -1.008e-02  8.700e-04 -9.570e-05 -8.600e-03 -9.000e-06  1.300e-05
 4.1670e-01 -2.967e-03 -9.210e-03  6.800e-03 -1.066e-02  9.100e-04 -1.014e-04 -9.100e-03 -1.000e-05  1.400e-05
 4.4440e-01 -3.124e-03 -9.670e-03  7.170e-03 -1.122e-02  9.500e-04 -1.070e-04 -9.700e-03 -1.000e-05  1.400e-05
 4.7220e-01 -3.276e-03 -1.012e-02  7.540e-03 -1.177e-02  9.900e-04 -1.125e-04 -1.020e-02 -1.100e-05  1.500e-05
 5.0000e-01 -3.424e-03 -1.056e-02  7.900e-03 -1.231e-02  1.030e-03 -1.179e-04 -1.070e-02 -1.200e-05  1.500e-05
 5.2780e-01 -3.567e-03 -1.098e-02  8.240e-03 -1.283e-02  1.070e-03 -1.231e-04 -1.120e-02 -1.200e-05  1.600e-05
 5.5560e-01 -3.707e-03 -1.139e-02  8.590e-03 -1.334e-02  1.100e-03 -1.283e-04 -1.170e-02 -1.300e-05  1.700e-05
 5.8330e-01 -3.842e-03 -1.179e-02  8.920e-03 -1.383e-02  1.140e-03 -1.333e-04 -1.210e-02 -1.300e-05  1.700e-05
 6.1110e-01 -3.974e-03 -1.218e-02  9.250e-03 -1.431e-02  1.170e-03 -1.382e-04 -1.260e-02 -1.400e-05  1.800e-05
 6.3890e-01 -4.102e-03 -1.256e-02  9.560e-03 -1.478e-02  1.200e-03 -1.430e-04 -1.310e-02 -1.500e-05  1.900e-05
 6.6670e-01 -4.226e-03 -1.292e-02  9.870e-03 -1.524e-02  1.230e-03 -1.477e-04 -1.350e-02 -1.600e-05  1.900e-05
 6.9440e-01 -4.346e-03 -1.328e-02  1.018e-02 -1.569e-02  1.260e-03 -1.523e-04 -1.400e-02 -1.600e-05  2.000e-05
 7.2220e-01 -4.463e-03 -1.362e-02  1.048e-02 -1.612e-02  1.290e-03 -1.568e-04 -1.440e-02 -1.700e-05  2.100e-05
 7.5000e-01 -4.576e-03 -1.396e-02  1.077e-02 -1.655e-02  1.320e-03 -1.612e-04 -1.480e-02 -1.800e-05  2.100e-05
 7.7780e-01 -4.686e-03 -1.428e-02  1.105e-02 -1.696e-02  1.350e-03 -1.655e-04 -1.520e-02 -1.900e-05  2.100e-05
 8.0560e-01 -4.793e-03 -1.460e-02  1.133e-02 -1.736e-02  1.370e-03 -1.697e-04 -1.560e-02 -2.000e-05  2.200e-05
 8.3330e-01 -4.897e-03 -1.491e-02  1.160e-02 -1.775e-02  1.400e-03 -1.738e-04 -1.600e-02 -2.000e-05  2.200e-05
 8.6110e-01 -4.997e-03 -1.521e-02  1.186e-02 -1.814e-02  1.420e-03 -1.778e-04 -1.640e-02 -2.100e-05  2.300e-05
 8.8890e-01 -5.094e-03 -1.550e-02  1.212e-02 -1.851e-02  1.450e-03 -1.817e-04 -1.680e-02 -2.200e-05  2.300e-05
 9.1670e-01 -5.188e-03 -1.578e-02  1.237e-02 -1.887e-02  1.470e-03 -1.856e-04 -1.720e-02 -2.200e-05  2.300e-05
 9.4440e-01 -5.280e-03 -1.606e-02  1.262e-02 -1.923e-02  1.490e-03 -1.894e-04 -1.760e-02 -2.300e-05  2.400e-05
 9.7220e-01 -5.368e-03 -1.633e-02  1.286e-02 -1.958e-02  1.520e-03 -1.931e-04 -1.790e-02 -2.400e-05  2.400e-05
 1.0000e+00 -5.454e-03 -1.659e-02  1.310e-02 -1.992e-02  1.540e-03 -1.967e-04 -1.830e-02 -2.500e-05  2.500e-05
 1.0280e+00 -5.536e-03 -1.685e-02  1.333e-02 -2.025e-02  1.560e-03 -2.002e-04 -1.860e-02 -2.600e-05  2.500e-05
 1.0560e+00 -5.616e-03 -1.710e-02  1.355e-02 -2.057e-02  1.580e-03 -2.037e-04 -1.900e-02 -2.600e-05  2.500e-05
 1.0830e+00 -5.694e-03 -1.734e-02  1.377e-02 -2.088e-02  1.600e-03 -2.070e-04 -1.930e-02 -2.700e-05  2.500e-05
 1.1110e+00 -5.769e-03 -1.758e-02  1.399e-02 -2.119e-02  1.620e-03 -2.103e-04 -1.970e-02 -2.800e-05  2.500e-05
 1.1390e+00 -5.841e-03 -1.781e-02  1.420e-02 -2.149e-02  1.640e-03 -2.136e-04 -2.000e-02 -2.900e-05  2.600e-05
 1.1670e+00 -5.911e-03 -1.804e-02  1.440e-02 -2.178e-02  1.660e-03 -2.167e-04 -2.030e-02 -3.000e-05  2.600e-05
 1.1940e+00 -5.979e-03 -1.826e-02  1.460e-02 -2.207e-02  1.680e-03 -2.198e-04 -2.060e-02 -3.000e-05  2.600e-05
 1.2220e+00 -6.044e-03 -1.848e-02  1.480e-02 -2.235e-02  1.700e-03 -2.229e-04 -2.090e-02 -3.100e-05  2.600e-05
 1.2500e+00 -6.107e-03 -1.869e-02  1.499e-02 -2.262e-02  1.720e-03 -2.258e-04 -2.120e-02 -3.200e-05  2.700e-05
 1.2780e+00 -6.167e-03 -1.889e-02  1.517e-02 -2.288e-02  1.730e-03 -2.287e-04 -2.150e-02 -3.300e-05  2.700e-05
 1.3060e+00 -6.226e-03 -1.909e-02  1.536e-02 -2.314e-02  1.750e-03 -2.316e-04 -2.180e-02 -3.400e-05  2.700e-05
 1.3330e+00 -6.282e-03 -1.929e-02  1.553e-02 -2.340e-02  1.770e-03 -2.344e-04 -2.210e-02 -3.500e-05  2.700e-05
 1.3610e+00 -6.336e-03 -1.948e-02  1.571e-02 -2.364e-02  1.790e-03 -2.371e-04 -2.240e-02 -3.600e-05  2.700e-05
 1.3890e+00 -6.388e-03 -1.967e-02  1.588e-02 -2.389e-02  1.800e-03 -2.398e-04 -2.260e-02 -3.600e-05  2.700e-05
 1.4170e+00 -6.438e-03 -1.985e-02  1.604e-02 -2.412e-02  1.820e-03 -2.424e-04 -2.290e-02 -3.700e-05  2.700e-05
 1.4440e+00 -6.486e-03 -2.003e-02  1.621e-02 -2.435e-02  1.840e-03 -2.449e-04 -2.320e-02 -3.800e-05  2.700e-05
 1.4720e+00 -6.532e-03 -2.021e-02  1.636e-02 -2.458e-02  1.850e-03 -2.475e-04 -2.340e-02 -3.900e-05  2.700e-05
 1.5000e+00 -6.576e-03 -2.038e-02  1.652e-02 -2.480e-02  1.870e-03 -2.499e-04 -2.370e-02 -3.900e-05  2.700e-05
 1.5280e+00 -6.619e-03 -2.055e-02  1.667e-02 -2.501e-02  1.890e-03 -2.523e-04 -2.390e-02 -4.000e-05  2.700e-05
 1.5560e+00 -6.659e-03 -2.071e-02  1.682e-02 -2.523e-02  1.900e-03 -2.546e-04 -2.420e-02 -4.100e-05  2.700e-05
 1.5830e+00 -6.698e-03 -2.087e-02  1.696e-02 -2.543e-02  1.920e-03 -2.569e-04 -2.440e-02 -4.200e-05  2.700e-05
 1.6110e+00 -6.735e-03 -2.103e-02  1.710e-02 -2.563e-02  1.930e-03 -2.591e-04 -2.460e-02 -4.300e-05  2.700e-05
 1.6390e+00 -6.771e-03 -2.118e-02  1.724e-02 -2.583e-02  1.950e-03 -2.613e-04 -2.490e-02 -4.400e-05  2.700e-05
 1.6670e+00 -6.805e-03 -2.133e-02  1.737e-02 -2.602e-02  1.960e-03 -2.635e-04 -2.510e-02 -4.500e-05  2.700e-05
 1.6940e+00 -6.837e-03 -2.148e-02  1.750e-02 -2.621e-02  1.980e-03 -2.656e-04 -2.530e-02 -4.600e-05  2.700e-05
 1.7220e+00 -6.867e-03 -2.163e-02  1.763e-02 -2.639e-02  1.990e-03 -2.676e-04 -2.550e-02 -4.700e-05  2.700e-05
 1.7500e+00 -6.896e-03 -2.177e-02  1.775e-02 -2.657e-02  2.010e-03 -2.696e-04 -2.570e-02 -4.700e-05  2.700e-05
 1.7780e+00 -6.924e-03 -2.191e-02  1.787e-02 -2.675e-02  2.020e-03 -2.716e-04 -2.590e-02 -4.800e-05  2.700e-05
 1.8060e+00 -6.950e-03 -2.204e-02  1.799e-02 -2.692e-02  2.040e-03 -2.734e-04 -2.610e-02 -4.900e-05  2.700e-05
 1.8330e+00 -6.974e-03 -2.218e-02  1.811e-02 -2.709e-02  2.050e-03 -2.753e-04 -2.630e-02 -5.000e-05  2.700e-05
 1.8610e+00 -6.998e-03 -2.231e-02  1.822e-02 -2.725e-02  2.070e-03 -2.772e-04 -2.650e-02 -5.100e-05  2.600e-05
 1.8890e+00 -7.019e-03 -2.244e-02  1.833e-02 -2.741e-02  2.080e-03 -2.789e-04 -2.670e-02 -5.200e-05  2.600e-05
 1.9170e+00 -7.040e-03 -2.256e-02  1.844e-02 -2.757e-02  2.090e-03 -2.807e-04 -2.690e-02 -5.300e-05  2.600e-05
 1.9440e+00 -7.059e-03 -2.268e-02  1.854e-02 -2.772e-02  2.110e-03 -2.825e-04 -2.710e-02 -5.400e-05  2.600e-05
 1.9720e+00 -7.077e-03 -2.281e-02  1.865e-02 -2.787e-02  2.120e-03 -2.841e-04 -2.730e-02 -5.400e-05  2.600e-05
 2.0000e+00 -7.093e-03 -2.292e-02  1.874e-02 -2.802e-02  2.140e-03 -2.858e-04 -2.740e-02 -5.500e-05  2.600e-05
 2.0280e+00 -7.108e-03 -2.304e-02  1.884e-02 -2.816e-02  2.150e-03 -2.874e-04 -2.760e-02 -5.600e-05  2.600e-05
 2.0560e+00 -7.122e-03 -2.315e-02  1.894e-02 -2.830e-02  2.160e-03 -2.890e-04 -2.780e-02 -5.700e-05  2.500e-05
 2.0830e+00 -7.135e-03 -2.327e-02  1.903e-02 -2.844e-02  2.180e-03 -2.906e-04 -2.800e-02 -5.700e-05  2.600e-05
 2.1110e+00 -7.147e-03 -2.338e-02  1.912e-02 -2.858e-02  2.190e-03 -2.922e-04 -2.810e-02 -5.800e-05  2.500e-05
 2.1390e+00 -7.157e-03 -2.348e-02  1.921e-02 -2.871e-02  2.200e-03 -2.937e-04 -2.830e-02 -5.900e-05  2.600e-05
 2.1670e+00 -7.167e-03 -2.359e-02  1.929e-02 -2.884e-02  2.220e-03 -2.951e-04 -2.840e-02 -6.000e-05  2.500e-05
 2.1940e+00 -7.175e-03 -2.369e-02  1.938e-02 -2.896e-02  2.230e-03 -2.966e-04 -2.860e-02 -6.100e-05  2.500e-05
 2.2220e+00 -7.182e-03 -2.380e-02  1.946e-02 -2.909e-02  2.240e-03 -2.980e-04 -2.870e-02 -6.200e-05  2.400e-05
 2.2500e+00 -7.189e-03 -2.390e-02  1.954e-02 -2.921e-02  2.260e-03 -2.994e-04 -2.890e-02 -6.200e-05  2.400e-05
 2.2780e+00 -7.194e-03 -2.399e-02  1.961e-02 -2.933e-02  2.270e-03 -3.007e-04 -2.900e-02 -6.300e-05  2.400e-05
 2.3060e+00 -7.198e-03 -2.409e-02  1.969e-02 -2.944e-02  2.280e-03 -3.020e-04 -2.920e-02 -6.400e-05  2.400e-05
 2.3330e+00 -7.201e-03 -2.419e-02  1.976e-02 -2.956e-02  2.290e-03 -3.033e-04 -2.930e-02 -6.500e-05  2.300e-05
 2.3610e+00 -7.203e-03 -2.428e-02  1.983e-02 -2.967e-02  2.310e-03 -3.047e-04 -2.940e-02 -6.600e-05  2.300e-05
 2.3890e+00 -7.205e-03 -2.437e-02  1.990e-02 -2.978e-02  2.320e-03 -3.059e-04 -2.960e-02 -6.700e-05  2.300e-05
 2.4170e+00 -7.205e-03 -2.446e-02  1.997e-02 -2.989e-02  2.330e-03 -3.071e-04 -2.970e-02 -6.800e-05  2.200e-05
 2.4440e+00 -7.205e-03 -2.455e-02  2.004e-02 -2.999e-02  2.340e-03 -3.084e-04 -2.980e-02 -6.800e-05  2.200e-05
 2.4720e+00 -7.203e-03 -2.463e-02  2.010e-02 -3.009e-02  2.360e-03 -3.095e-04 -3.000e-02 -6.900e-05  2.200e-05
 2.5000e+00 -7.201e-03 -2.472e-02  2.016e-02 -3.019e-02  2.370e-03 -3.107e-04 -3.010e-02 -7.000e-05  2.200e-05
 2.5280e+00 -7.198e-03 -2.480e-02  2.022e-02 -3.029e-02  2.380e-03 -3.118e-04 -3.020e-02 -7.100e-05  2.100e-05
 2.5560e+00 -7.194e-03 -2.489e-02  2.028e-02 -3.039e-02  2.390e-03 -3.128e-04 -3.030e-02 -7.100e-05  2.100e-05
 2.5830e+00 -7.189e-03 -2.497e-02  2.034e-02 -3.048e-02  2.410e-03 -3.140e-04 -3.040e-02 -7.200e-05  2.100e-05
 2.6110e+00 -7.184e-03 -2.505e-02  2.040e-02 -3.057e-02  2.420e-03 -3.151e-04 -3.050e-02 -7.300e-05  2.100e-05
 2.6390e+00 -7.177e-03 -2.512e-02  2.045e-02 -3.066e-02  2.430e-03 -3.161e-04 -3.070e-02 -7.400e-05  2.100e-05
 2.6670e+00 -7.170e-03 -2.520e-02  2.050e-02 -3.075e-02  2.440e-03 -3.171e-04 -3.080e-02 -7.500e-05  2.100e-05
 2.6940e+00 -7.162e-03 -2.528e-02  2.055e-02 -3.084e-02  2.450e-03 -3.181e-04 -3.090e-02 -7.500e-05  2.100e-05
 2.7220e+00 -7.154e-03 -2.535e-02  2.060e-02 -3.092e-02  2.460e-03 -3.190e-04 -3.100e-02 -7.600e-05  2.000e-05
 2.7500e+00 -7.144e-03 -2.542e-02  2.065e-02 -3.101e-02  2.480e-03 -3.200e-04 -3.110e-02 -7.700e-05  2.000e-05
 2.7780e+00 -7.134e-03 -2.550e-02  2.070e-02 -3.109e-02  2.490e-03 -3.209e-04 -3.120e-02 -7.800e-05  2.000e-05
 2.8060e+00 -7.124e-03 -2.557e-02  2.075e-02 -3.117e-02  2.500e-03 -3.218e-04 -3.130e-02 -7.900e-05  1.900e-05
 2.8330e+00 -7.112e-03 -2.564e-02  2.079e-02 -3.125e-02  2.510e-03 -3.228e-04 -3.140e-02 -8.000e-05  1.800e-05
 2.8610e+00 -7.100e-03 -2.570e-02  2.083e-02 -3.133e-02  2.520e-03 -3.236e-04 -3.150e-02 -8.000e-05  1.800e-05
 2.8890e+00 -7.088e-03 -2.577e-02  2.088e-02 -3.140e-02  2.530e-03 -3.245e-04 -3.160e-02 -8.100e-05  1.700e-05
 2.9170e+00 -7.075e-03 -2.584e-02  2.092e-02 -3.148e-02  2.540e-03 -3.253e-04 -3.170e-02 -8.200e-05  1.700e-05
 2.9440e+00 -7.061e-03 -2.590e-02  2.096e-02 -3.155e-02  2.550e-03 -3.261e-04 -3.170e-02 -8.300e-05  1.700e-05
 2.9720e+00 -7.046e-03 -2.596e-02  2.099e-02 -3.162e-02  2.570e-03 -3.269e-04 -3.180e-02 -8.400e-05  1.700e-05
 3.0000e+00 -7.031e-03 -2.603e-02  2.103e-02 -3.169e-02  2.580e-03 -3.278e-04 -3.190e-02 -8.400e-05  1.600e-05
