#         t         u1         u2         u3        s11        s12        s13        s22        s23        s33
 0.0000e+00  0.000e+00  0.000e+00  0.000e+00  0.000e+00  0.000e+00  0.000e+00  0.000e+00  0.000e+00  0.000e+00
 2.7780e-02  6.700e-05 -4.100e-04  2.190e-04 -2.100e-05  7.600e-05  3.900e-07 -1.800e-04 -6.000e-08  3.600e-06
 5.5560e-02  1.300e-04 -7.900e-04  4.360e-04 -4.300e-05  1.470e-04  7.700e-07 -3.400e-04 -8.000e-08  7.300e-06
 8.3330e-02  1.900e-04 -1.160e-03  6.500e-04 -6.600e-05  2.120e-04  1.120e-06 -5.100e-04 -1.000e-07  1.100e-05
 1.1110e-01  2.460e-04 -1.510e-03  8.630e-04 -9.000e-05  2.720e-04  1.420e-06 -6.600e-04  2.000e-08  1.470e-05
 1.3890e-01  2.990e-04 -1.840e-03  1.074e-03 -1.150e-04  3.270e-04  1.690e-06 -8.200e-04  1.300e-07  1.840e-05
 1.6670e-01  3.490e-04 -2.160e-03  1.283e-03 -1.420e-04  3.780e-04  1.940e-06 -9.600e-04  2.300e-07  2.210e-05
 1.9440e-01  3.950e-04 -2.470e-03  1.491e-03 -1.700e-04  4.240e-04  2.160e-06 -1.100e-03  3.400e-07  2.580e-05
 2.2220e-01  4.390e-04 -2.760e-03  1.697e-03 -2.000e-04  4.660e-04  2.340e-06 -1.240e-03  5.200e-07  2.960e-05
 2.5000e-01  4.800e-04 -3.040e-03  1.902e-03 -2.300e-04  5.040e-04  2.510e-06 -1.370e-03  7.900e-07  3.330e-05
 2.7780e-01  5.180e-04 -3.300e-03  2.105e-03 -2.620e-04  5.380e-04  2.650e-06 -1.500e-03  9.400e-07  3.710e-05
 3.0560e-01  5.540e-04 -3.550e-03  2.308e-03 -2.950e-04  5.690e-04  2.760e-06 -1.630e-03  1.140e-06  4.090e-05
 3.3330e-01  5.870e-04 -3.800e-03  2.509e-03 -3.290e-04  5.960e-04  2.870e-06 -1.750e-03  1.500e-06  4.470e-05
 3.6110e-01  6.180e-04 -4.030e-03  2.709e-03 -3.640e-04  6.200e-04  2.950e-06 -1.870e-03  1.810e-06  4.850e-05
 3.8890e-01  6.470e-04 -4.250e-03  2.908e-03 -4.010e-04  6.410e-04  3.010e-06 -1.990e-03  2.080e-06  5.230e-05
 4.1670e-01  6.740e-04 -4.460e-03  3.106e-03 -4.380e-04  6.590e-04  3.050e-06 -2.100e-03  2.410e-06  5.600e-05
 4.4440e-01  7.000e-04 -4.660e-03  3.303e-03 -4.760e-04  6.740e-04  3.080e-06 -2.210e-03  2.780e-06  5.980e-05
 4.7220e-01  7.230e-04 -4.850e-03  3.499e-03 -5.160e-04  6.870e-04  3.050e-06 -2.320e-03  3.130e-06  6.350e-05
 5.0000e-01  7.450e-04 -5.030e-03  3.694e-03 -5.560e-04  6.970e-04  3.040e-06 -2.430e-03  3.530e-06  6.740e-05
 5.2780e-01  7.650e-04 -5.210e-03  3.888e-03 -5.970e-04  7.050e-04  3.020e-06 -2.530e-03  3.970e-06  7.110e-05
 5.5560e-01  7.830e-04 -5.370e-03  4.081e-03 -6.390e-04  7.110e-04  2.970e-06 -2.630e-03  4.410e-06  7.480e-05
 5.8330e-01  8.010e-04 -5.530e-03  4.274e-03 -6.820e-04  7.140e-04  2.890e-06 -2.740e-03  4.830e-06  7.850e-05
 6.1110e-01  8.170e-04 -5.680e-03  4.465e-03 -7.250e-04  7.160e-04  2.800e-06 -2.830e-03  5.320e-06  8.230e-05
 6.3890e-01  8.320e-04 -5.830e-03  4.656e-03 -7.690e-04  7.150e-04  2.720e-06 -2.930e-03  5.780e-06  8.608e-05
 6.6670e-01  8.450e-04 -5.960e-03  4.846e-03 -8.140e-04  7.130e-04  2.610e-06 -3.030e-03  6.250e-06  8.979e-05
 6.9440e-01  8.580e-04 -6.090e-03  5.035e-03 -8.600e-04  7.100e-04  2.490e-06 -3.120e-03  6.710e-06  9.347e-05
 7.2220e-01  8.700e-04 -6.220e-03  5.223e-03 -9.060e-04  7.050e-04  2.370e-06 -3.210e-03  7.200e-06  9.710e-05
 7.5000e-01  8.800e-04 -6.340e-03  5.410e-03 -9.530e-04  6.980e-04  2.230e-06 -3.310e-03  7.620e-06  1.008e-04
 7.7780e-01  8.900e-04 -6.450e-03  5.600e-03 -1.000e-03  6.900e-04  2.050e-06 -3.400e-03  8.160e-06  1.045e-04
 8.0560e-01  9.000e-04 -6.550e-03  5.780e-03 -1.048e-03  6.810e-04  1.880e-06 -3.490e-03  8.620e-06  1.082e-04
 8.3330e-01  9.080e-04 -6.660e-03  5.970e-03 -1.096e-03  6.700e-04  1.700e-06 -3.570e-03  9.160e-06  1.119e-04
 8.6110e-01  9.160e-04 -6.750e-03  6.150e-03 -1.145e-03  6.580e-04  1.520e-06 -3.660e-03  9.650e-06  1.155e-04
 8.8890e-01  9.240e-04 -6.850e-03  6.330e-03 -1.194e-03  6.460e-04  1.320e-06 -3.750e-03  1.021e-05  1.192e-04
 9.1670e-01  9.310e-04 -6.930e-03  6.520e-03 -1.243e-03  6.320e-04  1.110e-06 -3.830e-03  1.074e-05  1.230e-04
 9.4440e-01  9.370e-04 -7.020e-03  6.700e-03 -1.293e-03  6.180e-04  8.900e-07 -3.920e-03  1.128e-05  1.268e-04
 9.7220e-01  9.430e-04 -7.090e-03  6.880e-03 -1.343e-03  6.020e-04  6.700e-07 -4.000e-03  1.184e-05  1.304e-04
 1.0000e+00  9.490e-04 -7.170e-03  7.060e-03 -1.393e-03  5.860e-04  4.300e-07 -4.090e-03  1.240e-05  1.341e-04
 1.0280e+00  9.540e-04 -7.240e-03  7.240e-03 -1.443e-03  5.690e-04  2.000e-07 -4.170e-03  1.289e-05  1.377e-04
 1.0560e+00  9.590e-04 -7.310e-03  7.420e-03 -1.494e-03  5.510e-04 -3.000e-08 -4.250e-03  1.342e-05  1.414e-04
 1.0830e+00  9.640e-04 -7.370e-03  7.590e-03 -1.545e-03  5.330e-04 -2.800e-07 -4.330e-03  1.400e-05  1.449e-04
 1.1110e+00  9.690e-04 -7.430e-03  7.770e-03 -1.596e-03  5.140e-04 -5.400e-07 -4.410e-03  1.465e-05  1.484e-04
 1.1390e+00  9.730e-04 -7.490e-03  7.940e-03 -1.647e-03  4.940e-04 -8.000e-07 -4.490e-03  1.528e-05  1.521e-04
 1.1670e+00  9.780e-04 -7.540e-03  8.120e-03 -1.698e-03  4.740e-04 -1.060e-06 -4.570e-03  1.580e-05  1.556e-04
 1.1940e+00  9.820e-04 -7.590e-03  8.290e-03 -1.750e-03  4.540e-04 -1.320e-06 -4.650e-03  1.633e-05  1.591e-04
 1.2220e+00  9.870e-04 -7.640e-03  8.470e-03 -1.801e-03  4.330e-04 -1.590e-06 -4.730e-03  1.698e-05  1.627e-04
 1.2500e+00  9.910e-04 -7.680e-03  8.640e-03 -1.852e-03  4.120e-04 -1.880e-06 -4.810e-03  1.756e-05  1.662e-04
 1.2780e+00  9.950e-04 -7.730e-03  8.810e-03 -1.904e-03  3.900e-04 -2.160e-06 -4.880e-03  1.817e-05  1.697e-04
 1.3060e+00  9.990e-04 -7.760e-03  8.980e-03 -1.955e-03  3.680e-04 -2.450e-06 -4.960e-03  1.875e-05  1.732e-04
 1.3330e+00  1.004e-03 -7.800e-03  9.150e-03 -2.007e-03  3.460e-04 -2.730e-06 -5.040e-03  1.929e-05  1.767e-04
 1.3610e+00  1.008e-03 -7.840e-03  9.320e-03 -2.058e-03  3.240e-04 -3.020e-06 -5.110e-03  1.989e-05  1.800e-04
 1.3890e+00  1.013e-03 -7.870e-03  9.480e-03 -2.109e-03  3.010e-04 -3.330e-06 -5.190e-03  2.048e-05  1.834e-04
 1.4170e+00  1.017e-03 -7.900e-03  9.650e-03 -2.161e-03  2.790e-04 -3.630e-06 -5.270e-03  2.108e-05  1.869e-04
 1.4440e+00  1.022e-03 -7.930e-03  9.820e-03 -2.212e-03  2.560e-04 -3.920e-06 -5.340e-03  2.171e-05  1.902e-04
 1.4720e+00  1.027e-03 -7.960e-03  9.980e-03 -2.263e-03  2.330e-04 -4.200e-06 -5.420e-03  2.227e-05  1.936e-04
 1.5000e+00  1.032e-03 -7.980e-03  1.014e-02 -2.314e-03  2.090e-04 -4.490e-06 -5.490e-03  2.287e-05  1.969e-04
 1.5280e+00  1.037e-03 -8.000e-03  1.031e-02 -2.365e-03  1.860e-04 -4.800e-06 -5.560e-03  2.343e-05  2.003e-04
 1.5560e+00  1.043e-03 -8.020e-03  1.047e-02 -2.415e-03  1.630e-04 -5.120e-06 -5.640e-03  2.397e-05  2.036e-04
 1.5830e+00  1.048e-03 -8.040e-03  1.063e-02 -2.466e-03  1.390e-04 -5.410e-06 -5.710e-03  2.450e-05  2.070e-04
 1.6110e+00  1.054e-03 -8.060e-03  1.079e-02 -2.516e-03  1.160e-04 -5.720e-06 -5.780e-03  2.504e-05  2.102e-04
 1.6390e+00  1.060e-03 -8.080e-03  1.095e-02 -2.566e-03  9.200e-05 -6.030e-06 -5.860e-03  2.557e-05  2.135e-04
 1.6670e+00  1.067e-03 -8.090e-03  1.111e-02 -2.616e-03  6.900e-05 -6.340e-06 -5.930e-03  2.613e-05  2.167e-04
 1.6940e+00  1.073e-03 -8.110e-03  1.127e-02 -2.666e-03  4.500e-05 -6.660e-06 -6.000e-03  2.672e-05  2.199e-04
 1.7220e+00  1.080e-03 -8.120e-03  1.142e-02 -2.716e-03  2.200e-05 -7.000e-06 -6.070e-03  2.730e-05  2.230e-04
 1.7500e+00  1.087e-03 -8.130e-03  1.158e-02 -2.765e-03 -1.000e-06 -7.330e-06 -6.150e-03  2.781e-05  2.263e-04
 1.7780e+00  1.095e-03 -8.140e-03  1.173e-02 -2.815e-03 -2.500e-05 -7.610e-06 -6.220e-03  2.827e-05  2.295e-04
 1.8060e+00  1.103e-03 -8.150e-03  1.188e-02 -2.864e-03 -4.800e-05 -7.950e-06 -6.290e-03  2.883e-05  2.325e-04
 1.8330e+00  1.111e-03 -8.150e-03  1.204e-02 -2.912e-03 -7.100e-05 -8.290e-06 -6.360e-03  2.930e-05  2.357e-04
 1.8610e+00  1.119e-03 -8.160e-03  1.219e-02 -2.961e-03 -9.400e-05 -8.580e-06 -6.430e-03  2.986e-05  2.391e-04
 1.8890e+00  1.128e-03 -8.160e-03  1.234e-02 -3.009e-03 -1.170e-04 -8.870e-06 -6.500e-03  3.046e-05  2.420e-04
 1.9170e+00  1.137e-03 -8.170e-03  1.249e-02 -3.057e-03 -1.400e-04 -9.160e-06 -6.570e-03  3.098e-05  2.448e-04
 1.9440e+00  1.146e-03 -8.170e-03  1.264e-02 -3.105e-03 -1.630e-04 -9.450e-06 -6.640e-03  3.153e-05  2.481e-04
 1.9720e+00  1.156e-03 -8.170e-03  1.279e-02 -3.153e-03 -1.850e-04 -9.780e-06 -6.710e-03  3.205e-05  2.513e-04
 2.0000e+00  1.166e-03 -8.180e-03  1.293e-02 -3.200e-03 -2.080e-04 -1.009e-05 -6.780e-03  3.256e-05  2.543e-04
 2.0280e+00  1.176e-03 -8.180e-03  1.308e-02 -3.247e-03 -2.300e-04 -1.038e-05 -6.850e-03  3.302e-05  2.573e-04
 2.0560e+00  1.186e-03 -8.180e-03  1.322e-02 -3.294e-03 -2.520e-04 -1.066e-05 -6.910e-03  3.358e-05  2.601e-04
 2.0830e+00  1.197e-03 -8.180e-03  1.337e-02 -3.340e-03 -2.740e-04 -1.097e-05 -6.980e-03  3.405e-05  2.632e-04
 2.1110e+00  1.209e-03 -8.170e-03  1.351e-02 -3.386e-03 -2.960e-04 -1.127e-05 -7.050e-03  3.456e-05  2.660e-04
 2.1390e+00  1.220e-03 -8.170e-03  1.365e-02 -3.432e-03 -3.170e-04 -1.153e-05 -7.120e-03  3.507e-05  2.691e-04
 2.1670e+00  1.232e-03 -8.170e-03  1.379e-02 -3.478e-03 -3.390e-04 -1.187e-05 -7.190e-03  3.563e-05  2.721e-04
 2.1940e+00  1.244e-03 -8.170e-03  1.393e-02 -3.523e-03 -3.600e-04 -1.214e-05 -7.250e-03  3.605e-05  2.749e-04
 2.2220e+00  1.257e-03 -8.160e-03  1.407e-02 -3.568e-03 -3.810e-04 -1.242e-05 -7.320e-03  3.652e-05  2.776e-04
 2.2500e+00  1.270e-03 -8.160e-03  1.421e-02 -3.613e-03 -4.020e-04 -1.271e-05 -7.390e-03  3.703e-05  2.806e-04
 2.2780e+00  1.283e-03 -8.150e-03  1.435e-02 -3.657e-03 -4.230e-04 -1.301e-05 -7.450e-03  3.745e-05  2.834e-04
 2.3060e+00  1.297e-03 -8.150e-03  1.448e-02 -3.701e-03 -4.430e-04 -1.328e-05 -7.520e-03  3.796e-05  2.861e-04
 2.3330e+00  1.311e-03 -8.140e-03  1.462e-02 -3.745e-03 -4.640e-04 -1.361e-05 -7.580e-03  3.838e-05  2.890e-04
 2.3610e+00  1.325e-03 -8.130e-03  1.475e-02 -3.789e-03 -4.840e-04 -1.388e-05 -7.650e-03  3.880e-05  2.918e-04
 2.3890e+00  1.340e-03 -8.130e-03  1.489e-02 -3.832e-03 -5.040e-04 -1.416e-05 -7.710e-03  3.926e-05  2.946e-04
 2.4170e+00  1.355e-03 -8.120e-03  1.502e-02 -3.875e-03 -5.240e-04 -1.449e-05 -7.780e-03  3.973e-05  2.971e-04
 2.4440e+00  1.370e-03 -8.110e-03  1.515e-02 -3.918e-03 -5.430e-04 -1.476e-05 -7.840e-03  4.020e-05  2.996e-04
 2.4720e+00  1.386e-03 -8.100e-03  1.528e-02 -3.960e-03 -5.630e-04 -1.507e-05 -7.910e-03  4.057e-05  3.023e-04
 2.5000e+00  1.401e-03 -8.090e-03  1.541e-02 -4.002e-03 -5.820e-04 -1.537e-05 -7.970e-03  4.103e-05  3.048e-04
 2.5280e+00  1.418e-03 -8.090e-03  1.554e-02 -4.044e-03 -6.010e-04 -1.565e-05 -8.040e-03  4.136e-05  3.076e-04
 2.5560e+00  1.434e-03 -8.080e-03  1.567e-02 -4.086e-03 -6.190e-04 -1.592e-05 -8.100e-03  4.183e-05  3.103e-04
 2.5830e+00  1.451e-03 -8.070e-03  1.580e-02 -4.127e-03 -6.380e-04 -1.622e-05 -8.160e-03  4.224e-05  3.129e-04
 2.6110e+00  1.469e-03 -8.060e-03  1.592e-02 -4.168e-03 -6.560e-04 -1.649e-05 -8.220e-03  4.257e-05  3.153e-04
 2.6390e+00  1.486e-03 -8.050e-03  1.605e-02 -4.208e-03 -6.740e-04 -1.674e-05 -8.290e-03  4.294e-05  3.180e-04
 2.6670e+00  1.504e-03 -8.040e-03  1.617e-02 -4.248e-03 -6.920e-04 -1.702e-05 -8.350e-03  4.341e-05  3.206e-04
 2.6940e+00  1.522e-03 -8.020e-03  1.630e-02 -4.288e-03 -7.100e-04 -1.731e-05 -8.410e-03  4.378e-05  3.231e-04
 2.7220e+00  1.541e-03 -8.010e-03  1.642e-02 -4.328e-03 -7.270e-04 -1.756e-05 -8.470e-03  4.415e-05  3.254e-04
 2.7500e+00  1.560e-03 -8.000e-03  1.654e-02 -4.367e-03 -7.440e-04 -1.783e-05 -8.530e-03  4.457e-05  3.280e-04
 2.7780e+00  1.579e-03 -7.990e-03  1.666e-02 -4.406e-03 -7.610e-04 -1.811e-05 -8.600e-03  4.495e-05  3.305e-04
 2.8060e+00  1.599e-03 -7.980e-03  1.678e-02 -4.445e-03 -7.780e-04 -1.839e-05 -8.660e-03  4.536e-05  3.332e-04
 2.8330e+00  1.618e-03 -7.970e-03  1.690e-02 -4.483e-03 -7.950e-04 -1.868e-05 -8.720e-03  4.574e-05  3.354e-04
 2.8610e+00  1.639e-03 -7.960e-03  1.702e-02 -4.522e-03 -8.110e-04 -1.893e-05 -8.780e-03  4.611e-05  3.379e-04
 2.8890e+00  1.659e-03 -7.940e-03  1.714e-02 -4.559e-03 -8.270e-04 -1.921e-05 -8.840e-03  4.648e-05  3.403e-04
 2.9170e+00  1.680e-03 -7.930e-03  1.725e-02 -4.597e-03 -8.430e-04 -1.948e-05 -8.900e-03  4.686e-05  3.426e-04
 2.9440e+00  1.701e-03 -7.920e-03  1.737e-02 -4.634e-03 -8.590e-04 -1.975e-05 -8.950e-03  4.723e-05  3.448e-04
 2.9720e+00  1.722e-03 -7.910e-03  1.748e-02 -4.671e-03 -8.750e-04 -2.001e-05 -9.010e-03  4.755e-05  3.469e-04
 3.0000e+00  1.744e-03 -7.890e-03  1.760e-02 -4.708e-03 -8.900e-04 -2.025e-05 -9.070e-03  4.797e-05  3.492e-04
