#         t         u1         u2         u3        s11        s12        s13        s22        s23        s33
 0.0000e+00  0.000e+00  0.000e+00  0.000e+00  0.000e+00  0.000e+00  0.000e+00  0.000e+00  0.000e+00  0.000e+00
 2.7780e-02 -5.000e-04 -4.520e-04 -2.630e-04  1.120e-04  2.200e-04 -7.300e-06  3.400e-04 -8.700e-06 -2.700e-06
 5.5560e-02 -9.900e-04 -8.910e-04 -5.220e-04  2.240e-04  4.300e-04 -1.450e-05  6.600e-04 -1.710e-05 -5.400e-06
 8.3330e-02 -1.460e-03 -1.317e-03 -7.760e-04  3.377e-04  6.400e-04 -2.150e-05  9.600e-04 -2.540e-05 -8.100e-06
 1.1110e-01 -1.910e-03 -1.733e-03 -1.027e-03  4.514e-04  8.500e-04 -2.830e-05  1.260e-03 -3.350e-05 -1.080e-05
 1.3890e-01 -2.340e-03 -2.137e-03 -1.274e-03  5.657e-04  1.050e-03 -3.480e-05  1.540e-03 -4.140e-05 -1.360e-05
 1.6670e-01 -2.760e-03 -2.530e-03 -1.517e-03  6.802e-04  1.250e-03 -4.130e-05  1.810e-03 -4.910e-05 -1.640e-05
 1.9440e-01 -3.160e-03 -2.913e-03 -1.757e-03  7.949e-04  1.450e-03 -4.750e-05  2.070e-03 -5.670e-05 -1.920e-05
 2.2220e-01 -3.540e-03 -3.287e-03 -1.994e-03  9.099e-04  1.640e-03 -5.360e-05  2.320e-03 -6.400e-05 -2.210e-05
 2.5000e-01 -3.920e-03 -3.651e-03 -2.227e-03  1.025e-03  1.830e-03 -5.960e-05  2.560e-03 -7.130e-05 -2.500e-05
 2.7780e-01 -4.270e-03 -4.006e-03 -2.458e-03  1.140e-03  2.010e-03 -6.530e-05  2.790e-03 -7.830e-05 -2.780e-05
 3.0560e-01 -4.620e-03 -4.349e-03 -2.685e-03  1.255e-03  2.190e-03 -7.100e-05  3.010e-03 -8.520e-05 -3.070e-05
 3.3330e-01 -4.950e-03 -4.689e-03 -2.910e-03  1.370e-03  2.370e-03 -7.640e-05  3.230e-03 -9.200e-05 -3.370e-05
 3.6110e-01 -5.270e-03 -5.019e-03 -3.132e-03  1.484e-03  2.550e-03 -8.180e-05  3.430e-03 -9.860e-05 -3.670e-05
 3.8890e-01 -5.580e-03 -5.339e-03 -3.355e-03  1.598e-03  2.720e-03 -8.710e-05  3.630e-03 -1.052e-04 -3.970e-05
 4.1670e-01 -5.880e-03 -5.659e-03 -3.565e-03  1.712e-03  2.890e-03 -9.210e-05  3.820e-03 -1.115e-04 -4.280e-05
 4.4440e-01 -6.170e-03 -5.959e-03 -3.785e-03  1.825e-03  3.050e-03 -9.690e-05  4.010e-03 -1.178e-04 -4.570e-05
 4.7220e-01 -6.440e-03 -6.269e-03 -3.995e-03  1.938e-03  3.220e-03 -1.017e-04  4.180e-03 -1.238e-04 -4.870e-05
 5.0000e-01 -6.710e-03 -6.559e-03 -4.205e-03  2.050e-03  3.380e-03 -1.063e-04  4.360e-03 -1.298e-04 -5.180e-05
 5.2780e-01 -6.970e-03 -6.849e-03 -4.415e-03  2.162e-03  3.530e-03 -1.109e-04  4.520e-03 -1.357e-04 -5.490e-05
 5.5560e-01 -7.220e-03 -7.129e-03 -4.615e-03  2.273e-03  3.690e-03 -1.154e-04  4.680e-03 -1.415e-04 -5.790e-05
 5.8330e-01 -7.450e-03 -7.399e-03 -4.815e-03  2.383e-03  3.840e-03 -1.197e-04  4.840e-03 -1.471e-04 -6.090e-05
 6.1110e-01 -7.680e-03 -7.669e-03 -5.015e-03  2.492e-03  3.990e-03 -1.239e-04  4.990e-03 -1.527e-04 -6.390e-05
 6.3890e-01 -7.900e-03 -7.929e-03 -5.215e-03  2.601e-03  4.130e-03 -1.281e-04  5.130e-03 -1.581e-04 -6.690e-05
 6.6670e-01 -8.120e-03 -8.189e-03 -5.415e-03  2.709e-03  4.280e-03 -1.319e-04  5.280e-03 -1.634e-04 -6.990e-05
 6.9440e-01 -8.320e-03 -8.439e-03 -5.605e-03  2.816e-03  4.420e-03 -1.358e-04  5.410e-03 -1.686e-04 -7.290e-05
 7.2220e-01 -8.520e-03 -8.689e-03 -5.805e-03  2.922e-03  4.560e-03 -1.396e-04  5.540e-03 -1.736e-04 -7.600e-05
 7.5000e-01 -8.710e-03 -8.929e-03 -5.995e-03  3.027e-03  4.690e-03 -1.434e-04  5.670e-03 -1.786e-04 -7.890e-05
 7.7780e-01 -8.890e-03 -9.159e-03 -6.185e-03  3.131e-03  4.830e-03 -1.470e-04  5.800e-03 -1.835e-04 -8.190e-05
 8.0560e-01 -9.070e-03 -9.389e-03 -6.375e-03  3.234e-03  4.960e-03 -1.505e-04  5.920e-03 -1.883e-04 -8.490e-05
 8.3330e-01 -9.240e-03 -9.619e-03 -6.555e-03  3.336e-03  5.090e-03 -1.540e-04  6.040e-03 -1.930e-04 -8.780e-05
 8.6110e-01 -9.400e-03 -9.839e-03 -6.745e-03  3.437e-03  5.220e-03 -1.573e-04  6.150e-03 -1.976e-04 -9.090e-05
 8.8890e-01 -9.560e-03 -1.006e-02 -6.925e-03  3.537e-03  5.340e-03 -1.607e-04  6.260e-03 -2.022e-04 -9.390e-05
 9.1670e-01 -9.710e-03 -1.027e-02 -7.105e-03  3.636e-03  5.460e-03 -1.638e-04  6.370e-03 -2.066e-04 -9.690e-05
 9.4440e-01 -9.860e-03 -1.048e-02 -7.285e-03  3.734e-03  5.580e-03 -1.671e-04  6.470e-03 -2.110e-04 -9.990e-05
 9.7220e-01 -1.000e-02 -1.068e-02 -7.465e-03  3.831e-03  5.700e-03 -1.701e-04  6.580e-03 -2.152e-04 -1.029e-04
 1.0000e+00 -1.013e-02 -1.088e-02 -7.635e-03  3.926e-03  5.820e-03 -1.730e-04  6.680e-03 -2.194e-04 -1.060e-04
 1.0280e+00 -1.026e-02 -1.108e-02 -7.815e-03  4.021e-03  5.930e-03 -1.760e-04  6.770e-03 -2.236e-04 -1.090e-04
 1.0560e+00 -1.039e-02 -1.127e-02 -7.985e-03  4.115e-03  6.050e-03 -1.789e-04  6.870e-03 -2.276e-04 -1.120e-04
 1.0830e+00 -1.051e-02 -1.146e-02 -8.155e-03  4.207e-03  6.160e-03 -1.818e-04  6.960e-03 -2.317e-04 -1.148e-04
 1.1110e+00 -1.062e-02 -1.165e-02 -8.325e-03  4.298e-03  6.260e-03 -1.845e-04  7.050e-03 -2.355e-04 -1.177e-04
 1.1390e+00 -1.074e-02 -1.183e-02 -8.495e-03  4.388e-03  6.370e-03 -1.874e-04  7.140e-03 -2.394e-04 -1.207e-04
 1.1670e+00 -1.084e-02 -1.200e-02 -8.665e-03  4.477e-03  6.480e-03 -1.901e-04  7.230e-03 -2.432e-04 -1.236e-04
 1.1940e+00 -1.094e-02 -1.218e-02 -8.825e-03  4.565e-03  6.580e-03 -1.927e-04  7.310e-03 -2.468e-04 -1.266e-04
 1.2220e+00 -1.104e-02 -1.235e-02 -8.995e-03  4.651e-03  6.680e-03 -1.952e-04  7.390e-03 -2.504e-04 -1.298e-04
 1.2500e+00 -1.114e-02 -1.252e-02 -9.155e-03  4.737e-03  6.780e-03 -1.977e-04  7.470e-03 -2.539e-04 -1.327e-04
 1.2780e+00 -1.123e-02 -1.268e-02 -9.315e-03  4.821e-03  6.880e-03 -2.002e-04  7.550e-03 -2.572e-04 -1.356e-04
 1.3060e+00 -1.131e-02 -1.284e-02 -9.475e-03  4.905e-03  6.980e-03 -2.027e-04  7.630e-03 -2.607e-04 -1.386e-04
 1.3330e+00 -1.140e-02 -1.300e-02 -9.635e-03  4.987e-03  7.070e-03 -2.049e-04  7.700e-03 -2.640e-04 -1.415e-04
 1.3610e+00 -1.147e-02 -1.316e-02 -9.795e-03  5.068e-03  7.160e-03 -2.072e-04  7.780e-03 -2.672e-04 -1.444e-04
 1.3890e+00 -1.155e-02 -1.331e-02 -9.945e-03  5.147e-03  7.250e-03 -2.094e-04  7.850e-03 -2.704e-04 -1.475e-04
 1.4170e+00 -1.162e-02 -1.346e-02 -1.010e-02  5.226e-03  7.340e-03 -2.115e-04  7.920e-03 -2.735e-04 -1.506e-04
 1.4440e+00 -1.169e-02 -1.361e-02 -1.026e-02  5.304e-03  7.430e-03 -2.137e-04  7.990e-03 -2.767e-04 -1.535e-04
 1.4720e+00 -1.176e-02 -1.375e-02 -1.040e-02  5.380e-03  7.520e-03 -2.158e-04  8.060e-03 -2.797e-04 -1.563e-04
 1.5000e+00 -1.182e-02 -1.389e-02 -1.056e-02  5.456e-03  7.610e-03 -2.177e-04  8.130e-03 -2.827e-04 -1.590e-04
 1.5280e+00 -1.188e-02 -1.403e-02 -1.071e-02  5.530e-03  7.690e-03 -2.196e-04  8.190e-03 -2.856e-04 -1.618e-04
 1.5560e+00 -1.194e-02 -1.417e-02 -1.086e-02  5.604e-03  7.770e-03 -2.217e-04  8.260e-03 -2.884e-04 -1.647e-04
 1.5830e+00 -1.200e-02 -1.430e-02 -1.100e-02  5.676e-03  7.850e-03 -2.234e-04  8.320e-03 -2.912e-04 -1.674e-04
 1.6110e+00 -1.205e-02 -1.443e-02 -1.115e-02  5.747e-03  7.930e-03 -2.252e-04  8.390e-03 -2.940e-04 -1.704e-04
 1.6390e+00 -1.210e-02 -1.456e-02 -1.129e-02  5.818e-03  8.010e-03 -2.270e-04  8.450e-03 -2.968e-04 -1.733e-04
 1.6670e+00 -1.215e-02 -1.469e-02 -1.145e-02  5.886e-03  8.090e-03 -2.287e-04  8.510e-03 -2.994e-04 -1.763e-04
 1.6940e+00 -1.219e-02 -1.481e-02 -1.158e-02  5.955e-03  8.170e-03 -2.303e-04  8.570e-03 -3.019e-04 -1.792e-04
 1.7220e+00 -1.223e-02 -1.493e-02 -1.172e-02  6.022e-03  8.240e-03 -2.319e-04  8.630e-03 -3.045e-04 -1.819e-04
 1.7500e+00 -1.227e-02 -1.505e-02 -1.187e-02  6.088e-03  8.310e-03 -2.336e-04  8.690e-03 -3.070e-04 -1.845e-04
 1.7780e+00 -1.231e-02 -1.517e-02 -1.200e-02  6.153e-03  8.390e-03 -2.352e-04  8.740e-03 -3.095e-04 -1.873e-04
 1.8060e+00 -1.235e-02 -1.529e-02 -1.214e-02  6.217e-03  8.460e-03 -2.367e-04  8.800e-03 -3.118e-04 -1.900e-04
 1.8330e+00 -1.238e-02 -1.540e-02 -1.228e-02  6.280e-03  8.530e-03 -2.381e-04  8.860e-03 -3.142e-04 -1.926e-04
 1.8610e+00 -1.241e-02 -1.551e-02 -1.242e-02  6.343e-03  8.590e-03 -2.396e-04  8.910e-03 -3.165e-04 -1.952e-04
 1.8890e+00 -1.244e-02 -1.562e-02 -1.256e-02  6.404e-03  8.660e-03 -2.410e-04  8.960e-03 -3.188e-04 -1.977e-04
 1.9170e+00 -1.247e-02 -1.573e-02 -1.269e-02  6.465e-03  8.730e-03 -2.424e-04  9.020e-03 -3.211e-04 -2.004e-04
 1.9440e+00 -1.250e-02 -1.583e-02 -1.282e-02  6.524e-03  8.790e-03 -2.437e-04  9.070e-03 -3.233e-04 -2.032e-04
 1.9720e+00 -1.252e-02 -1.594e-02 -1.295e-02  6.583e-03  8.860e-03 -2.451e-04  9.120e-03 -3.255e-04 -2.058e-04
 2.0000e+00 -1.255e-02 -1.604e-02 -1.308e-02  6.640e-03  8.920e-03 -2.466e-04  9.170e-03 -3.276e-04 -2.086e-04
 2.0280e+00 -1.257e-02 -1.614e-02 -1.321e-02  6.697e-03  8.980e-03 -2.480e-04  9.220e-03 -3.298e-04 -2.113e-04
 2.0560e+00 -1.259e-02 -1.623e-02 -1.334e-02  6.753e-03  9.040e-03 -2.493e-04  9.270e-03 -3.319e-04 -2.142e-04
 2.0830e+00 -1.260e-02 -1.633e-02 -1.347e-02  6.808e-03  9.100e-03 -2.505e-04  9.320e-03 -3.340e-04 -2.169e-04
 2.1110e+00 -1.262e-02 -1.643e-02 -1.360e-02  6.862e-03  9.160e-03 -2.517e-04  9.370e-03 -3.359e-04 -2.195e-04
 2.1390e+00 -1.264e-02 -1.652e-02 -1.372e-02  6.915e-03  9.220e-03 -2.530e-04  9.420e-03 -3.379e-04 -2.222e-04
 2.1670e+00 -1.265e-02 -1.661e-02 -1.385e-02  6.968e-03  9.280e-03 -2.540e-04  9.470e-03 -3.399e-04 -2.248e-04
 2.1940e+00 -1.266e-02 -1.670e-02 -1.397e-02  7.019e-03  9.340e-03 -2.552e-04  9.520e-03 -3.419e-04 -2.273e-04
 2.2220e+00 -1.267e-02 -1.679e-02 -1.410e-02  7.071e-03  9.390e-03 -2.563e-04  9.560e-03 -3.437e-04 -2.298e-04
 2.2500e+00 -1.268e-02 -1.687e-02 -1.422e-02  7.121e-03  9.450e-03 -2.574e-04  9.610e-03 -3.456e-04 -2.322e-04
 2.2780e+00 -1.269e-02 -1.696e-02 -1.435e-02  7.170e-03  9.500e-03 -2.587e-04  9.660e-03 -3.474e-04 -2.348e-04
 2.3060e+00 -1.269e-02 -1.704e-02 -1.446e-02  7.218e-03  9.550e-03 -2.597e-04  9.700e-03 -3.491e-04 -2.374e-04
 2.3330e+00 -1.270e-02 -1.712e-02 -1.458e-02  7.266e-03  9.600e-03 -2.607e-04  9.750e-03 -3.509e-04 -2.398e-04
 2.3610e+00 -1.270e-02 -1.721e-02 -1.470e-02  7.313e-03  9.650e-03 -2.617e-04  9.790e-03 -3.525e-04 -2.423e-04
 2.3890e+00 -1.271e-02 -1.728e-02 -1.482e-02  7.360e-03  9.700e-03 -2.628e-04  9.830e-03 -3.543e-04 -2.449e-04
 2.4170e+00 -1.271e-02 -1.736e-02 -1.494e-02  7.405e-03  9.750e-03 -2.637e-04  9.880e-03 -3.559e-04 -2.475e-04
 2.4440e+00 -1.271e-02 -1.744e-02 -1.505e-02  7.450e-03  9.800e-03 -2.647e-04  9.920e-03 -3.576e-04 -2.499e-04
 2.4720e+00 -1.271e-02 -1.751e-02 -1.517e-02  7.494e-03  9.850e-03 -2.656e-04  9.960e-03 -3.591e-04 -2.525e-04
 2.5000e+00 -1.271e-02 -1.759e-02 -1.528e-02  7.538e-03  9.900e-03 -2.665e-04  1.001e-02 -3.607e-04 -2.546e-04
 2.5280e+00 -1.271e-02 -1.766e-02 -1.540e-02  7.581e-03  9.940e-03 -2.675e-04  1.005e-02 -3.622e-04 -2.571e-04
 2.5560e+00 -1.270e-02 -1.773e-02 -1.551e-02  7.623e-03  9.990e-03 -2.685e-04  1.009e-02 -3.638e-04 -2.594e-04
 2.5830e+00 -1.270e-02 -1.780e-02 -1.562e-02  7.665e-03  1.003e-02 -2.694e-04  1.013e-02 -3.653e-04 -2.617e-04
 2.6110e+00 -1.269e-02 -1.787e-02 -1.573e-02  7.705e-03  1.008e-02 -2.703e-04  1.017e-02 -3.667e-04 -2.641e-04
 2.6390e+00 -1.269e-02 -1.794e-02 -1.584e-02  7.746e-03  1.012e-02 -2.710e-04  1.021e-02 -3.681e-04 -2.665e-04
 2.6670e+00 -1.268e-02 -1.800e-02 -1.596e-02  7.785e-03  1.017e-02 -2.719e-04  1.025e-02 -3.696e-04 -2.688e-04
 2.6940e+00 -1.267e-02 -1.807e-02 -1.606e-02  7.824e-03  1.021e-02 -2.728e-04  1.029e-02 -3.710e-04 -2.712e-04
 2.7220e+00 -1.266e-02 -1.813e-02 -1.617e-02  7.863e-03  1.025e-02 -2.736e-04  1.033e-02 -3.725e-04 -2.736e-04
 2.7500e+00 -1.265e-02 -1.819e-02 -1.628e-02  7.901e-03  1.029e-02 -2.743e-04  1.037e-02 -3.738e-04 -2.759e-04
 2.7780e+00 -1.264e-02 -1.826e-02 -1.639e-02  7.938e-03  1.033e-02 -2.750e-04  1.041e-02 -3.752e-04 -2.780e-04
 2.8060e+00 -1.263e-02 -1.832e-02 -1.649e-02  7.975e-03  1.037e-02 -2.757e-04  1.045e-02 -3.764e-04 -2.804e-04
 2.8330e+00 -1.262e-02 -1.838e-02 -1.659e-02  8.011e-03  1.041e-02 -2.764e-04  1.049e-02 -3.777e-04 -2.824e-04
 2.8610e+00 -1.261e-02 -1.844e-02 -1.670e-02  8.047e-03  1.045e-02 -2.771e-04  1.053e-02 -3.790e-04 -2.847e-04
 2.8890e+00 -1.259e-02 -1.849e-02 -1.681e-02  8.082e-03  1.048e-02 -2.780e-04  1.056e-02 -3.802e-04 -2.871e-04
 2.9170e+00 -1.258e-02 -1.855e-02 -1.690e-02  8.116e-03  1.052e-02 -2.785e-04  1.060e-02 -3.813e-04 -2.893e-04
 2.9440e+00 -1.256e-02 -1.860e-02 -1.700e-02  8.150e-03  1.056e-02 -2.791e-04  1.064e-02 -3.825e-04 -2.915e-04
 2.9720e+00 -1.255e-02 -1.866e-02 -1.711e-02  8.184e-03  1.059e-02 -2.797e-04  1.068e-02 -3.837e-04 -2.940e-04
 3.0000e+00 -1.253e-02 -1.871e-02 -1.721e-02  8.216e-03  1.063e-02 -2.803e-04  1.071e-02 -3.848e-04 -2.965e-04
