#         t         u1         u2         u3        s11        s12        s13        s22        s23        s33
 0.0000e+00  0.000e+00  0.000e+00  0.000e+00  0.000e+00  0.000e+00  0.000e+00  0.000e+00  0.000e+00  0.000e+00
 2.7780e-02 -6.000e-04 -1.000e-05 -8.700e-04  2.000e-04  2.500e-04 -5.000e-06  1.800e-03 -4.000e-07 -5.000e-06
 5.5560e-02 -1.200e-03 -1.000e-05 -1.720e-03  4.000e-04  4.900e-04 -1.000e-05  3.500e-03 -9.000e-07 -1.000e-05
 8.3330e-02 -1.700e-03 -2.000e-05 -2.550e-03  7.000e-04  7.300e-04 -1.500e-05  5.100e-03 -1.300e-06 -1.500e-05
 1.1110e-01 -2.200e-03 -3.000e-05 -3.370e-03  9.000e-04  9.600e-04 -2.000e-05  6.700e-03 -1.800e-06 -2.100e-05
 1.3890e-01 -2.700e-03 -4.000e-05 -4.170e-03  1.100e-03  1.190e-03 -2.400e-05  8.300e-03 -2.500e-06 -2.600e-05
 1.6670e-01 -3.200e-03 -6.000e-05 -4.960e-03  1.300e-03  1.410e-03 -2.800e-05  9.800e-03 -3.100e-06 -3.200e-05
 1.9440e-01 -3.600e-03 -7.000e-05 -5.740e-03  1.500e-03  1.630e-03 -3.200e-05  1.130e-02 -3.800e-06 -3.700e-05
 2.2220e-01 -4.000e-03 -9.000e-05 -6.500e-03  1.800e-03  1.840e-03 -3.600e-05  1.270e-02 -4.400e-06 -4.200e-05
 2.5000e-01 -4.400e-03 -1.100e-04 -7.250e-03  2.000e-03  2.050e-03 -3.900e-05  1.410e-02 -5.100e-06 -4.800e-05
 2.7780e-01 -4.800e-03 -1.200e-04 -7.980e-03  2.200e-03  2.260e-03 -4.300e-05  1.540e-02 -5.900e-06 -5.300e-05
 3.0560e-01 -5.200e-03 -1.400e-04 -8.710e-03  2.400e-03  2.460e-03 -4.600e-05  1.670e-02 -6.700e-06 -5.900e-05
 3.3330e-01 -5.500e-03 -1.700e-04 -9.420e-03  2.600e-03  2.660e-03 -4.900e-05  1.800e-02 -7.500e-06 -6.400e-05
 3.6110e-01 -5.900e-03 -1.900e-04 -1.012e-02  2.800e-03  2.850e-03 -5.200e-05  1.930e-02 -8.300e-06 -7.000e-05
 3.8890e-01 -6.200e-03 -2.100e-04 -1.080e-02  3.000e-03  3.050e-03 -5.500e-05  2.050e-02 -9.200e-06 -7.600e-05
 4.1670e-01 -6.500e-03 -2.300e-04 -1.148e-02  3.200e-03  3.230e-03 -5.800e-05  2.170e-02 -1.010e-05 -8.100e-05
 4.4440e-01 -6.800e-03 -2.600e-04 -1.215e-02  3.400e-03  3.420e-03 -6.100e-05  2.280e-02 -1.090e-05 -8.600e-05
 4.7220e-01 -7.100e-03 -2.800e-04 -1.280e-02  3.600e-03  3.600e-03 -6.400e-05  2.390e-02 -1.180e-05 -9.200e-05
 5.0000e-01 -7.300e-03 -3.100e-04 -1.345e-02  3.800e-03  3.770e-03 -6.700e-05  2.500e-02 -1.260e-05 -9.800e-05
 5.2780e-01 -7.600e-03 -3.400e-04 -1.408e-02  4.000e-03  3.950e-03 -7.000e-05  2.610e-02 -1.360e-05 -1.040e-04
 5.5560e-01 -7.800e-03 -3.600e-04 -1.471e-02  4.200e-03  4.120e-03 -7.200e-05  2.710e-02 -1.460e-05 -1.090e-04
 5.8330e-01 -8.000e-03 -3.900e-04 -1.533e-02  4.400e-03  4.290e-03 -7.400e-05  2.810e-02 -1.550e-05 -1.150e-04
 6.1110e-01 -8.300e-03 -4.200e-04 -1.593e-02  4.600e-03  4.450e-03 -7.600e-05  2.910e-02 -1.650e-05 -1.210e-04
 6.3890e-01 -8.500e-03 -4.490e-04 -1.653e-02  4.800e-03  4.610e-03 -7.800e-05  3.010e-02 -1.740e-05 -1.270e-04
 6.6670e-01 -8.700e-03 -4.780e-04 -1.712e-02  5.000e-03  4.770e-03 -7.900e-05  3.100e-02 -1.840e-05 -1.330e-04
 6.9440e-01 -8.800e-03 -5.070e-04 -1.770e-02  5.200e-03  4.920e-03 -8.100e-05  3.190e-02 -1.940e-05 -1.380e-04
 7.2220e-01 -9.000e-03 -5.370e-04 -1.827e-02  5.400e-03  5.080e-03 -8.300e-05  3.280e-02 -2.040e-05 -1.440e-04
 7.5000e-01 -9.200e-03 -5.670e-04 -1.884e-02  5.600e-03  5.220e-03 -8.400e-05  3.370e-02 -2.150e-05 -1.500e-04
 7.7780e-01 -9.300e-03 -5.960e-04 -1.939e-02  5.700e-03  5.370e-03 -8.500e-05  3.460e-02 -2.240e-05 -1.550e-04
 8.0560e-01 -9.500e-03 -6.270e-04 -1.994e-02  5.900e-03  5.510e-03 -8.700e-05  3.540e-02 -2.340e-05 -1.610e-04
 8.3330e-01 -9.600e-03 -6.570e-04 -2.048e-02  6.100e-03  5.650e-03 -8.800e-05  3.620e-02 -2.440e-05 -1.660e-04
 8.6110e-01 -9.800e-03 -6.870e-04 -2.101e-02  6.300e-03  5.790e-03 -9.000e-05  3.700e-02 -2.540e-05 -1.720e-04
 8.8890e-01 -9.900e-03 -7.170e-04 -2.154e-02  6.400e-03  5.930e-03 -9.100e-05  3.780e-02 -2.630e-05 -1.780e-04
 9.1670e-01 -1.000e-02 -7.470e-04 -2.206e-02  6.600e-03  6.060e-03 -9.300e-05  3.850e-02 -2.730e-05 -1.840e-04
 9.4440e-01 -1.010e-02 -7.780e-04 -2.257e-02  6.800e-03  6.190e-03 -9.400e-05  3.930e-02 -2.830e-05 -1.890e-04
 9.7220e-01 -1.020e-02 -8.080e-04 -2.307e-02  6.900e-03  6.320e-03 -9.500e-05  4.000e-02 -2.930e-05 -1.950e-04
 1.0000e+00 -1.030e-02 -8.380e-04 -2.357e-02  7.100e-03  6.440e-03 -9.700e-05  4.070e-02 -3.030e-05 -2.000e-04
 1.0280e+00 -1.040e-02 -8.680e-04 -2.406e-02  7.300e-03  6.570e-03 -9.800e-05  4.140e-02 -3.120e-05 -2.050e-04
 1.0560e+00 -1.050e-02 -8.980e-04 -2.454e-02  7.400e-03  6.690e-03 -9.900e-05  4.210e-02 -3.220e-05 -2.110e-04
 1.0830e+00 -1.060e-02 -9.280e-04 -2.501e-02  7.600e-03  6.810e-03 -1.010e-04  4.280e-02 -3.320e-05 -2.170e-04
 1.1110e+00 -1.070e-02 -9.570e-04 -2.549e-02  7.700e-03  6.920e-03 -1.010e-04  4.340e-02 -3.420e-05 -2.230e-04
 1.1390e+00 -1.080e-02 -9.870e-04 -2.595e-02  7.900e-03  7.030e-03 -1.020e-04  4.400e-02 -3.520e-05 -2.280e-04
 1.1670e+00 -1.080e-02 -1.016e-03 -2.641e-02  8.100e-03  7.150e-03 -1.030e-04  4.470e-02 -3.620e-05 -2.340e-04
 1.1940e+00 -1.090e-02 -1.045e-03 -2.686e-02  8.200e-03  7.260e-03 -1.050e-04  4.530e-02 -3.710e-05 -2.390e-04
 1.2220e+00 -1.100e-02 -1.074e-03 -2.730e-02  8.400e-03  7.360e-03 -1.060e-04  4.590e-02 -3.800e-05 -2.440e-04
 1.2500e+00 -1.100e-02 -1.102e-03 -2.774e-02  8.500e-03  7.470e-03 -1.070e-04  4.640e-02 -3.900e-05 -2.500e-04
 1.2780e+00 -1.110e-02 -1.130e-03 -2.818e-02  8.600e-03  7.570e-03 -1.080e-04  4.700e-02 -4.000e-05 -2.550e-04
 1.3060e+00 -1.110e-02 -1.158e-03 -2.861e-02  8.800e-03  7.670e-03 -1.090e-04  4.760e-02 -4.090e-05 -2.610e-04
 1.3330e+00 -1.120e-02 -1.186e-03 -2.903e-02  8.900e-03  7.770e-03 -1.100e-04  4.810e-02 -4.180e-05 -2.660e-04
 1.3610e+00 -1.120e-02 -1.213e-03 -2.945e-02  9.100e-03  7.870e-03 -1.100e-04  4.870e-02 -4.270e-05 -2.720e-04
 1.3890e+00 -1.130e-02 -1.240e-03 -2.986e-02  9.200e-03  7.960e-03 -1.110e-04  4.920e-02 -4.360e-05 -2.760e-04
 1.4170e+00 -1.130e-02 -1.267e-03 -3.027e-02  9.300e-03  8.060e-03 -1.110e-04  4.970e-02 -4.450e-05 -2.820e-04
 1.4440e+00 -1.130e-02 -1.294e-03 -3.067e-02  9.500e-03  8.150e-03 -1.130e-04  5.020e-02 -4.530e-05 -2.870e-04
 1.4720e+00 -1.140e-02 -1.320e-03 -3.107e-02  9.600e-03  8.240e-03 -1.130e-04  5.070e-02 -4.620e-05 -2.920e-04
 1.5000e+00 -1.140e-02 -1.345e-03 -3.146e-02  9.700e-03  8.330e-03 -1.140e-04  5.120e-02 -4.720e-05 -2.980e-04
 1.5280e+00 -1.140e-02 -1.371e-03 -3.185e-02  9.900e-03  8.410e-03 -1.150e-04  5.170e-02 -4.800e-05 -3.030e-04
 1.5560e+00 -1.140e-02 -1.396e-03 -3.223e-02  1.000e-02  8.500e-03 -1.150e-04  5.210e-02 -4.890e-05 -3.080e-04
 1.5830e+00 -1.150e-02 -1.420e-03 -3.260e-02  1.010e-02  8.580e-03 -1.160e-04  5.260e-02 -4.980e-05 -3.130e-04
 1.6110e+00 -1.150e-02 -1.444e-03 -3.298e-02  1.020e-02  8.660e-03 -1.160e-04  5.300e-02 -5.070e-05 -3.180e-04
 1.6390e+00 -1.150e-02 -1.468e-03 -3.335e-02  1.040e-02  8.740e-03 -1.170e-04  5.350e-02 -5.160e-05 -3.240e-04
 1.6670e+00 -1.150e-02 -1.492e-03 -3.371e-02  1.050e-02  8.820e-03 -1.180e-04  5.390e-02 -5.230e-05 -3.280e-04
 1.6940e+00 -1.150e-02 -1.515e-03 -3.407e-02  1.060e-02  8.900e-03 -1.180e-04  5.430e-02 -5.320e-05 -3.340e-04
 1.7220e+00 -1.150e-02 -1.537e-03 -3.442e-02  1.070e-02  8.970e-03 -1.190e-04  5.470e-02 -5.400e-05 -3.390e-04
 1.7500e+00 -1.150e-02 -1.560e-03 -3.477e-02  1.080e-02  9.050e-03 -1.190e-04  5.510e-02 -5.480e-05 -3.440e-04
 1.7780e+00 -1.150e-02 -1.582e-03 -3.512e-02  1.090e-02  9.120e-03 -1.190e-04  5.550e-02 -5.570e-05 -3.480e-04
 1.8060e+00 -1.150e-02 -1.603e-03 -3.546e-02  1.100e-02  9.190e-03 -1.190e-04  5.590e-02 -5.650e-05 -3.540e-04
 1.8330e+00 -1.150e-02 -1.624e-03 -3.580e-02  1.110e-02  9.260e-03 -1.200e-04  5.630e-02 -5.720e-05 -3.590e-04
 1.8610e+00 -1.150e-02 -1.645e-03 -3.614e-02  1.130e-02  9.330e-03 -1.210e-04  5.670e-02 -5.800e-05 -3.640e-04
 1.8890e+00 -1.150e-02 -1.665e-03 -3.647e-02  1.140e-02  9.400e-03 -1.220e-04  5.700e-02 -5.870e-05 -3.680e-04
 1.9170e+00 -1.150e-02 -1.685e-03 -3.679e-02  1.150e-02  9.460e-03 -1.210e-04  5.740e-02 -5.950e-05 -3.720e-04
 1.9440e+00 -1.150e-02 -1.704e-03 -3.711e-02  1.160e-02  9.530e-03 -1.210e-04  5.780e-02 -6.020e-05 -3.780e-04
 1.9720e+00 -1.150e-02 -1.724e-03 -3.743e-02  1.170e-02  9.590e-03 -1.210e-04  5.810e-02 -6.100e-05 -3.820e-04
 2.0000e+00 -1.150e-02 -1.742e-03 -3.775e-02  1.180e-02  9.650e-03 -1.220e-04  5.840e-02 -6.170e-05 -3.870e-04
 2.0280e+00 -1.150e-02 -1.761e-03 -3.806e-02  1.190e-02  9.710e-03 -1.230e-04  5.880e-02 -6.230e-05 -3.920e-04
 2.0560e+00 -1.150e-02 -1.778e-03 -3.837e-02  1.200e-02  9.770e-03 -1.240e-04  5.910e-02 -6.310e-05 -3.980e-04
 2.0830e+00 -1.150e-02 -1.796e-03 -3.867e-02  1.210e-02  9.830e-03 -1.240e-04  5.940e-02 -6.380e-05 -4.020e-04
 2.1110e+00 -1.150e-02 -1.813e-03 -3.897e-02  1.220e-02  9.890e-03 -1.250e-04  5.980e-02 -6.430e-05 -4.070e-04
 2.1390e+00 -1.150e-02 -1.830e-03 -3.927e-02  1.220e-02  9.950e-03 -1.250e-04  6.010e-02 -6.520e-05 -4.120e-04
 2.1670e+00 -1.140e-02 -1.846e-03 -3.956e-02  1.230e-02  1.000e-02 -1.250e-04  6.040e-02 -6.590e-05 -4.160e-04
 2.1940e+00 -1.140e-02 -1.862e-03 -3.985e-02  1.240e-02  1.006e-02 -1.260e-04  6.070e-02 -6.640e-05 -4.200e-04
 2.2220e+00 -1.140e-02 -1.877e-03 -4.014e-02  1.250e-02  1.011e-02 -1.260e-04  6.100e-02 -6.720e-05 -4.250e-04
 2.2500e+00 -1.140e-02 -1.892e-03 -4.042e-02  1.260e-02  1.016e-02 -1.270e-04  6.130e-02 -6.790e-05 -4.310e-04
 2.2780e+00 -1.140e-02 -1.907e-03 -4.070e-02  1.270e-02  1.022e-02 -1.270e-04  6.150e-02 -6.850e-05 -4.350e-04
 2.3060e+00 -1.130e-02 -1.921e-03 -4.098e-02  1.280e-02  1.027e-02 -1.270e-04  6.180e-02 -6.910e-05 -4.400e-04
 2.3330e+00 -1.130e-02 -1.935e-03 -4.125e-02  1.290e-02  1.032e-02 -1.260e-04  6.210e-02 -6.980e-05 -4.450e-04
 2.3610e+00 -1.130e-02 -1.949e-03 -4.153e-02  1.290e-02  1.036e-02 -1.270e-04  6.240e-02 -7.050e-05 -4.490e-04
 2.3890e+00 -1.130e-02 -1.962e-03 -4.179e-02  1.300e-02  1.041e-02 -1.280e-04  6.260e-02 -7.110e-05 -4.540e-04
 2.4170e+00 -1.120e-02 -1.975e-03 -4.206e-02  1.310e-02  1.046e-02 -1.280e-04  6.290e-02 -7.190e-05 -4.590e-04
 2.4440e+00 -1.120e-02 -1.987e-03 -4.232e-02  1.320e-02  1.050e-02 -1.280e-04  6.320e-02 -7.230e-05 -4.630e-04
 2.4720e+00 -1.120e-02 -1.999e-03 -4.258e-02  1.330e-02  1.055e-02 -1.280e-04  6.340e-02 -7.290e-05 -4.670e-04
 2.5000e+00 -1.120e-02 -2.011e-03 -4.284e-02  1.330e-02  1.059e-02 -1.290e-04  6.370e-02 -7.340e-05 -4.710e-04
 2.5280e+00 -1.110e-02 -2.022e-03 -4.309e-02  1.340e-02  1.064e-02 -1.300e-04  6.390e-02 -7.390e-05 -4.740e-04
 2.5560e+00 -1.110e-02 -2.033e-03 -4.334e-02  1.350e-02  1.068e-02 -1.300e-04  6.410e-02 -7.450e-05 -4.790e-04
 2.5830e+00 -1.110e-02 -2.044e-03 -4.359e-02  1.350e-02  1.072e-02 -1.300e-04  6.440e-02 -7.510e-05 -4.830e-04
 2.6110e+00 -1.110e-02 -2.054e-03 -4.383e-02  1.360e-02  1.076e-02 -1.300e-04  6.460e-02 -7.580e-05 -4.880e-04
 2.6390e+00 -1.100e-02 -2.064e-03 -4.408e-02  1.370e-02  1.080e-02 -1.310e-04  6.480e-02 -7.640e-05 -4.910e-04
 2.6670e+00 -1.100e-02 -2.073e-03 -4.432e-02  1.380e-02  1.084e-02 -1.310e-04  6.510e-02 -7.690e-05 -4.950e-04
 2.6940e+00 -1.100e-02 -2.082e-03 -4.455e-02  1.380e-02  1.088e-02 -1.310e-04  6.530e-02 -7.740e-05 -4.990e-04
 2.7220e+00 -1.090e-02 -2.091e-03 -4.479e-02  1.390e-02  1.092e-02 -1.310e-04  6.550e-02 -7.780e-05 -5.030e-04
 2.7500e+00 -1.090e-02 -2.100e-03 -4.502e-02  1.400e-02  1.096e-02 -1.320e-04  6.570e-02 -7.840e-05 -5.070e-04
 2.7780e+00 -1.090e-02 -2.108e-03 -4.525e-02  1.400e-02  1.100e-02 -1.320e-04  6.590e-02 -7.880e-05 -5.120e-04
 2.8060e+00 -1.080e-02 -2.116e-03 -4.548e-02  1.410e-02  1.103e-02 -1.320e-04  6.610e-02 -7.940e-05 -5.150e-04
 2.8330e+00 -1.080e-02 -2.123e-03 -4.570e-02  1.420e-02  1.107e-02 -1.310e-04  6.640e-02 -8.000e-05 -5.180e-04
 2.8610e+00 -1.080e-02 -2.130e-03 -4.593e-02  1.420e-02  1.110e-02 -1.320e-04  6.660e-02 -8.050e-05 -5.220e-04
 2.8890e+00 -1.070e-02 -2.137e-03 -4.615e-02  1.430e-02  1.114e-02 -1.320e-04  6.680e-02 -8.080e-05 -5.260e-04
 2.9170e+00 -1.070e-02 -2.144e-03 -4.636e-02  1.430e-02  1.117e-02 -1.320e-04  6.690e-02 -8.110e-05 -5.300e-04
 2.9440e+00 -1.070e-02 -2.150e-03 -4.658e-02  1.440e-02  1.120e-02 -1.320e-04  6.710e-02 -8.170e-05 -5.340e-04
 2.9720e+00 -1.060e-02 -2.156e-03 -4.679e-02  1.450e-02  1.124e-02 -1.320e-04  6.730e-02 -8.220e-05 -5.380e-04
 3.0000e+00 -1.060e-02 -2.161e-03 -4.700e-02  1.450e-02  1.127e-02 -1.320e-04  6.750e-02 -8.280e-05 -5.420e-04
