#         t         u1         u2         u3        s11        s12        s13        s22        s23        s33
 0.0000e+00  0.000e+00  0.000e+00  0.000e+00  0.000e+00  0.000e+00  0.000e+00  0.000e+00  0.000e+00  0.000e+00
 2.7780e-02 -5.100e-04  2.260e-04 -5.800e-04  3.200e-04 -6.500e-05  1.900e-06  5.000e-04  1.770e-06 -8.400e-06
 5.5560e-02 -1.000e-03  4.450e-04 -1.160e-03  6.300e-04 -1.270e-04  3.700e-06  1.000e-03  3.480e-06 -1.680e-05
 8.3330e-02 -1.460e-03  6.580e-04 -1.730e-03  9.200e-04 -1.870e-04  5.600e-06  1.480e-03  5.170e-06 -2.520e-05
 1.1110e-01 -1.900e-03  8.650e-04 -2.290e-03  1.210e-03 -2.440e-04  7.400e-06  1.960e-03  6.800e-06 -3.340e-05
 1.3890e-01 -2.320e-03  1.066e-03 -2.840e-03  1.490e-03 -2.990e-04  9.200e-06  2.430e-03  8.430e-06 -4.170e-05
 1.6670e-01 -2.710e-03  1.262e-03 -3.380e-03  1.760e-03 -3.520e-04  1.110e-05  2.900e-03  1.002e-05 -4.990e-05
 1.9440e-01 -3.090e-03  1.452e-03 -3.920e-03  2.020e-03 -4.020e-04  1.290e-05  3.350e-03  1.155e-05 -5.810e-05
 2.2220e-01 -3.440e-03  1.636e-03 -4.450e-03  2.280e-03 -4.500e-04  1.480e-05  3.800e-03  1.307e-05 -6.610e-05
 2.5000e-01 -3.780e-03  1.816e-03 -4.970e-03  2.520e-03 -4.960e-04  1.660e-05  4.250e-03  1.453e-05 -7.420e-05
 2.7780e-01 -4.100e-03  1.991e-03 -5.480e-03  2.770e-03 -5.400e-04  1.860e-05  4.680e-03  1.598e-05 -8.210e-05
 3.0560e-01 -4.400e-03  2.161e-03 -5.990e-03  3.000e-03 -5.830e-04  2.050e-05  5.120e-03  1.744e-05 -8.990e-05
 3.3330e-01 -4.690e-03  2.326e-03 -6.500e-03  3.230e-03 -6.230e-04  2.240e-05  5.540e-03  1.884e-05 -9.780e-05
 3.6110e-01 -4.960e-03  2.487e-03 -6.990e-03  3.450e-03 -6.620e-04  2.430e-05  5.960e-03  2.021e-05 -1.055e-04
 3.8890e-01 -5.210e-03  2.644e-03 -7.480e-03  3.670e-03 -6.990e-04  2.620e-05  6.370e-03  2.154e-05 -1.134e-04
 4.1670e-01 -5.450e-03  2.796e-03 -7.970e-03  3.880e-03 -7.340e-04  2.800e-05  6.780e-03  2.284e-05 -1.212e-04
 4.4440e-01 -5.680e-03  2.945e-03 -8.450e-03  4.090e-03 -7.680e-04  2.980e-05  7.180e-03  2.413e-05 -1.288e-04
 4.7220e-01 -5.900e-03  3.089e-03 -8.920e-03  4.290e-03 -8.010e-04  3.160e-05  7.580e-03  2.536e-05 -1.364e-04
 5.0000e-01 -6.100e-03  3.230e-03 -9.390e-03  4.490e-03 -8.320e-04  3.340e-05  7.970e-03  2.655e-05 -1.440e-04
 5.2780e-01 -6.290e-03  3.368e-03 -9.850e-03  4.690e-03 -8.610e-04  3.510e-05  8.360e-03  2.776e-05 -1.514e-04
 5.5560e-01 -6.470e-03  3.502e-03 -1.031e-02  4.880e-03 -8.890e-04  3.690e-05  8.740e-03  2.897e-05 -1.590e-04
 5.8330e-01 -6.640e-03  3.632e-03 -1.076e-02  5.060e-03 -9.160e-04  3.870e-05  9.120e-03  3.011e-05 -1.663e-04
 6.1110e-01 -6.800e-03  3.760e-03 -1.121e-02  5.250e-03 -9.420e-04  4.050e-05  9.490e-03  3.120e-05 -1.737e-04
 6.3890e-01 -6.950e-03  3.884e-03 -1.165e-02  5.420e-03 -9.670e-04  4.240e-05  9.860e-03  3.230e-05 -1.808e-04
 6.6670e-01 -7.080e-03  4.005e-03 -1.209e-02  5.600e-03 -9.900e-04  4.420e-05  1.022e-02  3.335e-05 -1.879e-04
 6.9440e-01 -7.210e-03  4.123e-03 -1.253e-02  5.770e-03 -1.013e-03  4.590e-05  1.058e-02  3.439e-05 -1.951e-04
 7.2220e-01 -7.330e-03  4.238e-03 -1.295e-02  5.940e-03 -1.034e-03  4.770e-05  1.093e-02  3.542e-05 -2.023e-04
 7.5000e-01 -7.450e-03  4.351e-03 -1.338e-02  6.110e-03 -1.055e-03  4.930e-05  1.128e-02  3.640e-05 -2.094e-04
 7.7780e-01 -7.550e-03  4.461e-03 -1.380e-02  6.270e-03 -1.074e-03  5.110e-05  1.163e-02  3.740e-05 -2.162e-04
 8.0560e-01 -7.650e-03  4.568e-03 -1.422e-02  6.430e-03 -1.093e-03  5.290e-05  1.197e-02  3.835e-05 -2.233e-04
 8.3330e-01 -7.740e-03  4.673e-03 -1.463e-02  6.580e-03 -1.110e-03  5.460e-05  1.230e-02  3.931e-05 -2.302e-04
 8.6110e-01 -7.820e-03  4.775e-03 -1.503e-02  6.740e-03 -1.127e-03  5.620e-05  1.264e-02  4.024e-05 -2.370e-04
 8.8890e-01 -7.900e-03  4.875e-03 -1.544e-02  6.890e-03 -1.143e-03  5.770e-05  1.296e-02  4.117e-05 -2.439e-04
 9.1670e-01 -7.970e-03  4.973e-03 -1.584e-02  7.040e-03 -1.158e-03  5.920e-05  1.329e-02  4.205e-05 -2.508e-04
 9.4440e-01 -8.030e-03  5.069e-03 -1.623e-02  7.190e-03 -1.173e-03  6.090e-05  1.361e-02  4.294e-05 -2.574e-04
 9.7220e-01 -8.090e-03  5.162e-03 -1.662e-02  7.330e-03 -1.187e-03  6.250e-05  1.392e-02  4.378e-05 -2.640e-04
 1.0000e+00 -8.140e-03  5.254e-03 -1.701e-02  7.470e-03 -1.200e-03  6.410e-05  1.423e-02  4.461e-05 -2.709e-04
 1.0280e+00 -8.190e-03  5.343e-03 -1.739e-02  7.610e-03 -1.212e-03  6.560e-05  1.454e-02  4.541e-05 -2.773e-04
 1.0560e+00 -8.230e-03  5.431e-03 -1.777e-02  7.750e-03 -1.224e-03  6.720e-05  1.484e-02  4.620e-05 -2.836e-04
 1.0830e+00 -8.270e-03  5.517e-03 -1.815e-02  7.890e-03 -1.235e-03  6.880e-05  1.514e-02  4.699e-05 -2.900e-04
 1.1110e+00 -8.300e-03  5.600e-03 -1.852e-02  8.020e-03 -1.246e-03  7.010e-05  1.544e-02  4.773e-05 -2.965e-04
 1.1390e+00 -8.330e-03  5.683e-03 -1.889e-02  8.150e-03 -1.256e-03  7.160e-05  1.573e-02  4.848e-05 -3.028e-04
 1.1670e+00 -8.360e-03  5.763e-03 -1.925e-02  8.280e-03 -1.266e-03  7.300e-05  1.602e-02  4.918e-05 -3.091e-04
 1.1940e+00 -8.380e-03  5.842e-03 -1.961e-02  8.410e-03 -1.275e-03  7.430e-05  1.630e-02  4.988e-05 -3.153e-04
 1.2220e+00 -8.390e-03  5.919e-03 -1.997e-02  8.540e-03 -1.283e-03  7.570e-05  1.658e-02  5.053e-05 -3.215e-04
 1.2500e+00 -8.410e-03  5.995e-03 -2.033e-02  8.660e-03 -1.291e-03  7.710e-05  1.686e-02  5.123e-05 -3.278e-04
 1.2780e+00 -8.410e-03  6.069e-03 -2.068e-02  8.790e-03 -1.299e-03  7.840e-05  1.713e-02  5.183e-05 -3.342e-04
 1.3060e+00 -8.420e-03  6.141e-03 -2.102e-02  8.910e-03 -1.306e-03  7.980e-05  1.740e-02  5.248e-05 -3.399e-04
 1.3330e+00 -8.420e-03  6.213e-03 -2.137e-02  9.030e-03 -1.313e-03  8.100e-05  1.767e-02  5.314e-05 -3.456e-04
 1.3610e+00 -8.420e-03  6.283e-03 -2.171e-02  9.150e-03 -1.319e-03  8.220e-05  1.793e-02  5.379e-05 -3.517e-04
 1.3890e+00 -8.420e-03  6.351e-03 -2.205e-02  9.260e-03 -1.325e-03  8.350e-05  1.819e-02  5.444e-05 -3.577e-04
 1.4170e+00 -8.410e-03  6.419e-03 -2.238e-02  9.380e-03 -1.331e-03  8.460e-05  1.845e-02  5.504e-05 -3.641e-04
 1.4440e+00 -8.400e-03  6.485e-03 -2.271e-02  9.490e-03 -1.336e-03  8.580e-05  1.870e-02  5.556e-05 -3.696e-04
 1.4720e+00 -8.390e-03  6.550e-03 -2.304e-02  9.610e-03 -1.341e-03  8.690e-05  1.895e-02  5.612e-05 -3.754e-04
 1.5000e+00 -8.380e-03  6.613e-03 -2.336e-02  9.720e-03 -1.346e-03  8.820e-05  1.920e-02  5.667e-05 -3.815e-04
 1.5280e+00 -8.360e-03  6.676e-03 -2.368e-02  9.830e-03 -1.350e-03  8.940e-05  1.944e-02  5.714e-05 -3.873e-04
 1.5560e+00 -8.350e-03  6.738e-03 -2.400e-02  9.930e-03 -1.354e-03  9.040e-05  1.968e-02  5.770e-05 -3.928e-04
 1.5830e+00 -8.330e-03  6.798e-03 -2.432e-02  1.004e-02 -1.358e-03  9.160e-05  1.992e-02  5.826e-05 -3.986e-04
 1.6110e+00 -8.300e-03  6.855e-03 -2.463e-02  1.015e-02 -1.361e-03  9.260e-05  2.015e-02  5.877e-05 -4.045e-04
 1.6390e+00 -8.280e-03  6.915e-03 -2.494e-02  1.025e-02 -1.364e-03  9.370e-05  2.038e-02  5.928e-05 -4.100e-04
 1.6670e+00 -8.250e-03  6.975e-03 -2.524e-02  1.035e-02 -1.367e-03  9.480e-05  2.061e-02  5.975e-05 -4.157e-04
 1.6940e+00 -8.230e-03  7.025e-03 -2.555e-02  1.046e-02 -1.370e-03  9.580e-05  2.084e-02  6.021e-05 -4.209e-04
 1.7220e+00 -8.200e-03  7.085e-03 -2.585e-02  1.056e-02 -1.372e-03  9.700e-05  2.106e-02  6.068e-05 -4.263e-04
 1.7500e+00 -8.170e-03  7.145e-03 -2.615e-02  1.066e-02 -1.375e-03  9.800e-05  2.128e-02  6.115e-05 -4.318e-04
 1.7780e+00 -8.130e-03  7.195e-03 -2.644e-02  1.075e-02 -1.377e-03  9.900e-05  2.150e-02  6.156e-05 -4.374e-04
 1.8060e+00 -8.100e-03  7.245e-03 -2.673e-02  1.085e-02 -1.378e-03  1.000e-04  2.171e-02  6.208e-05 -4.430e-04
 1.8330e+00 -8.060e-03  7.295e-03 -2.702e-02  1.095e-02 -1.380e-03  1.009e-04  2.192e-02  6.250e-05 -4.487e-04
 1.8610e+00 -8.030e-03  7.355e-03 -2.731e-02  1.104e-02 -1.382e-03  1.020e-04  2.213e-02  6.296e-05 -4.539e-04
 1.8890e+00 -7.990e-03  7.405e-03 -2.759e-02  1.114e-02 -1.383e-03  1.029e-04  2.234e-02  6.338e-05 -4.597e-04
 1.9170e+00 -7.950e-03  7.455e-03 -2.787e-02  1.123e-02 -1.384e-03  1.039e-04  2.254e-02  6.380e-05 -4.649e-04
 1.9440e+00 -7.910e-03  7.505e-03 -2.815e-02  1.132e-02 -1.385e-03  1.047e-04  2.274e-02  6.413e-05 -4.701e-04
 1.9720e+00 -7.870e-03  7.545e-03 -2.843e-02  1.141e-02 -1.385e-03  1.056e-04  2.294e-02  6.445e-05 -4.752e-04
 2.0000e+00 -7.830e-03  7.595e-03 -2.870e-02  1.150e-02 -1.386e-03  1.064e-04  2.313e-02  6.487e-05 -4.803e-04
 2.0280e+00 -7.790e-03  7.645e-03 -2.897e-02  1.159e-02 -1.386e-03  1.071e-04  2.333e-02  6.524e-05 -4.854e-04
 2.0560e+00 -7.740e-03  7.695e-03 -2.924e-02  1.168e-02 -1.387e-03  1.080e-04  2.352e-02  6.562e-05 -4.903e-04
 2.0830e+00 -7.700e-03  7.735e-03 -2.950e-02  1.176e-02 -1.387e-03  1.087e-04  2.370e-02  6.589e-05 -4.952e-04
 2.1110e+00 -7.650e-03  7.785e-03 -2.977e-02  1.185e-02 -1.387e-03  1.095e-04  2.389e-02  6.627e-05 -5.000e-04
 2.1390e+00 -7.600e-03  7.825e-03 -3.003e-02  1.193e-02 -1.387e-03  1.104e-04  2.407e-02  6.664e-05 -5.052e-04
 2.1670e+00 -7.560e-03  7.865e-03 -3.028e-02  1.202e-02 -1.387e-03  1.112e-04  2.426e-02  6.697e-05 -5.098e-04
 2.1940e+00 -7.510e-03  7.915e-03 -3.054e-02  1.210e-02 -1.386e-03  1.121e-04  2.443e-02  6.734e-05 -5.142e-04
 2.2220e+00 -7.460e-03  7.955e-03 -3.079e-02  1.218e-02 -1.386e-03  1.129e-04  2.461e-02  6.771e-05 -5.185e-04
 2.2500e+00 -7.410e-03  7.995e-03 -3.104e-02  1.226e-02 -1.386e-03  1.135e-04  2.479e-02  6.799e-05 -5.231e-04
 2.2780e+00 -7.360e-03  8.045e-03 -3.129e-02  1.234e-02 -1.385e-03  1.144e-04  2.496e-02  6.827e-05 -5.277e-04
 2.3060e+00 -7.310e-03  8.085e-03 -3.154e-02  1.242e-02 -1.384e-03  1.150e-04  2.513e-02  6.864e-05 -5.319e-04
 2.3330e+00 -7.260e-03  8.125e-03 -3.178e-02  1.250e-02 -1.384e-03  1.159e-04  2.530e-02  6.897e-05 -5.365e-04
 2.3610e+00 -7.210e-03  8.165e-03 -3.202e-02  1.258e-02 -1.383e-03  1.166e-04  2.546e-02  6.915e-05 -5.408e-04
 2.3890e+00 -7.160e-03  8.205e-03 -3.226e-02  1.265e-02 -1.382e-03  1.174e-04  2.562e-02  6.939e-05 -5.455e-04
 2.4170e+00 -7.110e-03  8.245e-03 -3.250e-02  1.273e-02 -1.381e-03  1.179e-04  2.579e-02  6.962e-05 -5.500e-04
 2.4440e+00 -7.050e-03  8.285e-03 -3.274e-02  1.280e-02 -1.380e-03  1.187e-04  2.595e-02  6.990e-05 -5.549e-04
 2.4720e+00 -7.000e-03  8.325e-03 -3.297e-02  1.288e-02 -1.379e-03  1.192e-04  2.610e-02  7.023e-05 -5.595e-04
 2.5000e+00 -6.950e-03  8.355e-03 -3.320e-02  1.295e-02 -1.378e-03  1.198e-04  2.626e-02  7.046e-05 -5.642e-04
 2.5280e+00 -6.900e-03  8.395e-03 -3.343e-02  1.302e-02 -1.376e-03  1.205e-04  2.641e-02  7.074e-05 -5.687e-04
 2.5560e+00 -6.840e-03  8.435e-03 -3.365e-02  1.309e-02 -1.375e-03  1.213e-04  2.656e-02  7.106e-05 -5.729e-04
 2.5830e+00 -6.790e-03  8.475e-03 -3.388e-02  1.317e-02 -1.374e-03  1.217e-04  2.671e-02  7.130e-05 -5.773e-04
 2.6110e+00 -6.730e-03  8.505e-03 -3.410e-02  1.324e-02 -1.373e-03  1.223e-04  2.686e-02  7.153e-05 -5.815e-04
 2.6390e+00 -6.680e-03  8.545e-03 -3.432e-02  1.330e-02 -1.371e-03  1.229e-04  2.701e-02  7.167e-05 -5.859e-04
 2.6670e+00 -6.620e-03  8.585e-03 -3.454e-02  1.337e-02 -1.370e-03  1.235e-04  2.715e-02  7.190e-05 -5.899e-04
 2.6940e+00 -6.570e-03  8.615e-03 -3.476e-02  1.344e-02 -1.368e-03  1.240e-04  2.730e-02  7.213e-05 -5.941e-04
 2.7220e+00 -6.510e-03  8.655e-03 -3.497e-02  1.351e-02 -1.367e-03  1.243e-04  2.744e-02  7.237e-05 -5.985e-04
 2.7500e+00 -6.460e-03  8.685e-03 -3.518e-02  1.357e-02 -1.365e-03  1.250e-04  2.757e-02  7.255e-05 -6.025e-04
 2.7780e+00 -6.400e-03  8.725e-03 -3.539e-02  1.364e-02 -1.363e-03  1.255e-04  2.771e-02  7.274e-05 -6.067e-04
 2.8060e+00 -6.340e-03  8.755e-03 -3.560e-02  1.370e-02 -1.362e-03  1.259e-04  2.785e-02  7.297e-05 -6.105e-04
 2.8330e+00 -6.290e-03  8.795e-03 -3.581e-02  1.377e-02 -1.360e-03  1.265e-04  2.798e-02  7.316e-05 -6.145e-04
 2.8610e+00 -6.230e-03  8.825e-03 -3.601e-02  1.383e-02 -1.358e-03  1.270e-04  2.811e-02  7.339e-05 -6.181e-04
 2.8890e+00 -6.180e-03  8.855e-03 -3.621e-02  1.390e-02 -1.357e-03  1.275e-04  2.825e-02  7.362e-05 -6.223e-04
 2.9170e+00 -6.120e-03  8.895e-03 -3.641e-02  1.396e-02 -1.355e-03  1.279e-04  2.837e-02  7.390e-05 -6.262e-04
 2.9440e+00 -6.060e-03  8.925e-03 -3.661e-02  1.402e-02 -1.353e-03  1.284e-04  2.850e-02  7.414e-05 -6.296e-04
 2.9720e+00 -6.000e-03  8.955e-03 -3.681e-02  1.408e-02 -1.351e-03  1.287e-04  2.863e-02  7.437e-05 -6.336e-04
 3.0000e+00 -5.950e-03  8.995e-03 -3.701e-02  1.414e-02 -1.349e-03  1.291e-04  2.875e-02  7.456e-05 -6.371e-04
