2353 -5936.85 -10720.3 0.408668
7odm -149.51 178.217 0.762077
ab01 -3776.51 3861.86 0.0254707
ab02 -3428.05 3616 0.192792
ab04 -2527.62 4572.54 0.136565
ab06 -2975.68 3517.43 0.500413
ab07 -2781.22 3430.86 0.0895724
ab08 -2653.37 4128.09 0.0265181
ab09 -2269.03 4626.63 0.162089
ab11 -2268.32 4444.82 0.349444
ab12 -2572.12 3818.86 0.587105
ab13 -2605.25 3441.98 0.487821
ab14 -2433.95 3730.76 0.657636
ab15 -2328.33 3938.61 0.560326
ab17 -2148.1 4223.7 0.11745
ab18 -1986.12 4543.74 0.0371252
ab21 -3931.88 3990.56 0.0593801
ab22 -2166.24 3652.57 0.199813
ab25 -2025.36 3985.05 0.961039
ab27 -1774.51 4393.55 0.508104
ab28 -1937.44 3808.18 1.58269
ab33 -1514.49 4242.95 0.334769
ab35 -1529.38 3336.69 0.536743
ab36 -1668.47 4039.32 0.816523
ab37 -1547.39 3705.43 1.1366
ab39 -1357.77 4067.76 0.147699
ab41 -1267.39 3806.05 0.285966
ab42 -1371.5 3187.21 0.773305
ab43 -1285.02 3023.24 0.0269819
ab44 -1163.43 3144 0.3042
ab45 -1379.26 4362.59 0.507009
ab46 -1292.65 4233.14 0.647894
ab48 -1227.7 2777.46 0.0052573
ab49 -1148.97 2680.37 0.017552
ab50 -1158.5 3012.62 0.0515643
ab51 -1107.74 2811.52 0.0758439
abgs -640.916 -3596.85 0.23578
abpo -640.916 -3596.85 1.55299
ac02 -2328.88 3345.16 0.126844
ac03 -2033.86 3550.74 0.0196395
ac06 -1985.16 3521 0.631427
ac07 -2010.91 4425.14 0.176319
ac08 -2175.71 3523.11 0.644167
ac09 -1651.12 3362.95 0.36888
ac10 -3083.07 3552.78 0.170479
ac11 -1744.06 3656.54 0.790861
ac12 -2770.53 3343.73 0.0844016
ac13 -2480.84 3284.5 0.22279
ac14 -1779.51 3550.59 0.748729
ac15 -1885.46 3559.84 0.151443
ac16 -1801.87 3519.36 0.0342546
ac17 -2006.35 3655.59 0.88259
ac18 -2104.3 3478.36 0.214713
ac19 -1946.47 3872.78 0.546516
ac20 -1841.95 3594.8 0.0436667
ac21 -2666.39 3429.74 0.170937
ac23 -1943.02 3591.91 0.0808053
ac24 -2344.1 3601.32 0.0363423
ac25 -2900.22 3486.16 0.584266
ac26 -2246.95 3469.31 0.190133
ac27 -2181.42 3571.88 0.417486
ac28 -2777.89 3386.89 0.365097
ac30 -1819.04 3442.29 0.75068
ac31 -2148.68 4341.58 0.228338
ac32 -1877.84 3687.53 1.34775
ac33 -1805.23 3805.18 1.52108
ac34 -2262.96 3341.28 0.10324
ac35 -2002.73 3479.16 0.408428
ac36 -1901.83 3632.24 0.0464662
ac37 -2091.02 3678.52 1.62658
ac38 -2233.32 3396.64 0.0438234
ac39 -2130.93 3451.33 0.157156
ac40 -2567 3506.34 0.0399037
ac41 -2735.88 3481.15 0.407735
ac42 -2973.88 3449.48 0.257894
ac43 -1934.57 3460.09 0.0695224
ac44 -1834.87 3632.17 0.832146
ac45 -2353.17 3306.62 0.45106
ac46 -1884.48 3760.56 0.619743
ac47 -2052.82 3604.73 0.922258
ac48 -1757.41 3512.89 0.379512
ac50 -2157.87 4498.34 0.516805
ac51 -1928.45 3721.23 0.957415
ac52 -2467.8 3527.62 0.0518206
ac53 -1828.96 3698.65 0.0574702
ac55 -1871.57 3806.59 1.01224
ac57 -1652.15 3523.84 0.826376
ac58 -3112.72 4044.04 0.0193777
ac59 -2132.53 3584.11 0.308574
ac60 -4211.43 4693.39 0.0183045
ac61 -1341.32 3744.9 0.745405
ac62 -1581.6 3737.04 1.34712
ac63 -1538.9 3769.23 0.815067
ac64 -1505.55 3653.81 0.774542
ac65 -1471.52 3653.08 0.73587
ac66 -4169.08 4229.63 0.10682
ac67 -2182.11 3370.38 0.347244
ac69 -1379.18 3648 0.644588
ac70 -1655.87 3804.23 0.810846
ac71 -1505.28 3822.19 0.363983
ac72 -1531.01 3789.84 0.558831
ac74 -1674.98 3835.56 0.668583
ac75 -1737.31 3809.38 0.608607
ac76 -1440.79 3665.4 1.58527
ac77 -1560.02 3676.12 0.74684
acor -640.916 -3596.85 0.0669066
acso 2773.02 1453.8 0.248162
acu1 3697.12 2186.52 0.0051328
acu2 3697.16 2186.56 0.0036106
ade1 -640.916 -3596.85 0.0306179
ade2 -640.916 -3596.85 0.0306177
adis -640.916 -3596.85 2.43916
adks 1953.08 -100.872 0.0027763
adri 2602.45 1604.2 0.205955
agmt -88.5895 231.35 1.33783
ahid 344.783 1155.89 1.97553
aira -640.916 -3596.85 0.3147
ais1 -1069.66 2603.51 0.0321772
ais2 -1069.64 2603.49 0.032199
ajac -640.916 -3596.85 0.0987805
alac -640.916 -3596.85 0.0603384
alam 22.1736 539.323 1.09001
albh -621.073 1783.14 0.0317526
alga 2850.2 2282.63 0.200882
algo 2850.2 2282.63 0.200929
alic -640.916 -3596.85 0.603265
allg 3172.44 1561.88 0.17449
alme -640.916 -3596.85 0.127504
alon -640.916 -3596.85 0.0556885
alpp -295.906 258.039 0.918089
alrt 543.305 5914.57 0.078199
amc2 944.149 772.763 1.91139
amct 944.149 772.762 1.91137
aml5 1241.71 399.733 1.09699
ammn -640.916 -3596.85 1.07445
amun -640.916 -3596.85 2.81626
ana1 -359.162 169.488 0.0224489
andr -640.916 -3596.85 0.225118
ang1 1974.14 -155.079 -0.0094547
ang2 1974.16 -155.056 -0.0092929
ankr -640.916 -3596.85 0.97604
ankt -640.916 -3596.85 0.986149
anp1 3396.61 1586.06 0.0202673
anp2 3396.61 1586.1 0.0214131
antc 3963.77 -8853.03 0.745392
anto 1660.87 -188.625 0.259113
aoa1 -309.64 184.276 0.246556
aom1 3715.58 -156.847 2.77e-05
aoml 3715.58 -156.848 7.96e-05
apex 44.7455 424.479 0.761042
aqui -640.916 -3596.85 0.713074
areg 5199.52 -6130.65 2.48893
arel -640.916 -3596.85 0.706277
areq 5199.52 -6130.65 2.48895
arex 5199.46 -6130.66 2.49128
argu -187.928 392.771 1.79135
arl5 1742.28 209.529 0.137961
arli -523.126 1751.59 0.0233676
arm1 -314.828 300.183 0.0767098
arm2 -314.84 300.184 0.0767045
aron 2850.2 2282.63 0.200882
arot 2850.2 2282.63 0.200882
arp1 1845.15 -351.796 -0.0211672
arp2 1845.13 -351.8 -0.016467
arp3 1845.16 -351.797 -0.0166599
artu -640.916 -3596.85 0.247566
asc1 -640.916 -3596.85 0.105116
ash1 -90.651 122.435 1.25616
ash2 -90.651 122.435 1.25616
ashm -63.689 425.811 0.88572
ashv 3033.96 940.913 0.659169
asky 1227.76 5561.66 0.687255
aspa -6831.93 -6180.37 0.053661
atl1 2917.4 675.624 0.29478
atw2 -1793.97 3656.31 0.0970688
atwc -1793.95 3656.35 0.0981883
auck -6321.4 -10682.6 0.132706
augl -2133.29 3557.32 0.104014
aus5 1726.33 -81.4123 0.190283
autf 2817.4 -10814.4 0.0718836
av01 -2139.41 3559.58 0.487229
av02 -2139.38 3556.02 0.229805
av03 -2136.82 3561.08 0.360224
av04 -2138.34 3559.46 0.915954
av05 -2137.21 3558.79 1.03681
av06 -3161.11 3561.34 0.463107
av07 -3174.28 3576.28 0.521082
av08 -3175.99 3573.36 0.598421
av09 -3225.48 3575.54 0.105697
av10 -3174.24 3565.16 0.329549
av11 -2133.31 3557.38 0.114918
av12 -3162.76 3573.63 0.40473
av13 -3167.64 3568.41 0.494787
av14 -3167.54 3562.52 0.396353
av15 -3162.1 3554.32 0.457444
av16 -2141.42 3564.65 0.025381
av17 -2136.09 3563.75 0.0294079
av18 -2136.83 3560.97 0.367174
av19 -2137.3 3557.73 0.647423
av20 -2138.47 3557.43 0.542202
av21 -2133.29 3557.32 0.103974
av24 -3070.51 3552.63 0.481744
av25 -3076.76 3548.32 0.651966
av26 -3062.75 3542.63 0.577615
av27 -3076.86 3542.17 0.97792
av29 -3071.19 3533.78 0.97188
av34 -3003.99 3515.95 0.636408
av35 -3029.98 3558.72 0.646954
av36 -3022.29 3539.61 0.648419
av37 -3020.44 3527.78 0.79605
av38 -2999.06 3528.97 0.492316
av39 -3012.26 3537.24 0.797402
av40 -3012.06 3509.9 0.41395
avry -155.056 217.243 0.888895
azcn 670.441 519.023 1.86293
azry -106.536 114.373 1.26571
azu1 -223.583 179.641 0.14473
bago 2625.54 1123.54 0.124468
bahr -640.916 -3596.85 -0.017074
baie 3293.63 3095.31 0.0274686
bake 859.969 3703.44 0.0044993
bako -640.916 -3596.85 0.158123
bald -308.35 586.638 2.74952
bamf -737.625 1844.29 0.0107833
bamo -158.272 876.74 1.79245
ban2 -640.916 -3596.85 0.831887
bar1 -329.506 109.545 0.0147967
barb 7250.9 -1021.97 -0.0385956
barh 3694.48 2620.56 0.0067312
barn 3497.93 2422.75 0.137969
batm -97.1183 431.96 0.736971
bay1 -2913.33 3513.23 0.0504788
bay2 -2913.3 3513.22 0.0505074
bayr 2538.54 1778.38 0.148871
bbdm -414.404 233.903 0.204876
bbid 296.6 1310.16 1.78993
bbry -130.259 194.615 2.05106
bcov -837.641 2048.71 0.0373496
bcwr -360.688 270.015 1.33292
bcyi 145.715 1316.36 2.17339
bdos 7250.9 -1021.97 -0.0385593
bea2 -1353.02 3551.17 0.662446
bea5 2085.14 -29.6773 -0.0130219
beat -107.223 502.519 1.39605
bell -640.916 -3596.85 0.853411
bemt -48.3996 165.817 1.37364
bepk -237.871 374.142 2.47111
bgis -248.055 162.266 0.002795
bhma 3810.18 8.56237 -0.0260536
bhr1 -640.916 -3596.85 -0.0166005
bhr2 -640.916 -3596.85 -0.0165999
bil1 556.505 1533.55 0.873686
bili -2569.97 5799.32 0.456159
bill -146.911 118.546 0.470043
bis1 -1263.31 2858.53 0.0666058
biti -640.916 -3596.85 -0.0074776
bjfs -640.916 -3596.85 0.087469
bkap -57.2958 308.414 0.252029
bkly 3056.59 1248.85 0.6913
bkms -242.056 161.661 0.0110102
bkr1 -333.113 292.911 0.0567702
bkr2 -333.095 292.932 0.0566752
bla1 3153.55 1211.43 0.605699
blkv 3154.38 1211.06 0.60648
blmm 2290.69 844.269 0.100612
blrw 2010.84 1543.01 0.188899
blsa -236.136 143.555 -0.0231576
blwy 468.104 1165.04 2.21563
blyn -582.863 1738.26 0.613259
blyt 71.0933 124.452 0.0859161
bmhl -53.7173 193.592 0.722634
bmry -139.502 161.168 0.787248
bogi -640.916 -3596.85 0.139908
bogo -640.916 -3596.85 0.149607
bogt 5132.43 -2896.42 2.57651
bomg -22.7366 95.5811 -0.0842419
bor1 -640.916 -3596.85 0.124371
bran -258.596 186.544 0.246249
bras -640.916 -3596.85 0.901201
braz 9274.02 -7794.22 1.10601
bree -640.916 -3596.85 0.0843782
brew -340.511 1737.55 0.238604
brft 13254.3 -5175.68 0.0216659
brib -593.941 612.56 0.263168
brig 2595.25 1680.76 0.261326
brip -1740.18 -13440.7 2.11088
brmu 5021.73 1511.78 -0.0116401
brpk -285.362 242.091 1.72912
brst -640.916 -3596.85 0.0658458
bru1 3606.08 2468.23 0.0018973
brus -640.916 -3596.85 0.149691
bsat -640.916 -3596.85 0.0058469
bshm -640.916 -3596.85 0.225073
bsim -640.916 -3596.85 -0.0221431
bsmk 1092.3 1717.1 0.551221
bsry -142.011 267.167 0.613487
btdm -250.271 198.411 0.678246
btet -640.916 -3596.85 0.0211647
bthl -640.916 -3596.85 0.0673639
bucu -640.916 -3596.85 0.143204
budp -640.916 -3596.85 0.094031
bue2 5434.65 -9467.96 0.033697
bull -129.488 488.894 1.34479
buri -1362.53 -13534.2 2.00629
burn -209.916 1139.82 1.1809
bust -91.9 469.912 0.992301
bvpp -354.739 296.157 0.123037
bzrg -640.916 -3596.85 0.3291
ca99 -308.248 571.221 2.3915
cabl -759.162 1173.59 0.0378343
cact -47.2625 127.526 0.518457
cagl -640.916 -3596.85 0.238366
cags 3042.75 2344.98 0.234956
cagz -640.916 -3596.85 0.237977
came -640.916 -3596.85 0.498667
cand -450.682 385.823 0.568391
cant -640.916 -3596.85 0.099274
capf 2113.45 -12052.4 0.100169
carh -450.621 380.158 0.480258
carr -450.623 380.154 0.47881
cas1 -640.916 -3596.85 0.0224596
casa -308.246 571.229 2.39054
casc -640.916 -3596.85 0.0760338
casl 3547.33 987.45 -0.0173215
casp 727.267 1198.88 1.57137
cast 405.326 760.213 2.24504
cat1 -278.757 104.84 0.003902
cat2 -265.08 89.7772 0.477242
cat3 -278.757 104.839 0.0051364
cava -640.916 -3596.85 0.0477592
caya 1661.12 -1633.17 0.0259456
cbhs -291.187 181.869 0.284605
ccak -640.916 -3596.85 0.0367173
cccc -201.738 339.094 0.81395
ccco -252.932 152.246 -0.0169445
cccs -220.921 150.424 0.0318274
ccj2 -640.916 -3596.85 0.104115
ccjm -640.916 -3596.85 0.208881
ccst -325.093 256.567 1.57806
ccv1 3558.66 166.538 -0.024145
ccv2 3558.64 166.495 -0.0242003
ccv3 3558.43 166.501 -0.0243628
ccv4 3558.42 166.458 -0.024331
cdmt -80.1924 257.483 0.936576
cdnp -640.916 -3596.85 0.234533
ceda 208.945 914.708 1.4725
cedu -640.916 -3596.85 0.144737
cena -1388.09 3948.57 0.28377
ceut -640.916 -3596.85 0.0518381
cfag 4708.17 -8369.34 0.702584
cgdm -229.772 192.781 0.704689
cha1 3433.63 714.111 -0.0290396
cha2 3433.61 714.087 -0.028765
chab -592.208 590.71 0.213946
chan -640.916 -3596.85 0.273268
chat -4777.09 -10514.4 0.0579809
chb1 2383.84 2000.2 0.145332
chcm -571.604 1736.79 0.0203727
ches 3426.21 1740.73 0.10818
chi1 -1743.15 3453.2 0.0848457
chi3 -1743.12 3453.2 0.09457
chi4 -1743.11 3453.22 0.0912014
chil -235.295 202.753 1.56751
chl1 3545.98 1633.73 -0.0135286
chl2 3546.02 1633.76 -0.0092666
chlo -119.984 469.927 0.864231
chme 3207.22 968.2 0.225288
chms -216.775 236.634 0.760328
cho1 -542.478 778.334 0.0164261
chpi 8784.86 -9533.6 0.617434
chr1 3577.58 1376.8 -0.0267554
cht1 3778.61 2232.28 -0.0106103
chtp -292.068 194.99 0.667264
chud -4387.76 -927.504 0.801492
chum -640.916 -3596.85 0.716325
chur 1167.52 3144.72 -0.019291
chwk -506.028 1860.1 0.17402
chzz -686.2 1463.88 0.0507089
cic1 -109.301 -70.7 0.0643255
cice -109.454 -70.6355 0.0876411
cirx -319.604 179.147 0.4882
cit1 -244.854 181.038 0.215355
cjms -185.022 200.204 0.933357
cjtr 2143.81 548.739 0.125974
clar -206.289 177.721 0.373626
clgi -640.916 -3596.85 0.260255
clgo -1556.05 3954.26 0.196093
clk1 1360.99 1558.53 0.415115
clov 39.0627 895.057 2.08493
clrk -732.209 -12309 0.99981
cmbb -438.105 618.171 0.695721
cmcr -640.916 -3596.85 0.233958
cme1 -768.453 906.295 0.305506
cmod -493.88 576.703 0.0280834
cmp9 -270.721 205.369 1.13799
cncl -5567.7 -11758.4 1.22231
cndr -517.171 606.109 -0.0207701
cnmr -640.916 -3596.85 0.0643873
cnpp -197.242 149.687 0.300299
cnwm 2021.45 845.17 0.359437
coco -640.916 -3596.85 -0.0352837
coga 3168.17 716.447 0.0938779
cola 3242.67 818.872 0.0816404
colb 2780.81 1420.68 0.185269
coma -379.466 530.729 0.665973
cono 3153.5 1003.96 0.268162
cont 3860.02 -8713.4 0.173463
conz 3859.95 -8713.5 0.180709
coon 271.638 914.801 1.61
copo 4764.44 -7704.11 0.479097
copr -405.574 215.072 -0.0228444
corb 3376.6 1458.4 0.0359559
corc 1808.05 -369.496 -0.0168644
cord 5118.01 -8617.94 0.746866
corv -641.399 1359.43 0.105612
corx -164.252 -10.3451 0.0742823
cosa 334.328 129.243 0.391322
cose -640.916 -3596.85 0.66368
coso -213.836 385.442 1.45515
cot1 427.536 -15.5531 0.733183
cotd -84.1189 135.814 0.0276825
coup -563.174 1759.25 0.0210038
covx 3606.21 1388.54 -0.0011251
coyq 3336.93 -9725.29 0.476265
cpbi -640.916 -3596.85 0.278834
cpbn -193.16 284.298 0.835828
cpsr -640.916 -3596.85 0.0307977
cpxf -541.7 1603.97 0.53361
cpxx -541.7 1603.97 0.533613
cram -124.775 507.051 1.48015
crao -640.916 -3596.85 0.365805
crar -1469.52 -13269.9 -0.0198345
crat -102.493 476.773 0.97253
crbt -479.926 370.48 0.205434
creu -640.916 -3596.85 0.13343
crfp -150.117 169.64 0.68882
crhs -258.699 146.465 -0.0235281
cro1 6143.03 -527.479 -0.0319717
crrs -22.8377 62.8869 -0.0819081
cru1 -398.037 172.048 0.70218
csar -640.916 -3596.85 0.0366048
csbk -640.916 -3596.85 0.0708731
csci -328.854 185.857 0.0708492
csdh -257.162 150.657 -0.0091581
csn1 -281.223 194.47 0.26142
csst -358.865 213.105 0.162494
ctcn -640.916 -3596.85 0.0290312
ctdm -288.991 223.763 0.40607
ctms -82.8601 179.245 0.966484
cuhs -385.119 273.098 0.635247
cusv -640.916 -3596.85 0.074287
cvhs -224.109 174.766 0.11908
cvms 2367.57 700.663 0.0729248
cvo1 -569.453 1468.68 0.0666558
daej -640.916 -3596.85 0.116837
daka -640.916 -3596.85 0.0462331
dam1 -269.456 203.224 0.584097
dam2 -269.409 203.316 0.583407
dam3 -269.466 203.223 0.580038
dane -640.916 -3596.85 0.177108
dar_ -640.916 -3596.85 0.125141
darr -640.916 -3596.85 0.12513
darw -640.916 -3596.85 0.125117
dav1 -640.916 -3596.85 0.0443931
davr -640.916 -3596.85 0.0444163
dcut 323.498 891.123 1.79727
ddmn -315.47 582.43 2.26542
ddsn -648.958 1196.12 0.953101
dech -324.346 616.741 1.94756
denc 899.408 876.093 1.59585
dent -640.916 -3596.85 0.0638815
desc -107.39 35.6385 0.957277
det1 2660.76 1680.41 0.14527
devi -1085.46 -13445.7 0.0669565
dgar -640.916 -3596.85 -0.0649194
dgjg 1927.89 6290.56 1.49411
dhlg -28.1955 98.308 -0.0830512
diab -573.337 606.898 0.990268
dksg 1116.21 5523.06 0.609606
dlft -640.916 -3596.85 0.0742334
dndn -640.916 -3596.85 0.138776
dnrc 3483.09 1655.46 -0.0151651
dnvk -5703.89 -10854.5 0.457699
doar 1729.5 -1630.19 0.220719
dond -379.465 530.73 0.66592
dour -640.916 -3596.85 0.282666
dqua 1973.42 420.197 0.169702
drag -640.916 -3596.85 0.0318318
drao -331.66 1869.79 0.541886
drej -640.916 -3596.85 0.203587
dres -640.916 -3596.85 0.203041
drv1 3524.62 1353.98 -0.0228584
ds40 -640.916 -3596.85 0.683731
ds41 -640.916 -3596.85 0.68425
dsea -640.916 -3596.85 -0.360789
dshs -265.42 168.779 -0.0021157
dsme -164.217 58.5082 0.0561287
dsr2 862.439 896.529 1.6544
dsrc 862.443 896.524 1.65629
dssc -114.245 135.776 1.66087
dubo 1358.58 2187.69 0.24527
dubr -640.916 -3596.85 0.454277
duck 3646.51 1302.88 -0.0267653
dufm 575.405 -13241.5 0.945296
dund -5218.37 -11802.1 0.386931
dunt -5226.87 -11795.1 0.0134524
dvle -140.979 132.108 0.532492
dvls -145.886 131.062 0.508611
dvlw -147.168 127.355 0.528053
dvne -140.333 131.326 0.508366
dvnw -147.045 129.096 0.509066
dvpb -219.961 211.481 1.43085
dvse -140.025 129.914 0.508598
dvsw -147.039 128.487 0.509062
dwh1 -521.476 1706.85 0.109019
dyer -232.486 580.937 1.51194
dyhs -244.976 159.001 0.0014742
dyr2 -640.916 -3596.85 0.718951
ebre -640.916 -3596.85 0.107815
ecco -263.815 153.544 -0.0193478
ecfs -179.091 126.319 0.801402
echo 99.5739 603.123 1.6841
ecsd 1501.73 1451.95 0.444375
edoc -1272.48 4503.95 0.0224002
edpp -308.063 271.756 0.379829
ef04 1506.06 772.33 0.461079
ef06 1625.36 784.943 0.347967
ef12 1703.94 684.056 0.273625
ef15 1545.22 601.873 0.364413
ef20 1684.24 528.671 0.254984
ef22 1505.35 468.446 0.387925
egan 36.6995 760.265 1.99826
eil1 -1533.89 3918.43 0.1728
eil2 -1533.89 3918.43 0.174956
eisl 615.092 -6622.72 0.114503
eky1 3353.05 -18.9526 -0.0184772
eky2 3353 -18.9082 -0.0206497
elat -640.916 -3596.85 0.0295377
elen 2842.28 -1509.2 0.118147
eliz -867.631 1976.99 0.164724
elko -41.3111 933.11 2.01689
elp3 878.493 -40.1025 1.12202
elro -640.916 -3596.85 1.08315
elsc -252.476 169.261 0.0611715
elsr -574.721 1679.72 0.115179
ems1 -640.916 -3596.85 -0.0277129
eng1 2520.52 37.1886 -0.0185573
enlf -164.216 58.5081 0.0561477
eout 284.008 982.431 1.67787
eprt 3740.86 2746.63 0.03035
epza 3477.25 -2286.59 0.668397
erla 2688.19 1257.91 0.254198
esco -640.916 -3596.85 2.50844
escu 3700.32 3094.36 -0.0160178
ese2 -140.346 129.248 0.512799
esre -140.082 129.031 0.538162
esrw -147.121 130.025 0.548644
esti 3331.95 -1922.01 0.852718
eurk 434.342 5441.11 0.0257349
eusk -640.916 -3596.85 0.245294
evpa -640.916 -3596.85 0.0393727
ewpp -189.393 176.984 0.330467
faa1 -3764.46 -5875.57 0.0120634
fair -1535 3956.46 0.319008
fale -7072.55 -6165.85 0.0476622
falk 3642.12 -11135.9 0.0508388
fall -375.654 -13126.2 0.260166
farb -670.171 592.353 -0.0217389
fayr 3413.54 1024.47 0.0154126
fbyn 1542.9 1029.79 0.405326
fdtc 3362.72 891.564 0.0151346
fei1 1675.99 -180.476 0.22819
fern 272.259 323.598 1.76791
ffmj -640.916 -3596.85 0.178143
fgst -416.461 250.71 0.904076
fhff -288.673 223.548 0.334427
flin 822.766 2571.54 0.311522
flsk 2069.64 -11943.8 0.582439
fmc1 3644.3 1084.08 -0.0149507
fmc2 3644.28 1084.1 -0.0329039
fmtp -315.003 212.379 0.362783
fmvt -314.184 206.425 0.616994
fonp 2154.59 -11955.4 0.0953757
foot 134.297 765.789 1.54738
fore 335.297 902.922 1.79666
fort 13254.3 -5175.67 0.019462
fred 259.722 506.206 1.52973
free 3806.75 9.13272 -0.0260823
freo 2923.29 1517.37 0.273455
fst1 330.943 313.115 2.13619
fst2 330.939 313.088 2.13577
fts1 -677.494 1543.53 -0.0139294
fvpk -227.669 128.259 -0.0115528
fxhs -266.346 175.077 0.0333017
fzhs -314.12 255.669 1.27372
gabb -220.301 717.033 1.55028
gait 3335.14 1571.36 0.109059
gal1 2048.91 -136.97 -0.0175873
gala 2943.95 -3688.81 0.0074152
galb 2690.19 1283.65 0.1429
ganp -640.916 -3596.85 0.746018
garl -340.759 879.803 1.64023
gdac 1167.76 689.057 1.13432
gdec -401.664 300.955 0.566236
geno -640.916 -3596.85 0.155528
ghrp -177.573 187.984 0.628597
gilb -640.916 -3596.85 0.506824
gisb -5803.71 -10531.2 0.0872305
glps 2943.94 -3688.85 0.0017807
glpt 3512.65 1390.13 -0.0220647
glrs -3.21202 85.878 -0.0486548
glsv -640.916 -3596.85 0.226319
gmas -640.916 -3596.85 0.195467
gmma -640.916 -3596.85 0.521804
gmpk 61.9475 62.1982 0.591175
gmrc -18.335 253.057 1.2982
gmsd -640.916 -3596.85 0.142341
gnaa -1614.68 3629.53 0.603136
gnps 117.728 203.096 0.232374
gobs -437.145 1486.37 0.621471
gode 3376.67 1577.08 0.0144896
godz 3376.67 1577.08 0.0145181
gol2 -130.862 323.348 0.986662
gold -130.862 323.348 0.986676
gope -640.916 -3596.85 0.592615
gosh 97.5761 905.788 1.56019
goug -640.916 -3596.85 0.0811252
gr8r -447.263 436.779 0.206016
gr8v -447.267 436.778 0.204255
graa -640.916 -3596.85 0.538164
grab -640.916 -3596.85 0.537997
grar 2416.11 1665.45 0.155927
gras -640.916 -3596.85 1.31931
graz -640.916 -3596.85 0.538294
grim -640.916 -3596.85 0.0933822
grmd -600.478 1603.22 0.0307567
grnr -1661.86 3876.99 0.596164
grrg 314.278 1172.17 2.19836
grva -640.916 -3596.85 0.776688
gtrg 164.255 1197.93 1.53914
guam -640.916 -3596.85 0.201919
guao -640.916 -3596.85 2.0287
guat 2804.25 -1802.83 1.51989
guax -266.676 -401.026 0.0404832
gus1 -1224.19 3031.01 0.0216356
gus2 -1224.16 3031.04 0.0200439
gust 2902.17 1680.47 0.281996
guug -640.916 -3596.85 0.134745
gvlt 3086.3 858.01 0.248838
gvrs -243.634 171.125 0.154511
gwen -477.31 1482.16 0.732318
hag1 3267.01 1596.04 0.120999
haly -640.916 -3596.85 0.861601
hamg 246.86 1282.25 1.52896
hamm 2448.42 97.6142 0.0058146
harb -640.916 -3596.85 1.55808
harg -640.916 -3596.85 1.55539
hark -640.916 -3596.85 1.55538
hart -640.916 -3596.85 1.55537
harv -479.149 223.51 0.0148722
hast -5757.61 -10738.7 0.152423
hbco -259.96 142.06 -0.0268751
hbrk 1589.56 831.418 0.412595
hces 2383.68 804.657 0.0779276
hcmn -88.7541 249.147 0.568748
hcro -517.941 931.095 1.00008
hdf1 3374.34 2208.75 0.0416804
hdf2 3374.33 2208.78 0.0424511
hebe 335.926 903.208 1.80634
helg -640.916 -3596.85 0.0484094
helj -640.916 -3596.85 0.0483891
hell -139.058 467.366 0.659995
herp -640.916 -3596.85 0.0726878
hers -640.916 -3596.85 0.0765023
hert -640.916 -3596.85 0.0833454
hflk -640.916 -3596.85 2.38416
hilb 3337.27 1133.31 0.171077
hilo -4370.43 -886.254 0.0292869
hipt 3255.77 1084.39 0.266611
hivi -214.08 249.86 0.930856
hklo 1785.1 564.8 0.191119
hlfx 4000.88 2939.68 0.003096
hlid 67.9317 1229.69 1.76969
hmbg 1713.17 6361.7 1.32288
hnlc -4660.97 -574.928 0.0219862
hnps -14.4533 133.434 0.393935
hnpt 3464.92 1561.17 -0.0279821
hob1 -640.916 -3596.85 0.0567771
hob2 -640.916 -3596.85 0.0410709
hobu -640.916 -3596.85 0.152216
hoer -640.916 -3596.85 0.0625159
hofn -640.916 -3596.85 0.082785
hogs -455.102 377.909 0.762849
hoki -5658.46 -11581.4 0.0537005
hol3 -218.541 216.431 1.23941
holb -927.285 2072.4 0.559572
holc -218.544 216.434 1.23814
holm -168.945 4251.31 0.0004646
holp -248.892 157.553 -0.0067295
hone -640.916 -3596.85 0.177588
hopb -667.179 736.984 0.353225
horn -5540.79 -11737.7 0.960359
hotk -301.562 572.646 2.14318
hous 1968.69 -99.1925 0.0107848
howe -295.641 -13351.2 2.58254
hphs -253.321 164.754 0.0183721
hrao -640.916 -3596.85 1.41415
hrm1 -640.916 -3596.85 0.159812
hrm2 -640.916 -3596.85 0.159811
hrn1 3148.85 1723.56 0.587444
hrn2 3148.84 1723.53 0.588032
hrst 2245.61 2465.83 0.228404
htv1 2668.41 902.934 0.163688
htv2 2668.39 902.912 0.167388
hueg -640.916 -3596.85 0.27828
hunt -448.082 379.228 0.449327
hurr 163.646 510.598 0.924455
husb -528.942 1299.74 2.03845
hutb -640.916 -3596.85 -0.0552532
hvlk 1443.77 724.298 0.621303
hvwy 371.976 1363.54 2.40696
hvys -341.898 216.401 0.373945
hw62 57.9873 174.604 0.220779
hwut 312.027 1023.61 1.71494
hyde -640.916 -3596.85 0.44167
i40a -41.2531 246.494 0.765308
iavh -640.916 -3596.85 0.0992419
ibex -83.8309 370.466 0.700954
ibk2 -640.916 -3596.85 0.664
icig 182.667 1319.73 2.50242
ieng -640.916 -3596.85 0.316637
ifr1 -640.916 -3596.85 1.70881
ifrn -640.916 -3596.85 1.71011
iid2 43.5674 23.5757 0.0097842
iisc -640.916 -3596.85 0.843715
imps 30.0746 184.331 0.563234
ineg 1391.84 -1105.53 1.88735
invk -815.763 4071.39 0.0463527
iqqe 5207.36 -6742.72 0.0389252
irkj -640.916 -3596.85 0.502045
irkm -640.916 -3596.85 0.502308
irkt -640.916 -3596.85 0.50234
islk -274.36 350.641 0.823357
ispa 619.123 -6620.37 0.112484
ista -640.916 -3596.85 0.147249
iuco 2513.85 1210.24 0.229473
ivco -1.15179 36.5097 -0.0534306
jab1 -640.916 -3596.85 0.0821514
jama 4426.95 -1051.77 -0.0029463
jct1 1521.9 -95.9097 0.571823
jcuz -4388.11 -928.786 0.826829
jfws 2045.92 1515.76 0.293616
jmbi -640.916 -3596.85 0.0623316
jmel 4979.44 -851.093 0.0066951
jnpr -324.526 585.686 2.30883
joen -640.916 -3596.85 0.11066
john -60.1864 438.366 0.87173
joka -4374.27 -925.421 0.48263
joz2 -640.916 -3596.85 0.152531
joze -640.916 -3596.85 0.14144
jplf -249.432 188.307 0.360214
jplm -249.003 188.638 0.423985
jro1 -542.896 1541.01 1.27559
jslm -640.916 -3596.85 0.790356
jtnt 1363.47 172.811 0.68452
kabr -640.916 -3596.85 0.103414
kagz 805.142 5634.44 0.086519
kamo -4390.3 -926.714 0.781392
kan1 1734.29 962.956 0.289741
kan2 1734.34 962.969 0.291974
kara -5579.68 -11764 1.40327
karl -640.916 -3596.85 0.182861
karr -640.916 -3596.85 0.109168
katz -640.916 -3596.85 0.34701
kayo 181.331 303.587 1.42476
kayt -640.916 -3596.85 0.0611479
kbrc -325.512 211.323 0.370487
kbug 2615.36 5671.24 0.290604
kels -596.458 1527.25 -0.0159376
kely 2246.94 5308.08 0.229816
ken1 -1954.43 3625.55 0.0561252
ken2 -1954.44 3625.52 0.0528443
kerg -640.916 -3596.85 0.0730277
kew1 1996.96 2038.1 0.172318
kgn0 -640.916 -3596.85 0.128908
kgni -640.916 -3596.85 0.123538
khaj -640.916 -3596.85 0.130448
khar -640.916 -3596.85 0.201029
khlr -240.456 -12052.4 1.86382
kir0 -640.916 -3596.85 0.497997
kiri -10943.3 -3193.6 0.0361769
kiru -640.916 -3596.85 0.391017
kit3 -640.916 -3596.85 0.62247
kjun 2297.78 24.9582 -0.00702
klhv -640.916 -3596.85 0.498039
klop -640.916 -3596.85 0.222404
klpd -640.916 -3596.85 0.0427498
kngs 3078.1 2165.83 0.0488037
knol -315.492 572.987 2.65175
kod1 -2180.05 3345.53 0.0270612
kod5 -2180.05 3345.53 0.0272304
kod6 -2180.08 3345.54 0.0272257
kodk -2189.54 3367.25 0.0380256
kok0 -4850.16 -390.021 1.16679
kok1 -4868.58 -405.256 0.0236441
kok2 -4868.58 -405.214 0.0236415
kokb -4850.18 -390.083 1.16735
kosg -640.916 -3596.85 0.0968671
kou1 9054.27 -2315.15 -0.0257662
kouc -10754 -10431.1 0.0841746
koug 9054.28 -2315.15 -0.0257631
kour 9054.28 -2315.15 -0.025744
kr0g -640.916 -3596.85 0.498108
krac -306.664 578.821 2.37769
krak -306.722 578.803 2.36532
ksmv -640.916 -3596.85 0.0578691
ksnb 2470.74 5981.57 1.72082
kstu -640.916 -3596.85 0.210025
ksu1 1629.34 934.552 0.325547
ktbw -576.93 1685.44 0.491563
kuaq 2285.89 6125.26 0.864926
kulu 2607.39 5877.45 0.0674875
kumt -640.916 -3596.85 4.01285
kunm -640.916 -3596.85 1.98623
kuuj 2270.39 3254.32 -0.0004552
kvtx 1765.72 -399.269 -0.0026053
kwaj -12014.1 -567.521 0.0382479
kwj1 -12014.1 -567.518 0.0381908
kyvw -64.5128 157.338 1.4982
kyw1 3590.5 -353.758 -0.0137846
kyw2 3590.52 -353.745 -0.0137939
lacr -31.6513 926.153 1.65378
lae1 -640.916 -3596.85 0.140304
lafe 3559.37 -2321.24 0.0652536
lago -640.916 -3596.85 0.0627266
lais -640.916 -3596.85 0.0200767
lama -640.916 -3596.85 0.187021
lamp -640.916 -3596.85 0.0577879
lamt 3500.78 1942.8 0.0889361
land -454.411 381.559 0.568551
lans 2513.44 1665.38 0.241131
lapc -286.027 186.598 0.207804
lard 1608.19 -427.149 0.113633
lasc -261.674 158.085 0.0246725
laug -640.916 -3596.85 0.310289
lbc1 -246.141 147.268 -0.021949
lbc2 -249.529 142.819 -0.0284512
lbch -252.321 142.425 -0.0275926
lbib -640.916 -3596.85 1.48349
ldbt 1827.73 -89.2741 0.0940823
ldes -88.7007 195.094 0.978069
ldsw -68.4849 243.146 0.640944
leep -262.788 181.019 0.485047
lei1 -90.651 122.435 1.25616
leij -640.916 -3596.85 0.178405
lema -390.788 423.081 0.0351709
lev1 -1127.26 2777.76 0.0252396
lev2 -1127.24 2777.75 0.0252431
lewi -129.195 875.704 2.91669
lewk -640.916 -3596.85 0.0064813
lfrs -271.247 176.748 0.146897
lgne 4954.73 -816.363 0.0025117
lhas -640.916 -3596.85 3.62465
lhav -640.916 -3596.85 0.488956
lhaz -640.916 -3596.85 3.6246
lhue -4815.87 -423.196 0.0460357
lhwa -640.916 -3596.85 0.0209317
lia1 1508.95 1994.42 0.336641
lia2 1508.94 1994.44 0.336664
lia3 1508.96 1994.45 0.336729
lice -87.5427 482.285 1.10818
lill 3399.46 1069.6 0.0387249
limo 3541.01 -2263.14 0.102999
linc -318.907 570.626 3.05703
lind -409.919 1614.43 0.471953
linh -409.919 1614.43 0.472256
linj -245.298 239.304 0.721212
linz -640.916 -3596.85 0.335003
litt -79.1608 470.054 1.05649
ljrn -311.759 256.438 1.42249
lkcp -501.619 1724.57 0.17829
lkhu 1994.38 -78.1071 -0.008476
lkwy 383.185 1359.02 2.42455
ll01 -217.582 219.451 1.00531
llas -217.762 230.6 0.812477
lliv -640.916 -3596.85 1.46777
lmnl 3541.01 -2263.14 0.102989
lmno 1612.3 645.621 0.279717
lmut 290.44 872.278 2.31201
lnc1 -518.501 711.894 0.0059232
lnc2 -518.528 711.895 0.0058608
lnco -325.555 428.99 0.14428
lngb -576.848 1648.73 0.0024306
lnmt -135.415 286.197 1.3453
lnng -640.916 -3596.85 0.0395944
long -233.459 178.167 0.0742598
lors -210.444 180.346 0.448887
lou1 2671.23 1118.63 0.191131
lou2 2671.23 1118.66 0.190374
lows -465.627 374.066 0.428656
loz1 3200.12 2300.87 0.443917
lpal -640.916 -3596.85 2.19922
lpgs 5454.66 -9558.63 0.0298724
lphs -229.241 168.687 0.068488
lprd 2050.89 -11958.4 0.601244
lroc -640.916 -3596.85 0.0578708
lsig -492.755 1696.23 0.527152
lthm 1828.65 1041.36 0.262291
lthw 99.1022 -12102 1.01156
ltut 255.288 1018.56 1.56494
lubb 1272.76 218.575 0.954879
lumc 2465.1 -54.0121 -0.016108
lutz -572.312 540.955 0.0949622
lvms -333.516 248.666 1.54309
lvwd 21.7735 406.3 0.631664
lyns 2709.44 5694.77 0.173989
lytt -5445.95 -11454.2 0.0184315
mac1 -4230.15 -13087.5 -0.0068062
macc 2210.64 939.733 0.21998
mad2 -640.916 -3596.85 0.829452
mad5 -640.916 -3596.85 0.829427
madr -640.916 -3596.85 0.829475
mag0 -640.916 -3596.85 0.361811
mair 2348.25 857.981 0.0673688
majb -11119.3 -1402.96 0.0337617
maju -11119.3 -1402.96 0.0336704
mal2 -640.916 -3596.85 -0.0209014
mald -640.916 -3596.85 -0.0920248
mali -640.916 -3596.85 -0.0233315
mana 3361.65 -2040.52 0.0710502
manz 1204.17 -1439.69 -0.0140717
mar6 -640.916 -3596.85 0.0755013
marg 977.456 5497.77 0.670543
mars -640.916 -3596.85 0.0618181
mas1 -640.916 -3596.85 0.197165
masp -640.916 -3596.85 0.198773
mast -5637.96 -10976.6 0.207288
masw -451.944 374.006 0.71373
mat1 -640.916 -3596.85 0.534532
mat2 -181.312 149.51 0.398307
mate -640.916 -3596.85 0.535658
matg -640.916 -3596.85 0.534406
math -181.322 149.501 0.396777
maui -4484.34 -714.609 3.0621
maw1 -640.916 -3596.85 0.059121
mawy 356.695 1402.56 1.82425
mayz 5734.61 -600.327 -0.0386191
mbar -640.916 -3596.85 1.33757
mbww 756.539 1099.14 1.98647
mc01 592.281 764.369 1.43718
mcar -837.386 -12232.7 0.964841
mcd1 3368.11 19.3369 -0.0158649
mcil -11595.2 6833.5 0.0356608
mcm0 -1469.51 -13269.8 -0.0194857
mcm1 -1469.41 -13269.8 -0.0010642
mcm4 -1470.59 -13269.6 0.0979724
mcmg -1469.64 -13269.7 -0.0012409
mcn1 3063.84 563.839 0.0603194
mcso -610.534 1400.47 0.052817
mcty 2342.07 765.157 0.0516714
mdmt -488.268 1108.02 1.71053
mdo1 1107.95 -129.662 2.00448
mdvj -640.916 -3596.85 0.257129
mdvo -640.916 -3596.85 0.254794
medi -640.916 -3596.85 0.0500099
mee1 -478.942 414.38 0.788758
mee2 -479.712 413.701 0.681425
meeu -640.916 -3596.85 0.114087
mem2 2317.47 676.346 0.0466175
memb -640.916 -3596.85 0.356431
merc -49.6358 457.742 1.25692
mers -640.916 -3596.85 0.0384544
metr 2629.17 1717.9 0.260501
mets -640.916 -3596.85 0.0946525
metz -640.916 -3596.85 0.0946098
mfp0 868.777 892.63 1.72874
mftn 868.793 892.596 1.72732
mfts 868.794 892.595 1.72733
mftw 868.792 892.595 1.72734
mhcb -552.259 546.032 1.26177
mhms -255.894 159.245 -0.0024732
mia1 3715.88 -157.008 -0.0221857
mia3 3715.88 -157.008 -0.0166081
mia4 3715.85 -157.024 -0.017388
mida -453.018 383.968 0.570688
mig1 -450.337 174.617 0.130927
mik2 2343.57 6186.67 0.815716
mikl -640.916 -3596.85 0.09391
mil1 2235.08 1595.25 0.147792
mine -63.8757 847.766 2.07564
mins -322.715 572.548 2.7769
mizu -640.916 -3596.85 0.11701
mjpk -191.92 133.785 1.52798
mkea -4417.9 -861.993 3.75466
mkmk -640.916 -3596.85 0.0002719
mlf1 2705.51 367.145 0.0091245
mlfp -170.307 156.304 0.472966
mlkn -640.916 -3596.85 0.016523
mnmc -450.596 389.167 1.06191
mnna -640.916 -3596.85 0.0280714
mnp1 3667.2 2058.69 -0.0105536
mob1 2705.22 130.234 -0.0185983
mobj -640.916 -3596.85 0.182625
mobn -640.916 -3596.85 0.182656
mobs -640.916 -3596.85 0.0405842
modb -414.883 1047.36 1.56721
moil -6.78716 911.003 2.16045
moin 3797.89 -2270.83 0.0265967
moja -130.751 312.963 0.904496
mojf -130.751 312.963 0.904496
mojm -130.751 312.963 0.904254
mola -617.29 616.916 -0.0203148
monb -571.318 563.003 0.750355
moni -116.338 736.356 2.10903
monp -86.888 42.6051 1.84257
mopi -640.916 -3596.85 0.579029
mopr 5630.68 -661.759 -0.0395738
mor1 3613.1 1980.13 -0.0240525
mor2 3613.08 1980.09 -0.0234739
mor3 3613.08 1980.1 -0.0241692
morp -640.916 -3596.85 0.144452
mout 307.492 960.766 1.6098
mple 2460.4 1766.13 0.200649
mput 317.169 846.454 1.82916
mpwd -313.755 199.669 0.190243
mqzg -5435.65 -11467.4 0.154658
mr6g -640.916 -3596.85 0.0753824
mrdm -222.171 185.086 0.328074
mrrn 1109.35 1268.43 0.971716
msai -640.916 -3596.85 0.028674
mscg -108.42 169.631 0.913073
msku -640.916 -3596.85 0.359681
msob -160.268 190.922 1.73316
mssc 2538.84 103.792 -0.0131018
msvg -640.916 -3596.85 0.0881551
mta1 -255.864 172.128 0.0726678
mtbg -640.916 -3596.85 0.29385
mtjo -5495.03 -11711.2 1.04366
mtka -640.916 -3596.85 0.108939
muln -417.593 454.227 0.0257669
musb -345.95 519.372 2.04252
musd -333.902 196.3 0.0337639
mvfd -96.6781 77.9148 1.19009
mwtp -312.496 570.859 2.31738
myt1 451.847 865.528 1.61
myt2 451.819 865.526 1.61053
naga -640.916 -3596.85 2.10555
nain 2981.3 4101.92 0.0327888
naiu 260.25 954.62 1.45579
nama -640.916 -3596.85 2.70312
nano -655.975 1887.58 0.0065715
nayx 19.5234 -19.1933 -0.023816
nbps -62.7221 222.032 1.09879
nbr1 3581.49 1123.08 -0.0248329
nbr2 3581.52 1123.07 -0.0250667
ndap 77.0228 253.014 0.241373
ndbc 2539.79 101.674 -0.0116737
nds1 1766.64 753.245 0.235886
ndsk 1761.21 761.397 0.225816
neah -706.223 1780.72 0.459897
neb1 2374.19 2083.93 0.147026
neb2 2374.12 2083.92 0.154793
neb3 2374.19 2083.93 0.147038
netp 1978.31 -95.898 -0.0105594
nett -5545.78 -11741.3 2.2517
neva -79.4279 481.643 1.29011
newp -701.523 1364.32 0.0204231
news -184.557 796.138 1.77026
nfln -288.177 768.109 1.19407
ngng -640.916 -3596.85 0.0459427
nhdt 3536.75 2309.23 0.0881795
nhrg -337.51 222.679 1.64874
nico -640.916 -3596.85 0.19001
nist 862.254 896.911 1.64834
nisu 862.279 896.955 1.65378
nium -6417.24 -6904.17 0.0897129
nji2 3495.97 1899.92 0.016681
njit 3495.97 1899.91 0.0149258
nklg -640.916 -3596.85 0.0315009
nlgn 1446.88 1258.26 0.500391
nlib 1978.2 1352.12 0.207017
nmd1 -244.851 181.034 0.214829
nmd3 -244.849 181.036 0.216012
nmud -244.851 181.031 0.21203
nnor -640.916 -3596.85 0.234813
noco -193.565 156.549 0.186802
nomt 277.906 1466.46 1.57804
nope -49.4029 384.186 0.844185
nopk -265.436 163.878 0.0331104
nor1 2376.04 1813.52 0.364063
nor2 2399.87 1919.99 0.360381
nor3 2482.39 1968.25 0.174458
not1 -640.916 -3596.85 0.126338
noto -640.916 -3596.85 0.126212
noum -9951.09 -10298.2 0.0830569
nova -640.916 -3596.85 0.218574
novj -640.916 -3596.85 0.125887
novm -640.916 -3596.85 0.149946
npit -4409.62 -919.189 1.13207
nplb -640.916 -3596.85 0.0801796
npld -640.916 -3596.85 0.0726654
nply -5997.31 -10985.1 0.416982
npoc -4388.81 -927.349 0.809796
npri 3678.66 2136.49 -0.0130942
nrc1 3065.16 2339.68 0.0825108
nrc2 3065.16 2339.68 0.08247
nrif -640.916 -3596.85 0.457526
nril -640.916 -3596.85 0.0479406
nrl1 3371.24 1545.03 -0.0182124
nrmd -9946.53 -10275.8 0.160335
nrwy 359.852 1373.9 2.34264
nssp -640.916 -3596.85 1.19475
nsss -138.352 7.80138 0.123595
ntka -835.388 1941.03 -0.0015226
ntus -640.916 -3596.85 0.0754128
nune -601.915 617.877 0.096805
nurk -640.916 -3596.85 1.48384
nvlx 29.9628 -11.3416 -0.0211503
nvsk -640.916 -3596.85 0.123139
nwcc 2354.22 806.011 0.0648227
nya1 -640.916 -3596.85 0.0843404
nyal -640.916 -3596.85 0.0786131
nzrt -640.916 -3596.85 0.411676
oaes -54.9642 181.333 0.604777
oat2 -288.233 203.046 1.11264
oatt -288.216 203.066 1.10534
obe2 -640.916 -3596.85 0.641441
obec -629.317 1300.46 0.111836
ober -640.916 -3596.85 0.641363
obet -640.916 -3596.85 0.637974
ods5 1254.77 25.3523 0.858787
oeoc -209.824 139.594 0.358616
ofw2 349.922 1343.67 2.28061
ofwy 349.859 1343.74 2.28795
oghs -144.812 68.9167 0.185243
ohi2 2454 -11979.6 0.0325014
ohi3 2454 -11979.6 0.0326358
ohig 2454.06 -11979.6 0.0307473
ohiz 2454.05 -11979.6 0.0331049
ohln -603.99 622.8 -0.000541
okee 2670.32 1767.57 0.159726
okit -4389.44 -928.559 0.825882
okom 2491.77 556.086 0.103963
okso -3356.78 3613 0.47137
omh1 1615.41 1248.96 0.392849
omh2 1615.39 1248.98 0.395322
ons4 -640.916 -3596.85 0.0455652
onsa -640.916 -3596.85 0.0456048
opbl -41.4336 206.849 1.22654
opcl -77.0988 212.95 1.31291
opcp -56.6317 206.394 1.09666
opcx -62.7693 213.322 1.13382
opmt -640.916 -3596.85 0.122598
oprd -75.9697 224.637 1.40023
ores -441.094 252.153 0.143802
ormt -123.976 240.157 1.89333
oro_ 3620.11 2646.4 0.0238228
orro -640.916 -3596.85 1.35523
orvb -527.619 791.159 0.340008
os0g -640.916 -3596.85 0.0455448
oshk -640.916 -3596.85 1.01329
oslo -640.916 -3596.85 0.22151
osn1 -640.916 -3596.85 0.0441141
osn2 -640.916 -3596.85 0.0441134
ous2 -5223.63 -11809.7 0.0260788
ousd -5223.62 -11809.8 0.026186
ovls -337.975 203.681 0.0692036
oxmt -620.562 567.265 0.209081
oxyc -252.243 180.246 0.209825
ozst -356.514 243.601 1.05917
p001 256.011 -54.322 0.474699
p002 -156.949 777.777 1.74169
p003 139.795 27.6468 0.050973
p004 302.818 263.007 1.79176
p005 6.21647 822.355 2.01566
p006 87.8628 407.196 0.365226
p007 40.4332 1024.6 1.68658
p008 387.456 418.935 1.52205
p009 275.879 673.042 1.76151
p010 158.615 244.157 1.39905
p011 532.615 429.74 1.7285
p012 531.741 647.634 1.78849
p013 -168.488 989.555 1.43341
p014 417.103 -44.1688 1.06795
p015 503.228 216.746 1.9302
p016 254.657 849.899 1.73052
p017 -386.778 976.691 2.39063
p018 -146.179 1161.94 1.42427
p019 -3.97263 1198.69 1.68237
p020 -259.948 1609.75 0.480116
p021 -268.29 1795.89 1.16316
p022 -220.494 1412.35 0.888108
p023 -70.094 1375.21 1.52158
p024 -53.8389 1671.44 1.90763
p025 -88.5226 1800.95 0.695443
p026 780.428 59.4279 1.23686
p027 910.047 88.5323 2.89673
p028 679.22 429.076 1.93312
p029 676.936 699.443 2.45536
p030 398.568 1045.53 2.14978
p031 641.196 816.799 1.65759
p032 669.757 1070.38 2.1673
p033 630.487 1314.92 1.37586
p034 823.447 321.315 1.81091
p035 945.278 296.135 1.78036
p036 910.668 498.012 2.5299
p037 899.131 723.4 1.61687
p038 1116.5 266.307 1.21296
p039 1103.41 527.144 1.49359
p040 1117.58 714.982 1.10264
p041 868.79 892.619 1.72883
p042 860.224 1129.95 1.42243
p043 888.794 1342.33 1.49093
p044 1034.01 942.071 1.41103
p045 202.204 1437.98 1.61819
p046 137.799 1618.14 1.29029
p047 138.747 1773.19 1.47555
p048 310.645 1475.01 1.49196
p049 319.261 1665.24 1.18606
p050 281.277 1825.4 1.26688
p051 515.891 1510.58 1.08109
p052 612.27 1698.47 0.858627
p053 540.768 1841.79 0.814989
p054 833.936 1557.39 1.09311
p055 792.716 1695.36 0.667749
p056 -326.785 392.11 0.101786
p057 222.984 1035.16 1.38221
p058 -737.294 952.34 0.0214174
p059 -724.219 733.544 -0.0112992
p060 -596.427 955.787 0.430814
p061 -713.02 1184.27 0.162761
p062 -473.754 1184.57 1.35027
p063 -452.352 1385.09 0.965396
p064 -625.043 1736.5 1.57075
p065 -440.786 1598.49 1.01713
p066 -63.0258 12.23 0.822868
p067 -503.82 344.761 0.106993
p068 -225.823 754.307 1.4559
p069 -193.082 752.054 1.88638
p070 969.813 462.863 1.88352
p071 -175.485 758.461 2.08534
p072 -118.645 777.827 2.06119
p073 -91.4324 775.63 1.9426
p074 -59.2547 780.998 1.94767
p075 -45.2042 762.047 1.8816
p076 -13.0937 780.473 2.00603
p077 -5.8671 764.22 2.3342
p078 -215.539 879.385 1.44482
p079 58.2586 750.787 2.74636
p080 94.4764 736.711 1.97288
p081 129.773 732.056 1.58813
p082 160.593 755.595 1.38099
p083 -180.646 866.594 1.64267
p084 193.516 893.218 1.43279
p085 -118.562 885.934 1.66118
p086 258.037 913.634 1.3415
p087 -79.7208 871.47 2.35838
p088 304.518 929.988 1.92044
p089 330.243 935.524 1.81572
p090 -381.411 787.239 1.50365
p091 -188.448 455.371 1.96684
p092 -177.204 476.378 2.15707
p093 -229.826 454.779 1.33905
p094 -203.407 520.534 1.72922
p095 -358.428 800.513 1.6088
p096 -338.32 810.76 1.24329
p097 -301.249 814.696 1.21038
p098 -284.933 819.932 1.28656
p099 -241.007 744.128 2.45566
p100 166.7 1043.67 1.88347
p101 338.831 1034.84 2.01611
p102 -17.5196 823.572 2.71808
p103 200.19 765.704 1.49138
p104 229.043 749.322 1.39756
p105 246.339 772.586 1.43148
p106 266.753 781.584 1.55953
p107 691.145 329.15 1.99166
p108 293.299 797.503 1.68324
p109 318.483 799.924 1.76095
p110 324.538 813.414 2.2662
p111 190.321 1040.34 1.36622
p112 334.228 825.347 1.93037
p113 173.691 912.084 1.31762
p114 237.349 910.902 1.35236
p115 246.7 893.616 1.64197
p116 282.047 891.033 2.03473
p117 304.344 892.455 1.62895
p118 336.995 916.817 2.08259
p119 344.092 928.021 2.04539
p120 899.207 336.709 2.08966
p121 216.474 1040.05 1.45244
p122 247.934 1022.98 1.29318
p123 852.223 515.317 2.41118
p124 279.649 1016.1 1.77294
p125 284.318 1019.88 1.52138
p126 294.229 1019.83 1.87171
p127 -364.472 778.554 1.52393
p128 -318.818 775.914 1.32
p129 -266.205 735.785 1.71411
p130 -308.081 751.461 1.38006
p131 -257.174 771.256 1.82505
p132 -228.261 690.316 1.54968
p133 -267.85 690.378 1.7818
p134 -308.125 719.576 1.88598
p135 -316.161 689.076 1.69212
p136 -354.531 696.316 1.77326
p137 -349.917 920.414 1.33177
p138 -311.901 859.725 1.2437
p139 -373.63 824.266 1.52299
p140 -461.531 707.46 1.07922
p141 -433.922 730.558 2.17037
p142 -383.897 737.397 1.7849
p143 -381.154 696.943 1.73353
p144 -475.84 778.957 1.43687
p145 -360.438 984.938 1.75519
p146 -445.795 763.346 2.34728
p147 -421.555 829.124 2.4889
p148 -463.837 884.327 1.58454
p149 -407.512 791.356 2.63469
p150 -402.562 756.762 2.61908
p151 -402.5 867.518 1.31305
p154 -669.349 1051.1 0.319883
p155 -659.384 990.66 1.78409
p156 -730.457 856.53 0.488989
p157 -762.751 884.081 0.695808
p158 -744.076 902.126 0.873694
p159 -758.23 912.493 0.60821
p160 -745.127 916.615 0.0942307
p161 -751.105 926.738 0.0324398
p162 -752.638 932.877 -0.0064632
p163 -741.643 879.233 0.42526
p164 -711.483 865.672 1.14831
p165 -724.038 880.751 0.545639
p166 -723.21 901.887 0.665284
p167 -723.739 914.062 1.02115
p168 -722.757 927.953 1.09347
p169 -728.964 942.144 0.689378
p170 -719.37 951.345 0.918125
p171 -570.339 451.646 0.572747
p172 -569.486 422.947 0.31262
p173 -527.971 389.593 0.339234
p174 -504.707 428.233 0.342111
p175 -511.662 442.29 0.45138
p176 -614.792 563.859 0.433819
p177 -626.634 570.829 0.07179
p178 -612.203 570.704 0.129058
p179 -693.867 1085.59 0.402201
p180 -536.414 428.584 0.693183
p181 -613.699 613.137 0.0722053
p182 -680.181 682.036 0.396794
p183 -671.701 661.232 0.0104062
p184 -721.166 754.416 0.108949
p185 -723.466 770.694 0.146354
p186 -704.386 756.876 0.372809
p187 -710.041 779.886 0.163999
p188 -683.093 701.525 0.208873
p189 -690.97 737.749 0.176943
p190 -676.511 765.16 0.202816
p191 -687.926 1104.85 0.371389
p192 -667.384 773.218 0.259709
p193 -658.987 639.128 0.0665964
p194 -650.484 645.591 0.235129
p195 -659.576 699.6 0.146826
p196 -643.252 657.676 0.0905353
p197 -644.51 672.3 1.28e-05
p198 -631.676 652.696 -0.0046244
p199 -622.541 652.572 0.0556657
p200 -618.167 649.652 -0.0250991
p201 -634.091 686.287 0.349349
p202 -620.83 670.293 0.584093
p203 -654.439 721.741 0.92669
p204 -637.895 698.421 0.276664
p205 -654.543 781.106 0.771066
p206 -625.406 710.062 0.283605
p207 -634.443 764.399 1.8266
p208 -599.614 745.469 0.0743041
p209 -596.824 518.018 0.577144
p210 -563.084 488.086 0.003041
p211 -559.721 494.936 0.0605336
p212 -573.943 504.872 0.0365853
p213 -583.957 532.083 0.167096
p214 -567.828 508.904 0.0732527
p215 -564.568 514.057 0.708612
p216 -561.554 508.746 0.336912
p217 -554.268 519.747 0.0722839
p218 -559.353 531.02 0.0826988
p219 -609.197 549.138 0.300887
p220 -603.02 547.39 0.705257
p221 -592.758 547.615 0.1553
p222 -590.143 570.005 0.0534786
p223 -590.497 590.387 0.139947
p224 -600.138 606.722 0.407352
p225 -586.89 589.279 0.11716
p226 -568.511 546.318 0.005045
p227 -564.21 567.942 0.707424
p228 -554.75 575.13 0.399016
p229 -579.589 592.848 0.289329
p230 -562.302 599.685 0.647985
p231 -579.688 467.275 -0.026335
p232 -549.933 477.193 0.105345
p233 -535.352 485.008 0.196824
p234 -550.304 492.179 0.0925772
p235 -546.105 487.053 0.361686
p236 -546.785 497.02 0.0561478
p237 -533.197 466.729 0.711559
p238 -538 490.544 0.0449069
p239 -545.877 503.533 0.0185058
p240 -545.124 508.543 0.0257412
p241 -546.894 531.465 0.834227
p242 -538.384 502.229 0.0147688
p243 -527.157 497.733 0.220753
p244 -528.412 508.096 0.0587135
p245 -379.451 580.582 1.57984
p247 -515.822 457.331 0.569078
p248 -568.642 617.456 0.229809
p249 -504.471 462.64 1.15573
p250 -521.051 501 0.58468
p251 -528.838 485.935 0.128233
p252 -501.235 524.548 0.0401524
p253 -552.432 561.28 1.06507
p254 -536.107 561.732 1.07619
p255 -522.866 571.377 0.0735249
p256 -545.689 611.427 -0.0307049
p257 -534.245 591.207 -0.0246934
p258 -520.186 549.393 0.390804
p259 -503.771 553.96 0.0038541
p260 -500.955 584.781 -0.0090172
p261 -598.199 638.819 0.118166
p262 -588.334 624.03 -0.0085693
p263 -613.978 687.064 0.5544
p264 -594.429 671.057 0.231047
p265 -572.852 679.441 0.0080569
p266 -565.22 640.478 0.0224579
p267 -562.301 662.192 -0.0174929
p268 -546.322 671.745 -0.0239508
p269 -604.72 733.534 0.298217
p270 -577.263 759.173 -0.012316
p271 -551.221 692.461 -0.0182148
p272 -568.175 747.722 -0.0120661
p273 -525.661 630.919 -0.0264385
p274 -531.119 649.799 -0.0278096
p275 -509.401 653.052 -0.0052502
p276 -497.354 688.529 0.207267
p277 -617.423 532.876 0.115302
p278 -508.33 362.68 0.46589
p279 -508.079 371.497 0.469918
p280 -444.411 341.687 0.476423
p281 -447.068 374.775 0.383825
p282 -443.082 374.277 0.39468
p283 -437.781 370.638 0.434194
p284 -493.412 386.755 0.512214
p285 -497.943 440.742 0.805739
p286 -485.983 451.233 0.538826
p287 -474.16 396.182 0.609759
p288 -489.974 409.624 0.397711
p289 -478.405 405.46 0.54065
p290 -476.246 413.391 0.987751
p291 -469.8 384.675 0.661363
p292 -454.164 393.515 1.01861
p293 -459.939 402.824 0.538853
p294 -450.518 406.25 0.5094
p295 -488.624 360.309 0.583483
p296 -443.922 398.065 0.265318
p297 -461.205 390.06 0.629303
p298 -437.793 393.877 0.323238
p299 -474.29 421.972 0.809393
p300 -435.171 425.85 0.137293
p301 -474.868 483.074 0.0892237
p302 -464.478 463.604 0.122659
p303 -470.427 510.48 -0.0018226
p304 -440.639 474.325 0.0171528
p305 -424.072 541.891 0.0960512
p306 -461.832 592.498 0.0825159
p307 -413.221 496.543 0.0494126
p308 -390.637 601.801 1.50187
p309 -487.466 626.328 0.041412
p310 -430.749 695.867 1.79132
p311 -275.831 518.801 3.69864
p312 -716.844 800.134 0.254932
p313 -705.124 802.072 0.651766
p314 -705.538 816.779 1.25193
p315 -715.643 837.413 0.257928
p316 -731.987 1028.29 0.234969
p317 -701.165 841.036 1.11866
p318 -689.354 789.551 0.594952
p319 -680.751 817.386 0.513039
p320 -673.103 792.931 0.392429
p321 -687.806 839.12 1.13366
p322 -669.122 845.048 1.43392
p323 -651.263 830.837 2.08559
p324 -707.124 880.718 0.509356
p325 -718.611 981.636 0.914552
p326 -708.106 916.385 1.26168
p327 -698.244 904.861 0.710064
p329 -691.199 860.028 1.03462
p330 -662.326 884.98 1.653
p331 -675.089 931.538 1.54198
p332 -663.9 909.94 0.68449
p333 -653.985 805.982 2.00883
p334 -634.284 790.438 1.93625
p335 -644.447 817.045 2.22949
p336 -607.769 792.635 0.286721
p337 -639.847 880.339 1.19331
p338 -641.08 930.791 0.672215
p339 -624.652 850.112 0.979555
p340 -661.937 782.852 0.864735
p341 -615.061 918.267 0.406838
p343 -674.696 948.733 1.61747
p344 -570.643 835.159 0.0497588
p345 -589.15 874.36 0.134072
p346 -472.074 815.281 2.03735
p347 -472.101 969.78 1.26882
p348 -547.606 942.656 1.66806
p349 -590.191 925.685 0.275401
p350 31.7704 1225.35 2.38835
p351 42.3357 1263.6 2.6926
p352 92.4975 1262.36 2.47467
p353 101.088 1285.52 2.041
p354 100.857 1291.51 2.00028
p355 120.928 1304.45 2.32921
p356 382.74 1275.3 2.22772
p357 132.085 1305.93 2.29534
p358 158.448 1326.54 2.41938
p359 301.507 1232.1 2.11645
p360 301.631 1325.32 1.85784
p361 300.671 1352.32 2.93091
p362 -737.529 1101.49 1.01238
p363 -717.291 1172.62 0.0703803
p364 -744.06 1200.71 0.00643
p365 -728.416 1233.51 0.0270892
p366 -704.177 1255.91 0.529092
p367 -701.496 1364.34 0.0229149
p368 -665.482 1128.62 0.319438
p369 -663.849 1199.63 0.190035
p370 -608.034 1089.64 0.555042
p371 -631.819 1222.16 1.19806
p372 -160.602 1433.69 1.2083
p373 -651.939 1252.62 0.169922
p374 -665.938 1338.61 0.0732164
p375 -650.202 1371.71 0.0992123
p376 -622.361 1397.71 0.180859
p377 -612.52 1297.69 0.142401
p378 -612.139 1351.58 0.0831151
p379 -584.317 1345.32 1.22176
p380 -535.19 1092.83 1.39082
p381 -381.513 1168.39 1.56745
p382 -528.587 1194.68 1.45323
p383 -556.804 1326.28 1.29559
p384 -574.242 1383.09 1.18256
p385 -534.546 1335.23 1.12081
p386 -297.613 1321.65 1.1035
p387 -505.847 1318.17 0.962602
p388 -418.593 1110.51 1.40574
p389 -430.731 1260.45 1.39744
p390 -298.019 1169.55 1.55484
p391 -257.427 1082.16 1.83424
p392 -302.829 1215.52 1.31552
p393 -213.347 1190.39 1.23831
p394 -204.12 1368.07 1.01069
p395 -681.183 1411.5 0.0530261
p396 -675.747 1443.18 0.0545527
p397 -663.316 1566.55 0.566295
p398 -667.36 1623.33 0.0234979
p399 -639.49 1677.77 0.919424
p400 -653.748 1687.9 0.0650248
p401 -705.149 1740.17 0.0362069
p402 -688.216 1719.37 0.0237226
p403 -672.802 1751.09 0.284661
p404 -643.174 1423.61 0.0790306
p405 -658.755 1477.52 0.955662
p406 -624.193 1425.69 0.0272765
p407 -677.993 1515.56 -0.0131111
p408 -632.84 1539.27 0.0352776
p409 -625.317 1499.64 0.177292
p410 -610.619 1527.54 0.17313
p411 -621.634 1464.34 0.0833871
p412 -579.72 1425.88 0.0532027
p413 -373.903 1771.65 0.501262
p414 -583.014 1494.63 0.0638406
p415 -655.763 1592.13 -0.0154148
p416 -490.113 1623.01 1.57652
p417 -623.451 1580.36 0.102479
p418 -625.839 1654.56 0.115149
p419 -621.142 1673.48 0.935971
p420 -590.275 1579.34 0.0741049
p421 -557.234 1570.63 0.220587
p422 -139.365 1585.85 0.843716
p423 -590.103 1657.45 0.039958
p424 -580.562 1716.53 -0.0015889
p425 -589.793 1564.12 0.064269
p426 -553.782 1712.27 0.0033247
p427 -558.669 1447.78 0.149202
p428 -506.978 1435.01 1.98393
p429 -520.768 1472.79 0.0255561
p430 -630.126 1628.88 -0.0044041
p431 -523.157 1572.86 1.42271
p432 -499.436 1577.07 0.318868
p433 -369.109 1338.18 1.15868
p434 -446.437 1698.62 1.69803
p435 -625.361 1746.56 0.287328
p436 -598.017 1742.72 0.19088
p437 -548.066 1734.09 0.0124592
p438 -560.372 1781.59 -0.0099098
p439 -575.557 1815.04 -0.01387
p440 -543.785 1829.18 0.0063485
p441 -517.405 1834.01 0.115201
p442 -483.436 1758.71 0.146877
p443 -457.402 1784.97 1.0621
p444 -439.997 1808.6 0.493866
p445 -427.355 1458.22 0.436065
p446 -596.225 1526.95 -0.0164551
p447 -351.261 1439.93 0.471237
p448 -373.987 1491.65 0.26144
p449 -343.681 1529.43 0.208434
p450 -338.082 1495.16 0.163675
p451 -296.708 1587.31 0.35144
p452 -328.579 1656.16 0.323057
p453 -271.722 1694.15 0.644222
p454 -289.683 1716.24 0.478945
p455 198.745 1337.84 2.59392
p456 315.318 1387.18 2.95629
p457 310.164 1406.66 2.26191
p458 310.046 1375.89 2.39387
p459 362.667 1266.11 2.13566
p460 328.571 1419.02 2.19781
p461 347.943 1444.43 1.54407
p462 -107.482 395.072 1.3344
p463 -155.753 389.602 1.327
p464 -177.794 404.817 0.91154
p465 -242.376 439.475 2.90154
p466 -211.588 446.314 2.75458
p467 -238.5 450.898 1.38012
p468 -240.457 495.909 2.8533
p469 -223.928 524.105 1.79483
p470 -177.092 216.648 0.991378
p471 -191.119 116.888 0.174752
p472 -150.708 42.1593 0.137849
p473 -136.185 24.9247 0.188565
p474 -164.054 93.8421 0.182911
p475 -163.788 17.4805 -0.0250528
p476 -158.546 103.194 0.309743
p477 -151.446 110.185 0.334496
p478 -147.586 80.5708 0.371574
p479 -120.751 109.149 1.09383
p480 -80.0415 51.9639 0.436025
p481 -48.3211 35.1636 0.610882
p482 -110.304 81.1115 0.878708
p483 -100.711 61.078 1.37555
p484 -105.647 96.1403 1.38247
p485 -85.8414 77.8967 0.372144
p486 -77.7923 83.4868 0.126273
p487 -64.785 78.4064 0.090225
p488 -55.0561 77.0995 0.0617075
p489 -58.2029 87.6276 0.290306
p490 -87.6046 112.618 2.62242
p491 -69.1598 118.416 0.0042385
p492 -44.5214 42.3856 0.0688249
p493 -31.0826 50.0277 0.197467
p494 -22.1464 28.5035 -0.044366
p495 -12.8458 60.2569 -0.0840097
p496 -9.38221 27.6634 -0.0401217
p497 -7.73486 37.0124 -0.0510379
p498 -7.13178 44.0839 -0.0580729
p499 0.37649 53.1908 -0.0742025
p500 18.4605 21.3533 -0.0205933
p501 8.96222 41.8007 -0.0557023
p502 6.53964 53.5968 -0.066066
p503 -21.2874 49.5001 0.0061047
p504 -26.299 112.37 0.0840033
p505 -18.8462 102.199 -0.0577986
p506 -1.8661 64.451 -0.0834176
p507 -11.5804 77.464 -0.0784475
p508 5.46391 83.0067 0.0106838
p509 18.6656 43.606 -0.0296216
p510 13.601 71.575 0.001516
p511 16.6528 154.076 0.273334
p512 -378.902 563.853 1.34473
p513 -474.454 271.993 0.28457
p514 -452.084 282.697 0.140916
p515 -437.077 266.628 0.290625
p516 -449.318 293.21 0.26297
p517 -249.183 207.666 1.95916
p518 -421.52 282.738 1.10178
p519 -397.283 225.154 0.810909
p520 -380.765 238.329 1.25082
p521 -398.205 267.453 1.70907
p522 -372.117 288.74 0.991095
p523 -491.951 316.796 0.0413684
p524 -468 300.519 0.124319
p525 -486.689 330.077 0.271363
p526 -491.368 353.625 0.416839
p527 -466.878 365.826 0.347941
p528 -463.217 318.317 0.367355
p529 -445.366 330.209 0.437326
p530 -456.141 351.065 0.388362
p531 -460.558 369.879 0.440122
p532 -436.772 351.401 0.533238
p533 -445.752 364.383 0.603192
p534 -606.742 517.667 0.204257
p535 -423.16 306.678 0.571561
p536 -416.054 311.416 0.665365
p537 -407.773 315.279 0.581804
p538 -423.124 339.891 0.641171
p539 -428.827 358.79 0.601094
p540 -423.823 369.581 0.393659
p541 -412.465 356.503 0.20919
p542 -438.884 357.593 0.587951
p543 -387.568 314.946 0.544033
p544 -388.553 360.749 0.0336314
p545 -370.921 334.582 0.0507221
p546 -425.562 383.703 0.63525
p547 -403.381 383.768 0.0458756
p548 -370.904 219.911 1.13484
p549 -354.248 234.251 1.25028
p550 -334.688 240.532 1.52612
p551 -337.883 262.363 1.5503
p552 -434.579 357.206 0.581663
p553 -312.729 259.515 1.33584
p554 -309.987 254.716 1.17014
p555 -293.824 243.637 1.09597
p556 -282.338 251.898 0.852628
p557 -292.1 271.277 1.81821
p558 -287.74 292.752 1.41144
p559 -288.82 259.522 0.927701
p560 -281.832 257.515 0.838287
p561 -269.176 234.772 0.974406
p562 -249.417 274.857 1.24106
p563 -360.741 325.316 0.0566015
p564 -353.683 347.816 0.0609232
p565 -343.166 361 0.0630321
p566 -341.025 425.393 0.0781631
p567 -300.117 324.288 0.706316
p568 -243.395 304.977 1.30121
p569 -242.99 318.689 1.27573
p570 -254.958 350.934 0.810872
p571 -299.687 414.207 0.914189
p572 -315.777 453.822 1.16732
p573 -254.391 398.159 2.44138
p574 -199.257 197.285 2.87377
p575 -190.857 189.335 1.9284
p576 -500.301 357.727 0.324406
p577 -170.261 199.127 0.999537
p578 -434.014 358.033 0.53626
p579 -232.652 280.954 0.834207
p580 -158.323 345.074 1.66963
p581 -207.833 222.068 0.972785
p582 -191.222 235.772 0.848014
p583 -190.509 274.886 0.730752
p584 -136.444 153.399 0.738737
p585 -98.9757 167.544 0.958136
p586 -166.658 224.646 0.809389
p587 -235.787 202.626 1.60075
p588 -165.398 252.432 0.709769
p589 -151.017 234.133 1.14805
p590 -174.152 289.204 0.678519
p591 -233.5 293.569 0.708822
p592 -168.505 302.69 1.04932
p593 -159.539 319.227 1.37577
p594 -176.123 375.712 0.937403
p595 -177.361 353.629 0.644425
p596 -130.958 386.902 0.430503
p597 -130.821 355.006 1.19417
p598 -114.22 186.684 2.74646
p599 -98.3103 189.482 1.32388
p600 -68.019 150.71 0.792071
p601 -55.9348 161.174 1.24263
p602 -432.879 361.865 0.648219
p603 -52.0508 245.228 0.624697
p604 -110.912 269.236 0.588429
p605 -227.069 203.528 2.41971
p606 -129.86 216.547 0.863352
p607 -31.6731 137.218 0.958713
p608 -19.6139 165.427 0.632301
p609 -131.025 172.261 2.72121
p610 -27.3178 213.206 0.34384
p611 -18.0126 299.737 1.33302
p612 -169.989 186.127 0.531711
p613 -145.519 187.06 2.35514
p614 19.2788 247.844 0.490975
p615 -119.335 298.909 0.995142
p616 -222.012 323.643 1.07119
p617 -101.981 311.836 0.887687
p618 -59.2882 292.295 0.263368
p619 -61.2938 334.875 0.388945
p620 -63.6401 363.629 0.668718
p621 -8.81272 329.596 1.42051
p622 7.91247 295.491 1.52446
p623 80.3061 188.86 0.267747
p625 45.1328 260.83 0.606776
p626 19.2815 309.901 1.44276
p627 -261.994 606.876 2.34214
p628 -338.592 604.054 2.92442
p629 -333.881 541.948 2.72567
p630 -317.477 567.913 2.74058
p631 -310.036 566.902 2.65979
p632 -324.609 587.234 2.38979
p633 -319.625 601.312 2.29302
p634 -319.513 577.233 2.46742
p635 -329.045 593.29 2.48419
p636 -329.497 607.008 2.73905
p637 -324.082 601.482 2.03166
p638 -312.17 581.265 2.49187
p639 -305.757 572.281 2.33926
p640 -313.295 598.765 2.20091
p641 -303.785 597.066 2.52717
p642 -301.302 565.179 2.66737
p643 -290.899 561.675 2.12198
p644 -289.815 554.312 3.45862
p645 -281.688 559.263 2.0077
p646 -301.411 574.69 2.10198
p647 -296.638 583.182 2.23551
p648 -318.687 588.697 2.57238
p649 -293.557 599.674 2.15394
p650 -277.637 598.041 2.29817
p651 -263.411 561.397 1.31671
p652 -250.254 564.103 3.86529
p653 -270.586 580.86 1.82629
p654 -329.559 617.575 2.05347
p655 -576.899 987.69 1.54253
p656 -575.685 993.23 2.39864
p657 -583.641 997.771 1.68444
p658 -574.376 1008.13 1.91519
p659 -566.336 1004.81 1.7911
p660 -564.535 999.786 1.58721
p661 -584.653 1007.02 1.32418
p663 -570.852 1013.8 2.23801
p664 -522.085 893.147 2.56912
p665 -524.714 891.381 2.32677
p666 -523.707 892.356 2.47152
p667 -519.712 892.206 2.33405
p668 -519.099 896.981 1.9825
p669 -531.124 895.722 1.84294
p670 -528.594 900.911 1.73174
p671 -516.701 885.743 1.9588
p672 -515.895 1030.73 1.43509
p673 -525.472 1017.23 2.01786
p674 -515.037 1020.07 1.89721
p675 212.493 1085.37 1.55912
p676 308.025 1363.31 2.18977
p677 114.854 1155.28 1.28481
p678 198.565 1222.38 1.53534
p679 155.018 1286.08 1.9364
p680 327.443 1358.45 2.31591
p681 206.576 1328.69 1.97606
p682 359.735 1126.83 2.32399
p683 289.514 1158.18 2.0657
p684 304.642 1281.03 1.69392
p685 273.117 1295.58 1.60682
p686 325.732 1319.66 2.1653
p687 -554.695 1523.33 0.391075
p688 -540.552 1513.52 1.16573
p689 -554.556 1532.24 1.35944
p690 -541.452 1530.3 2.07888
p691 -543.937 1536.21 1.18288
p692 -540.691 1535.22 1.49185
p693 -542.193 1533.73 2.11296
p694 -539.969 1543.55 1.72566
p695 -539.334 1532.28 2.01564
p696 -538.379 1531.99 1.6
p697 -540.373 1531.08 2.21456
p698 -539.241 1529.43 1.47936
p699 -542.411 1531.46 2.27408
p700 -543.587 1530.24 1.52165
p701 -536.985 1531.64 1.24742
p702 -552.571 1544.45 1.30568
p703 -542.193 1526.48 0.988398
p704 -536.898 1537.22 1.25612
p705 -550.82 1530.14 1.15086
p706 211.587 1400.68 1.81071
p707 267.986 1367.84 2.29281
p708 347.233 1269.21 2.99869
p709 393.844 1340.51 2.37971
p710 360.827 1304.79 2.17251
p711 345.995 1363.98 2.11868
p712 326.618 1398.49 2.16149
p713 373.333 1338.62 2.36846
p714 353.015 1393.6 2.25047
p715 450.144 1245.6 2.98823
p716 372.987 1375.32 2.38664
p717 423.9 1353.53 2.27023
p718 462.536 1387.02 2.57711
p719 268.226 1423.51 1.70634
p720 387.177 1401.62 1.92394
p721 410.601 1410.3 2.2363
p722 439.899 1463.81 1.45278
p723 -293.618 541.621 3.19776
p724 -279.014 547.92 1.37162
p725 -384.95 511.411 0.330942
p726 -242.57 529.759 2.20213
p727 -270.958 529.38 2.67721
p728 725.966 787.833 3.42612
p729 -333.899 196.464 0.036128
p730 -461.154 988.857 1.82248
p731 -431.531 984.64 1.39129
p732 -699.106 1230.67 0.582101
p733 -750.751 1128.71 0.184572
p734 -744.366 1087.25 0.113322
p735 -651.408 1148.58 1.57768
p736 -541.428 1128.86 1.25957
p737 -600.224 1148.95 1.24575
p738 -359.217 1116.99 1.70678
p739 -200.975 1055.42 1.35188
p740 -103.43 120.829 1.37208
p741 -97.383 116.339 1.37128
p742 -103.998 109.445 1.14265
p744 -1.30294 36.5075 -0.0527694
p776 3523.03 2352.07 0.476889
p777 2091.77 642.46 0.335373
p778 2739.57 783.289 0.550941
p779 3021.19 882.467 0.878726
p780 5827.14 -590.89 0.154078
p781 -499.921 583.375 -0.009742
p782 -431.949 357.908 0.537967
p783 330.288 935.581 1.81978
p784 -591.087 1048.37 0.80225
p786 -720.602 1059.39 0.0839708
p787 -549.692 485.578 0.113638
p788 -540.865 479.024 0.626632
p789 -454.085 386.748 0.50337
p790 -458.094 384.953 0.553704
p791 -506.976 1435 1.98521
p792 -536.898 1537.22 1.25688
p793 -698.251 904.849 0.709868
p794 -651.29 830.832 2.08862
p795 -62.7174 221.977 1.09531
p796 69.5972 0.98512 0.0101659
pabh -686.357 1657.19 0.0128985
pada -640.916 -3596.85 0.0010986
pado -640.916 -3596.85 0.0646922
pala -640.916 -3596.85 0.0743645
palk -640.916 -3596.85 0.380296
palm 2123.2 -11826.5 0.0310924
palx -73.266 -77.77 0.00 
pama -3759.35 -5876.09 0.337829
par1 -466.849 262.758 0.0989063
para 7677.29 -9333.62 0.925744
parc 2815.91 -10533 0.0222948
park -640.916 -3596.85 0.397359
pary 2739.16 2133.65 0.144973
paso 864.038 -32.7073 1.11217
patk -640.916 -3596.85 2.29886
patt 1894.51 123.93 0.094849
pbai -640.916 -3596.85 -0.0011274
pbjo -640.916 -3596.85 0.0354314
pbl1 -617.809 606.523 -0.008074
pbl2 -617.848 606.545 -0.0095953
pbli -640.916 -3596.85 -0.0099291
pboc -1276.06 4498.97 0.0200685
pbpp -225.604 222.045 0.901945
pck1 2371.18 2048.62 0.218728
pcol -563.027 1642.51 0.0791348
pdel -640.916 -3596.85 0.110621
pece 225.736 -13269.5 1.49046
penc -640.916 -3596.85 0.291726
perl -112.974 487.176 1.35143
pert -640.916 -3596.85 0.0126729
petp -4412.33 5903.22 0.210313
petr -4412.33 5903.23 0.210857
pets -4418.17 5899.45 0.102097
pfan -640.916 -3596.85 1.09027
pfld -535.658 1721.69 0.160356
pgc0 -615.946 1811.66 0.0016635
pgc5 -615.95 1811.65 0.0035782
phin -143.936 495.845 1.54081
phlb -204.346 268.143 0.88615
phlw -640.916 -3596.85 0.148615
picl 1705.16 2455.97 0.318251
pie1 677.521 234.655 2.34774
pigt 2289.68 780.553 0.0552274
pimo -640.916 -3596.85 0.0955154
pin1 -90.6514 122.435 1.25617
pin2 -90.6011 122.435 1.2584
pit1 3038.51 1620.99 0.352991
pjzx -35.9551 -9.6429 1.33575
pkdb -460.392 386.825 0.58989
pkdc -460.392 386.824 0.589298
pkrd -254.679 173.926 0.130844
pktn 2827.03 1318.1 0.143243
plmm 905.323 923.977 1.5011
plo1 -163.706 17.3703 -0.0226064
plo2 -163.717 17.3938 -0.0225727
plo3 -163.704 17.3722 -0.0227092
plpx 34.4953 -100.531 0.813481
pls1 75.7592 1686.12 0.973905
pls2 75.732 1686.11 0.973707
pltc 905.323 923.976 1.50283
pltt 905.311 924.078 1.50293
pltx 7.59791 -75.6995 0.236484
pmar -516.745 1284.67 2.34773
pmhs -247.58 155.109 -0.0111528
pmob -127.848 94.0502 1.66252
pmtn -321.931 592.249 2.40162
pnb1 3649.18 2594.09 0.0325611
pnb2 3649.16 2594.13 0.0321707
pngm -640.916 -3596.85 0.116338
pnr1 1553.31 1839.53 0.416265
poin -62.1727 451.753 0.916631
pol2 -640.916 -3596.85 1.7142
polv -640.916 -3596.85 0.178363
pomm -454.796 383.809 0.597123
por1 3610.69 2338.86 -0.0173939
por2 3610.66 2338.84 -0.0141771
por3 3610.66 2338.84 -0.0142676
por4 3610.69 2338.86 -0.0175283
pot2 -1703.84 3538.66 0.0300966
pot3 -1703.85 3538.65 0.0358233
potb -573.161 642.976 0.0295192
potm -640.916 -3596.85 0.146078
potr -102.532 12.2089 0.730265
pots -640.916 -3596.85 0.144422
pove 6697.87 -5178.85 0.119634
ppbf -157.764 147.107 0.428098
ppnj -640.916 -3596.85 0.0345439
ppt1 -619.506 532.406 0.0078491
prat -640.916 -3596.85 0.119967
prco 1648.67 452.45 0.305121
prds 49.5089 2042.16 1.24795
prdy -564.198 1667.08 0.0825133
pre1 -640.916 -3596.85 1.40969
pre2 -640.916 -3596.85 1.40969
prkb -640.916 -3596.85 0.0214074
psap -94.088 145.378 0.0867429
psc1 3238.28 2297.54 0.474016
psdm -215.37 175.774 0.278371
pski -640.916 -3596.85 0.0476548
psmk -640.916 -3596.85 0.0090646
pstx -30.1003 -131.961 0.902111
psu1 3181.14 1730.51 0.311233
ptal -712.661 1888.9 0.0928028
ptax 4.29884 -13.5242 1.06037
ptbb -640.916 -3596.85 0.130251
ptex -115.947 3.277 0.00
ptgv 2332.05 798.787 0.058056
ptlo -640.916 -3596.85 0.0160127
ptrb -669.607 625.671 0.145752
ptrc -669.607 625.67 0.145126
ptrf -687.865 1806.53 0.172837
ptsg -743.994 1054.32 -0.0102058
pub1 967.835 717.356 1.41413
pub2 967.834 717.383 1.41428
puc1 390.842 804.775 1.69251
pupu -518.053 1676 0.542434
pur2 5734.19 -558.233 0.0889761
pur3 5734.18 -558.272 0.089513
pve3 -270.989 137.729 0.0710478
pvep -270.989 137.728 0.0693909
pvhs -267.963 141.698 0.259586
pvrs -263.196 141.016 0.0598324
pwel 2925.1 1938.99 0.0438345
qaq1 3043.06 5237.3 0.110444
qhtp -255.021 235.721 0.863032
qiki 1871.1 4842.19 0.0132726
qmmt -714.225 -13326.5 1.0623
qsec 3508.2 -2322.33 0.0175364
quad -735.941 1989.82 -0.0074562
quar -5589.39 -11755.4 0.0580397
quex 32.4871 5.96725 -0.0162088
qui1 4510.45 -3627.3 2.91977
qui2 4510.45 -3627.3 2.91977
quin -477.783 835.539 1.10581
raap -133.189 59.1219 0.395015
rabt -640.916 -3596.85 0.0900886
rail -24.1376 640.923 1.57526
ralr 3395.48 1122.62 0.141661
ramo -640.916 -3596.85 0.886842
ramt -203.015 313.97 1.4066
rbay -640.916 -3596.85 0.031758
rbru -393.42 475.034 0.0594392
rbut 297.206 930.586 1.66776
rca2 -390.654 224.104 1.17921
rcm2 3695.3 -180.193 -0.0227356
rcm3 3695.16 -180.005 -0.0232346
rcm4 3695.16 -180.005 -0.0232346
rcm5 3695.31 -180.133 -0.0156191
rcm6 3695.31 -180.133 -0.0156414
rcmn -640.916 -3596.85 1.592
rdmt -106.52 236.772 1.783
rdom -308.286 574.83 2.4174
recf 14077.6 -7269.07 0.0201366
red1 3453.62 1698.41 -0.0270747
red2 3453.61 1698.44 -0.0273676
redm -472.022 1312.25 0.919835
redu -640.916 -3596.85 0.369942
rela -101.111 466.541 0.839229
rep2 -93.5103 480.454 1.47905
rep3 -93.4945 480.546 1.47811
rep4 -93.3175 481.42 1.45531
repo -93.512 480.444 1.47945
reso 496.652 4812.59 0.0200016
reun -640.916 -3596.85 1.5584
reyk -640.916 -3596.85 0.0930109
reyz -640.916 -3596.85 0.0930298
rg03 960.449 190.662 1.5726
rg25 670.175 198.557 2.30851
rg26 732.673 871.1 2.05557
rhcl -235.661 167.893 0.176876
ric1 3410.21 1379.75 0.0608189
rich 3695.28 -180.137 -0.0161728
ricm 3695.28 -180.137 -0.0165262
rict 3695.28 -180.137 -0.0161728
riga -640.916 -3596.85 0.0347237
rink 1730.9 5553.12 1.33781
rio2 2935.7 -10746.3 0.0320401
riog 2935.7 -10746.3 0.0320583
riop 4485.46 -3829.86 2.81719
ris1 2082.02 1415.86 0.216691
rlap 2362.58 815.825 0.0583584
rnch -459.064 381.749 0.83881
rno1 -388.92 783.599 1.53063
roap -640.916 -3596.85 0.0736767
robi 2218.93 -12044 0.0578539
roch -104.715 122.246 1.39374
rock -295.31 192.708 0.553395
roge -148.598 411.268 3.01646
roos -539.778 1697.84 0.0741393
ross 2005.7 2245.74 0.149788
roth 1749.78 -11899.9 0.0396849
rpt1 -546.522 1665.4 -0.0098961
rstp -249.94 262.989 0.712721
rsvy -341.372 227.513 0.9874
rths -173.511 175.247 0.328665
rtmn -640.916 -3596.85 0.712093
ruby 17.871 901.108 1.88174
rump -39.2624 416.187 1.40614
rwdn 1255.72 970.757 0.775032
ryan -109.504 422.236 1.28618
s01r -640.916 -3596.85 0.0439798
s300 -543.033 581.75 0.495737
sa59 93.8871 22.7072 0.0425119
sa60 861.41 894.881 1.87112
sa61 611.011 -579.506 0.0368061
sa62 863.148 964.242 1.59548
sa63 93.8722 22.7214 0.0456019
sach -424.808 4410.48 0.0692846
sacy -223.87 137.198 -0.0112682
sag1 2533.81 1800.46 0.149524
sag2 2533.82 1800.43 0.149179
saju 3460.17 -2297.99 0.0736877
sal1 1890.34 551.413 0.147776
sal2 1890.35 551.445 0.129671
salu 11419.2 -4445.44 0.0189948
samp -640.916 -3596.85 0.0018542
san0 3931.19 -1904.01 0.0101629
sang 4342.22 -8410.03 0.724007
sant 4342.23 -8409.9 0.723083
saob -537.935 481.22 0.359823
sarp -640.916 -3596.85 0.192124
sask 582.66 2239.18 0.578883
sats -638.46 1625.3 -0.0076921
sav1 3275.42 566.691 0.0084227
sav2 3275.38 566.696 0.0057121
savo 12083.2 -8452.77 0.0763101
sawc -313.126 576.354 2.44025
sbcc -202.321 115.941 0.0886764
sbgz -640.916 -3596.85 1.32354
sbrn -618.135 587.949 -0.0021662
sc00 -424.327 1609.6 1.1784
sc01 786.68 218.617 2.09738
sc02 -584.205 1797.61 -0.0150367
sc03 -642.791 1720.87 2.01847
sc04 -631.872 1843.76 0.0148597
sch2 2893.75 3692.57 0.498301
scia -176.517 232.73 0.831435
scip -280.053 45.932 0.452855
scms -199.896 103.856 0.0232717
scor -640.916 -3596.85 0.128504
scub 4479.67 -733.856 0.0209096
sdhl -74.5224 193.817 0.835057
sdly -363.153 -12175.7 2.09727
seat -539.567 1694.66 0.0442187
seaw -535.326 1698.06 -0.0039717
sedr -526.582 1790.61 0.0298471
seld -2045.31 3513.54 0.0204081
sele -640.916 -3596.85 1.34198
senu 2979.11 5193.34 0.666908
sey1 -640.916 -3596.85 0.537187
sfdm -302.072 217.686 0.291511
sfel -640.916 -3596.85 0.0516458
sfer -640.916 -3596.85 0.0841888
sg05 3566.96 115.055 -0.0107981
sg06 3572.59 1973.78 0.0238022
sg07 3620.11 2646.4 0.0238156
sg11 1432.71 684.859 0.63528
sg17 1715.03 497.617 0.250184
sg21 1748.94 -1312.47 2.26798
sg24 833.453 899.822 3.51312
sg25 2399.85 1655.72 0.185453
sg26 -640.916 -3596.85 0.200234
sg27 -1465.15 4771.96 0.0094079
sg28 3156.39 2023.97 0.191151
sg32 1858.3 -22.8405 0.080465
sg72 1647.77 482.469 0.331116
sgdm -220.301 188.441 0.420749
sghs -243.223 175.687 0.0798518
sgp0 1613.55 636.748 0.261628
sgps -112.784 155.65 0.476724
shao -640.916 -3596.85 0.0220459
shas -640.916 -3596.85 2.17151
shim -640.916 -3596.85 0.0970797
shin -413.836 901.581 1.37732
shk1 3528.2 1878.5 -0.0245673
shld -308.197 1040.28 1.45755
shos -77.7115 384.147 0.582405
shtz -640.916 -3596.85 0.405834
sibe -50.6757 234.966 0.3625
siby 2655.07 1660.84 0.152514
silk -257.494 177.432 0.106223
simo -640.916 -3596.85 0.0393889
sio1 -164.522 39.8062 0.0075721
sio2 -164.533 39.7749 0.0081362
sio3 -164.344 39.4656 0.0348704
sio4 -164.535 39.7711 0.0081586
sio5 -164.282 36.8083 0.185532
sjdv -640.916 -3596.85 0.432435
skul -70.4324 468.412 1.23731
skyb -276.764 214.933 0.520233
slac -601.599 556.962 0.0636815
slai 1796.42 1312.91 0.287741
slbu -640.916 -3596.85 0.0020951
slcu 284.918 928.877 1.27784
sli4 -389.583 758.77 2.90253
slid -389.584 758.77 2.90253
slms -45.7439 87.2998 -0.0459357
slom -640.916 -3596.85 0.112708
slor 3194.22 -1898.85 0.0120063
smel 216.775 775.407 1.42214
smm1 1793.86 6001.29 3.25817
smyc -14.1207 423.472 2.56274
snfd 3362.72 1063.43 0.0940927
snhs -226.747 157.637 0.0664225
sni1 -376.1 84.7583 0.23962
snog -123.173 169.227 2.31466
snto -11158.8 -8667.07 0.125287
soda -640.916 -3596.85 0.299772
sodb -578.359 527.858 0.98557
sofi -640.916 -3596.85 1.11954
sol1 3452.42 1514.92 -0.0190773
sola -640.916 -3596.85 0.760062
somt -330.85 202.71 0.464245
sowr 2462.72 1585.44 0.231453
spbg -1968.39 3713.34 1.09393
spcg -1949.83 3706.23 1.34273
spcr -1964.24 3702.74 1.00433
spic 279.281 765.241 1.67042
spil -4388.29 -928.046 0.882674
spk1 -292.837 173.108 0.44013
spks -373.967 783.534 1.32492
spms -219.306 164.816 0.207032
spmx 5.48178 -161.245 2.76366
spn1 -172.815 1666.01 0.719917
spn2 -172.788 1666.01 0.720377
spt0 -640.916 -3596.85 0.220001
srp1 302.807 114.595 0.297055
srs1 -424.019 170.024 0.0682172
ssia 2985.76 -1891.19 0.626656
stas -640.916 -3596.85 0.104923
stav -640.916 -3596.85 0.104926
stay -601.042 1383.8 0.110866
stb1 2203.47 1811.52 0.149193
stea -388.424 793.321 1.53421
stjg 4354.91 4002.19 0.152837
stjo 4354.91 4002.19 0.152849
stk2 -640.916 -3596.85 0.11856
stkr 2894.15 1384.98 0.176816
stl2 2248.24 1046.88 0.165752
stl3 2248.27 1046.86 0.157562
stl4 2248.24 1046.88 0.167465
stle 2328.72 757.321 0.0503291
stp1 1860.64 1625.26 0.353867
stpo -640.916 -3596.85 0.339643
str1 -640.916 -3596.85 0.79995
str2 -640.916 -3596.85 0.802498
stri -81.7217 458.804 1.02985
strl 3321.22 1541.47 0.0560266
suaa -598.792 557.964 0.0204012
sulp -640.916 -3596.85 0.370525
sum1 1188.84 354.035 1.16338
sum2 1188.82 354.031 1.16334
sumk -640.916 -3596.85 1.01219
sunm -10477.8 -14584.9 0.0920525
sup1 2031.3 1991.24 0.203024
sup2 2179.48 1923.92 0.153807
sup3 2272.42 2035.17 0.22166
sur1 290.836 918.393 1.29528
sutb -557.227 753.853 0.61655
suth -640.916 -3596.85 1.79978
sutm -640.916 -3596.85 1.79763
suva -8402.59 -7709.93 0.072603
suwn -640.916 -3596.85 0.0822637
svin -626.075 627.087 -0.0275462
svtl -640.916 -3596.85 0.0766931
sycn 3182.48 2066.22 0.0885765
syog -640.916 -3596.85 0.0500077
t986 -640.916 -3596.85 0.0439798
tabl -203.272 207.854 2.22803
taej -640.916 -3596.85 0.0774642
tah2 -3762.94 -5878.13 0.0941327
tahi -3763.34 -5878.14 0.0740101
taiw -640.916 -3596.85 0.0438544
tala -640.916 -3596.85 1.49852
tash -640.916 -3596.85 0.439666
tate -103.002 490.521 1.29329
taup -5922.64 -10731.3 0.427055
tblp -444.145 383.158 0.937512
tcms -640.916 -3596.85 0.0772548
tcun 1083.51 368.759 1.21655
tegu 3211.13 -1811.63 0.948862
tehn -640.916 -3596.85 1.19458
tela -640.916 -3596.85 0.0583789
teru -640.916 -3596.85 0.956163
tgcv -640.916 -3596.85 0.0352103
thal -578.17 548.457 -0.0024623
thcp -269.753 294.651 1.65239
thmg -55.353 126.952 0.033616
thti -3762.97 -5878.14 0.0980068
thu1 980.712 5389.35 0.0550632
thu2 980.075 5388.61 0.0361251
thu3 980.075 5388.61 0.0361474
thun -542.138 1633.66 0.142516
tibb -620.087 610.871 -0.0210811
tid1 -640.916 -3596.85 0.665369
tid2 -640.916 -3596.85 0.665343
tidb -640.916 -3596.85 0.665345
tiff 2717.08 1542.05 0.210446
tiku -640.916 -3596.85 0.0185447
tilc -305.32 568.313 2.16525
titz -640.916 -3596.85 0.156136
tiva -72.3189 491.072 2.03417
tixi -640.916 -3596.85 0.0470729
tixj -640.916 -3596.85 0.0470232
tjrn -428.604 223.37 0.157169
tlka -1814.3 3761.92 0.166008
tlse -640.916 -3596.85 0.207191
tmap -63.0606 125.845 -0.0669472
tmgo 862.786 912.386 1.67297
tnml -640.916 -3596.85 0.0758711
toiy -145.161 780.096 2.29905
tolt -492.755 1696.23 0.52718
tono -157.053 619.765 2.06602
tori -640.916 -3596.85 0.310754
torp -264.089 143.682 -0.0052184
tors -640.916 -3596.85 0.114601
tost -310.044 194.325 0.274363
toul -640.916 -3596.85 0.207103
tow2 -640.916 -3596.85 0.0881457
town -640.916 -3596.85 0.0977001
tpw2 -662.992 1542.55 -0.0149524
trab -640.916 -3596.85 0.0992774
trak -215.443 123.234 0.115538
trds -640.916 -3596.85 0.317754
trev -640.916 -3596.85 0.0613478
trm1 -90.651 122.435 1.25616
trm2 -90.651 122.435 1.25616
trnd -742.039 972.594 0.0781705
tro1 -640.916 -3596.85 0.138111
tro3 -640.916 -3596.85 0.132447
trom -640.916 -3596.85 0.132482
tron -640.916 -3596.85 0.318193
troy -97.993 258.394 0.61356
truk -640.916 -3596.85 0.113539
tsea -1853.86 3635.61 0.0429673
tsk2 -640.916 -3596.85 0.0699487
tskb -640.916 -3596.85 0.0672588
tsu1 -640.916 -3596.85 0.072068
tsu2 -640.916 -3596.85 0.0748477
tsu3 -640.916 -3596.85 0.0722195
tswy 375.252 1258.78 2.19072
tubi -640.916 -3596.85 0.22034
tucu 5414.13 -7954.56 0.485059
tukt -761.676 4188.16 -0.0015432
tung -247.623 876.419 1.41476
tvst -640.916 -3596.85 0.0554229
twhl -591.015 1627.13 0.107287
twms -207.938 162.489 0.208075
twtf -640.916 -3596.85 0.201485
ucd1 -555.112 679.177 -0.0004214
uclp -273.97 173.908 0.111542
uclu -766.28 1857.6 0.0100731
ucsb -402.296 214.802 -0.0096025
udmc -640.916 -3596.85 0.748671
ufpr 7677.29 -9333.62 0.925784
uiuc 2326.38 1260.31 0.232328
ulab -640.916 -3596.85 1.57553
umlh -640.916 -3596.85 -0.0144415
unb1 3675.98 2872.09 0.0228307
unbj 3675.98 2872.09 0.0227474
univ 2554.81 1632.05 0.264517
unpg -640.916 -3596.85 0.351076
unsa 5552.23 -7651.11 1.2578
upad -640.916 -3596.85 0.0840153
upo1 -4455.16 -788.677 0.078157
upsa -295.596 791.073 1.23328
uptc 2980.96 1742.66 0.341983
uril 3663.81 2123.11 0.0443939
urum -640.916 -3596.85 0.858859
usc1 -259.564 168.706 0.0219036
usgc -55.499 58.1411 0.133429
uslo -473.8 316.924 0.134625
usmx 567.217 -275.257 0.625472
usn1 3361.55 1554.39 0.0573951
usn3 3361.55 1554.39 0.0573841
usna 3409.73 1589.19 -0.0273142
usno 3361.65 1554.21 0.0488563
usu1 -640.916 -3596.85 1.50857
usu2 -640.916 -3596.85 1.50854
usu3 -640.916 -3596.85 1.50861
usud -640.916 -3596.85 1.5086
uthw 49.5541 -12221.4 1.30319
uvfm 3275.62 1361.8 0.512973
uzhl -640.916 -3596.85 0.232005
vaas -640.916 -3596.85 0.058181
vabg 2955.22 1077.96 0.574025
vacs -640.916 -3596.85 0.421175
vafb -464.41 256.308 0.118468
vald 2751.7 2530.94 0.31278
vale -640.916 -3596.85 0.0775739
valp 4252.76 -8339.9 0.0313713
van1 -466.85 262.758 0.0988942
van2 -466.831 262.74 0.0993815
vard -640.916 -3596.85 0.174867
vars -640.916 -3596.85 0.174893
vcap 3377.67 2364.01 0.159388
vcio 1468.06 544.87 0.623894
vcst -368.006 262.539 0.809571
vdcy -253.347 185.777 0.318175
vene -640.916 -3596.85 0.0671849
vesl -640.916 -3596.85 0.862378
vfdg 2099.32 6278.4 1.29347
vic1 2349.06 296.897 0.0091341
vic2 2349.08 296.882 0.0081768
vil0 -640.916 -3596.85 0.449968
vill -640.916 -3596.85 0.64734
vims 3565.37 1470.81 -0.0290755
vimt -280.567 180.362 0.553695
vine -173.253 497.567 0.656994
vis0 -640.916 -3596.85 0.0798366
viti -8648.78 -7728.18 0.0868954
vlns -640.916 -3596.85 0.24083
vluc -640.916 -3596.85 0.444507
vmig 3088.75 -1916.01 0.376825
vnco -346.909 198.149 0.0256644
vncx -277.543 198.813 0.328584
vndp -472.773 232.937 -0.0115122
vnps -243.842 221.482 0.961894
voil 4997.39 -799.781 0.240584
volt -640.916 -3596.85 0.0534106
vons -107.188 453.062 0.717096
vs0g -640.916 -3596.85 0.079799
vtis -260.802 134.196 0.0594921
vyas -232.498 169.177 0.0564382
wab2 -640.916 -3596.85 0.611197
waco -608.729 1461.7 0.0520899
ware -640.916 -3596.85 0.187878
wasr 3558.75 1167.73 -0.0266693
watc -286.787 573.009 2.36377
wchs -224.995 172.543 0.100086
wdbn -602.184 1421.87 0.0398095
wdc3 3361.55 1554.39 0.0541331
wdc4 3361.55 1554.39 0.0541334
wdlm 1566.96 1581.03 0.292792
wel1 -5658.86 -11076.7 0.0420222
wel2 -5658.86 -11076.7 0.0420227
well -5658.29 -11076.5 0.0377112
wes2 3583.44 2246.55 0.0849949
west 3583.44 2246.55 0.0850146
wetb -640.916 -3596.85 0.660593
weti -640.916 -3596.85 0.658771
wetm -640.916 -3596.85 0.664309
wett -640.916 -3596.85 0.666064
wfrd 3583.77 2245.95 0.0564754
wgpp -321.919 279.194 0.352008
wgtn -5650.18 -11077.8 0.0260284
wgtt -5656.22 -11077.8 0.0429609
whc1 -236.166 163.554 0.0942397
whd1 -563.168 1769.91 0.0138054
whi1 -236.477 162.883 0.0657781
whit -1125.25 3276.44 1.4274
whn1 978.873 1226.59 1.0535
whn2 978.886 1226.62 1.04998
whp1 2291.14 2104.84 0.150636
whtm 36.9348 -12797.4 2.34712
whyt -200.564 129.401 0.265412
widc -84.7048 158.238 0.445042
wien -640.916 -3596.85 0.241795
wikr -1763.81 3898.65 1.18874
wil1 3304.88 1871.33 0.384418
will -493.694 2203.13 1.09569
wilr 3547.94 972.186 -0.0261815
win2 -594.525 582.876 -0.027639
wind -640.916 -3596.85 1.73468
wint -594.52 582.875 -0.028796
wis1 1763.61 1887.4 0.159345
wkpk -300.671 229.72 1.2089
wlci 2397.57 1376.69 0.180392
wlps 3564.74 1519.13 -0.0099516
wlsn -238.17 190.882 1.70526
wlwy 391.521 1368.02 2.64327
wmap -271.129 194.976 0.268099
wmok 1536.63 402.219 0.467385
wnci 2147.06 1145.57 0.139117
wnfl 2178.83 201.184 0.068012
wnra -238.688 170.606 0.040132
womt -134.655 239.491 1.35303
woos 2831.91 1556.49 0.233002
wrhs -272.822 161.584 0.0078688
wroc -640.916 -3596.85 0.180832
wsfd 3583.44 2246.55 0.0850117
wsff 3583.44 2246.55 0.0850117
wsfm 3583.44 2246.55 0.0854197
wslr -564.021 1972.66 0.90927
wsmn 863.042 39.0772 1.20406
wsrt -640.916 -3596.85 0.0822907
wthg -640.916 -3596.85 1.10988
wtm2 -640.916 -3596.85 0.658107
wtza -640.916 -3596.85 0.665893
wtzj -640.916 -3596.85 0.665938
wtzr -640.916 -3596.85 0.666042
wtzs -640.916 -3596.85 0.663431
wtzt -640.916 -3596.85 0.665978
wtzz -640.916 -3596.85 0.665904
wuhn -640.916 -3596.85 0.0258348
wwmt -108.933 160.405 0.796643
xian -640.916 -3596.85 0.463926
xmas -640.916 -3596.85 0.261396
xmis -640.916 -3596.85 0.261523
yaig 1773 -1412.1 1.28298
yaka -640.916 -3596.85 0.0999695
yakt -640.916 -3596.85 0.103408
yakz -640.916 -3596.85 0.0998943
yar1 -640.916 -3596.85 0.2413
yar2 -640.916 -3596.85 0.24129
yarr -640.916 -3596.85 0.241372
ybhb -615.937 1038.92 1.06568
yebe -640.916 -3596.85 0.972781
yell -11.0702 3333.44 0.180939
yelm -567.456 1617.89 0.0819898
yesx 652.223 -431.04 1.50648
yibl -640.916 -3596.85 0.0951516
ykn1 -11.07 3333.44 0.18086
ykna -11.07 3333.44 0.18086
yknf -11.07 3333.44 0.18086
ykro -640.916 -3596.85 0.270319
ymer -640.916 -3596.85 1.07006
ymts 3594.78 2444.96 0.0128586
yosh -640.916 -3596.85 0.714432
you1 2945.41 1949.06 0.0613314
yrcm -640.916 -3596.85 0.516075
yssk -640.916 -3596.85 0.0913094
yumx 29.1409 -51.9288 -0.0284696
zamb -640.916 -3596.85 1.32494
zeck -640.916 -3596.85 1.16628
zimj -640.916 -3596.85 0.954315
zimm -640.916 -3596.85 0.95635
zimz -640.916 -3596.85 0.953927
zoa1 -584.168 570.108 -0.0039422
zole -377.93 770.339 1.35728
zouf -640.916 -3596.85 1.94645
zwe2 -640.916 -3596.85 0.20819
zwen -640.916 -3596.85 0.204966
