# name east(km) north(km) veast(m) vnorth(m) vup(m) eastrms(m) northrms(m) uprms(m)
azry -106.536000 114.373000 -0.000169 -0.008159 -0.010884 0.001784 0.001730 0.004912
bemt -48.399600 165.817000 -0.001330 -0.009574 0.004690 0.001381 0.002580 0.001797
bill -146.911000 118.546000 -0.002361 -0.005225 -0.002032 0.002289 0.001561 0.001462
blyt 71.093300 124.452000 -0.000261 -0.008195 0.008815 0.001244 0.002939 0.002772
cact -47.262500 127.526000 0.004791 -0.014566 -0.032863 0.004526 0.004883 0.008383
cotd -84.118900 135.814000 0.000749 -0.017477 0.001244 0.005951 0.008757 0.004742
crrs -22.837700 62.886900 0.002486 -0.029997 0.003726 0.001937 0.002848 0.003958
ctms -82.860100 179.245000 -0.003043 -0.011504 -0.001821 0.001475 0.003228 0.002996
desc -107.390000 35.638500 -0.015101 -0.002881 -0.006793 0.001375 0.001847 0.001692
dhlg -28.195500 98.308000 0.002804 -0.018361 0.002235 0.004827 0.004273 0.003202
dsme -164.217000 58.508200 -0.007521 -0.000424 -0.004668 0.003022 0.002152 0.002004
dssc -114.245000 135.776000 -0.001963 -0.012455 -0.005714 0.003191 0.002980 0.002612
glrs -3.212020 85.878000 0.003600 -0.019482 -0.004759 0.001952 0.002436 0.001790
gmpk 61.947500 62.198200 0.006322 -0.010221 0.001494 0.002987 0.005599 0.003962
hnps -14.453300 133.434000 -0.000350 -0.014028 0.004729 0.003705 0.004102 0.003607
hw62 57.987300 174.604000 -0.000908 -0.007358 0.008607 0.001673 0.003679 0.003033
iid2 43.567400 23.575700 0.022824 -0.015903 -0.002824 0.002795 0.002951 0.003826
imps 30.074600 184.331000 -0.001117 -0.008429 0.007326 0.003874 0.002273 0.006633
kyvw -64.512800 157.338000 -0.000095 -0.012282 0.005869 0.002311 0.003122 0.002532
monp -86.888000 42.605100 -0.013996 -0.003343 -0.000226 0.001193 0.001049 0.001098
mvfd -96.678100 77.914800 -0.004631 -0.008024 -0.003029 0.002400 0.003429 0.003570
p003 139.795000 27.646800 0.013246 -0.003397 -0.004204 0.004345 0.001299 0.002377
p066 -63.025800 12.230000 -0.028176 -0.004645 0.002083 0.005510 0.004695 0.002740
p472 -150.708000 42.159300 -0.009327 0.000814 -0.004251 0.002982 0.003385 0.001985
p473 -136.185000 24.924700 -0.013017 0.000570 -0.006996 0.002444 0.003208 0.002619
p474 -164.054000 93.842100 -0.004151 -0.001092 -0.003621 0.002427 0.002282 0.002777
p475 -163.788000 17.480500 -0.009869 0.001484 0.000707 0.003624 0.004792 0.001545
p476 -158.546000 103.194000 -0.003494 -0.001230 -0.004525 0.002500 0.003075 0.001123
p477 -151.446000 110.185000 -0.001237 -0.000511 -0.007364 0.002342 0.001739 0.002638
p478 -147.586000 80.570800 -0.005931 -0.000562 -0.005542 0.002384 0.003210 0.002042
p479 -120.751000 109.149000 -0.003214 -0.004345 -0.001186 0.003599 0.003683 0.002736
p480 -80.041500 51.963900 -0.012312 -0.005182 -0.004855 0.005710 0.006896 0.002761
p481 -48.321100 35.163600 -0.010602 -0.016540 0.010355 0.005088 0.003483 0.003115
p482 -110.304000 81.111500 -0.003940 -0.004452 -0.004587 0.001963 0.003994 0.002667
p483 -100.711000 61.078000 -0.009018 -0.006662 -0.001361 0.002358 0.002239 0.004703
p484 -105.647000 96.140300 -0.003111 -0.005195 -0.000277 0.001169 0.003088 0.001561
p485 -85.841400 77.896700 -0.000490 -0.003136 0.000257 0.001344 0.002894 0.001093
p486 -77.792300 83.486800 -0.001773 -0.008894 -0.007004 0.002354 0.003751 0.002995
p487 -64.785000 78.406400 -0.000325 -0.011451 0.003837 0.001204 0.002198 0.002245
p488 -55.056100 77.099500 0.000732 -0.013415 0.010262 0.002255 0.006678 0.001937
p489 -58.202900 87.627600 0.001479 -0.011755 0.002876 0.002614 0.001468 0.001825
p490 -87.604600 112.618000 -0.000157 -0.009886 -0.002632 0.002774 0.005316 0.003131
p491 -69.159800 118.416000 0.000172 -0.008739 0.008386 0.001932 0.004414 0.002922
p492 -44.521400 42.385600 -0.003762 -0.024766 0.012064 0.003986 0.005609 0.006518
p493 -31.082600 50.027700 0.004068 -0.030904 0.002672 0.002839 0.004017 0.006256
p494 -22.146400 28.503500 0.030503 -0.053149 0.041435 0.007520 0.013631 0.005943
p495 -12.845800 60.256900 0.011759 -0.043514 0.000824 0.002887 0.006290 0.003919
p496 -9.382210 27.663400 0.048676 -0.083467 0.011414 0.007590 0.005531 0.004375
p497 -7.734860 37.012400 0.016696 -0.056092 0.015985 0.004659 0.005295 0.004388
p498 -7.131780 44.083900 0.010000 -0.047442 0.017150 0.003893 0.006905 0.002754
p499 0.376490 53.190800 0.018836 -0.041963 0.013138 0.006239 0.005964 0.003210
p500 18.460500 21.353300 0.022725 -0.045758 -0.009337 0.004480 0.005480 0.003667
p501 8.962220 41.800700 0.009570 -0.038649 0.003174 0.003081 0.007597 0.006316
p502 6.539640 53.596800 0.011698 -0.039838 0.004156 0.002962 0.005938 0.004317
p503 -21.287400 49.500100 0.007905 -0.035156 0.014475 0.005318 0.003944 0.007794
p504 -26.299000 112.370000 0.001467 -0.012946 0.008538 0.002291 0.002959 0.004480
p505 -18.846200 102.199000 0.001112 -0.013143 0.000062 0.002606 0.005687 0.002121
p507 -11.580400 77.464000 0.007197 -0.028114 0.008839 0.002648 0.006509 0.006597
p508 5.463910 83.006700 0.001724 -0.022025 0.013086 0.001729 0.004911 0.007710
p509 18.665600 43.606000 0.007399 -0.029799 0.002461 0.002850 0.004509 0.003463
p510 13.601000 71.575000 0.004532 -0.026046 0.004838 0.002519 0.004407 0.003714
p511 16.652800 154.076000 -0.000048 -0.009817 -0.000899 0.002743 0.003478 0.001793
p585 -98.975700 167.544000 -0.001254 -0.006622 -0.000002 0.003200 0.002731 0.000982
p600 -68.019000 150.710000 -0.000989 -0.008899 0.004010 0.002611 0.002606 0.003556
p601 -55.934800 161.174000 0.000060 -0.009769 0.004316 0.001507 0.004572 0.004083
p607 -31.673100 137.218000 0.000668 -0.010765 0.005128 0.002435 0.001860 0.003468
p740 -103.430000 120.829000 0.003261 -0.010102 0.005048 0.006300 0.009698 0.008865
p741 -97.383000 116.339000 -0.004900 -0.006584 -0.003339 0.004606 0.003972 0.006880
p742 -103.998000 109.445000 -0.000192 -0.007606 -0.002580 0.001596 0.005318 0.003162
p744 -1.302940 36.507500 0.017742 -0.046015 0.006863 0.005039 0.005394 0.005540
pin1 -90.651400 122.435000 -0.002249 -0.008548 -0.005827 0.001720 0.001947 0.001533
pin2 -90.601100 122.435000 -0.000796 -0.012791 -0.017603 0.002031 0.002847 0.003662
potr -102.532000 12.208900 -0.020535 -0.002633 -0.006925 0.001733 0.001758 0.002019
psap -94.088000 145.378000 0.000956 -0.021285 0.010760 0.001107 0.003532 0.003226
raap -133.189000 59.121900 -0.008216 -0.002307 -0.008468 0.001858 0.001636 0.002870
sio5 -164.282000 36.808300 -0.010457 -0.004328 -0.002694 0.001606 0.001171 0.002030
slms -45.743900 87.299800 0.004946 -0.018689 -0.001302 0.007993 0.007257 0.003886
tmap -63.060600 125.845000 0.002357 -0.009226 0.013332 0.002170 0.009415 0.010420
usgc -55.499000 58.141100 -0.002345 -0.017308 0.002723 0.002506 0.003175 0.001703
widc -84.704800 158.238000 -0.000614 -0.004154 -0.028639 0.002440 0.002701 0.008695
wwmt -108.933000 160.405000 0.001835 -0.005631 -0.017278 0.004769 0.004824 0.005339
