#         t         u1         u2         u3        s11        s12        s13        s22        s23        s33
 0.0000e+00  0.000e+00  0.000e+00  0.000e+00  0.000e+00  0.000e+00  0.000e+00  0.000e+00  0.000e+00  0.000e+00
 8.3280e-06 -3.000e-05 -3.000e-06  0.000e+00 -3.900e-05 -3.000e-05  0.000e+00  8.000e-05 -2.000e-07  2.000e-07
 1.8530e-05 -6.000e-05 -7.000e-06  0.000e+00 -8.400e-05 -7.000e-05  0.000e+00  1.700e-04 -4.000e-07  5.000e-07
 3.0980e-05 -1.000e-04 -1.000e-05 -1.000e-06 -1.380e-04 -1.200e-04 -1.000e-07  2.800e-04 -6.000e-07  8.000e-07
 4.6110e-05 -1.500e-04 -1.300e-05 -1.000e-06 -2.000e-04 -1.700e-04 -1.000e-07  4.100e-04 -9.000e-07  1.100e-06
 6.4050e-05 -2.000e-04 -1.600e-05 -1.000e-06 -2.700e-04 -2.300e-04 -1.000e-07  5.600e-04 -1.300e-06  1.600e-06
 8.5090e-05 -2.600e-04 -1.900e-05 -2.000e-06 -3.490e-04 -3.000e-04 -2.000e-07  7.200e-04 -1.600e-06  2.100e-06
 1.0970e-04 -3.300e-04 -2.100e-05 -3.000e-06 -4.360e-04 -3.800e-04 -2.000e-07  9.100e-04 -2.100e-06  2.600e-06
 1.3860e-04 -4.000e-04 -2.300e-05 -4.000e-06 -5.340e-04 -4.700e-04 -2.000e-07  1.120e-03 -2.500e-06  3.200e-06
 1.7240e-04 -4.800e-04 -2.400e-05 -5.000e-06 -6.410e-04 -5.700e-04 -2.000e-07  1.350e-03 -3.100e-06  3.800e-06
 2.1210e-04 -5.600e-04 -2.400e-05 -6.000e-06 -7.600e-04 -6.700e-04 -3.000e-07  1.600e-03 -3.700e-06  4.600e-06
 2.5830e-04 -6.500e-04 -2.200e-05 -7.000e-06 -8.910e-04 -7.900e-04 -3.000e-07  1.880e-03 -4.300e-06  5.500e-06
 3.1240e-04 -7.500e-04 -2.000e-05 -7.000e-06 -1.035e-03 -9.200e-04 -4.000e-07  2.190e-03 -5.000e-06  6.500e-06
 3.7540e-04 -8.500e-04 -1.500e-05 -8.000e-06 -1.192e-03 -1.060e-03 -5.000e-07  2.520e-03 -5.800e-06  7.600e-06
 4.4910e-04 -9.700e-04 -9.000e-06 -7.000e-06 -1.365e-03 -1.210e-03 -5.000e-07  2.880e-03 -6.700e-06  8.800e-06
 5.3510e-04 -1.080e-03  0.000e+00 -7.000e-06 -1.554e-03 -1.380e-03 -6.000e-07  3.280e-03 -7.700e-06  1.020e-05
 6.3550e-04 -1.210e-03  1.200e-05 -5.000e-06 -1.761e-03 -1.550e-03 -7.000e-07  3.710e-03 -8.700e-06  1.170e-05
 7.5270e-04 -1.330e-03  2.700e-05 -3.000e-06 -1.986e-03 -1.750e-03 -7.000e-07  4.170e-03 -9.900e-06  1.330e-05
 8.8960e-04 -1.470e-03  4.600e-05  1.000e-06 -2.232e-03 -1.960e-03 -7.000e-07  4.660e-03 -1.110e-05  1.510e-05
 1.0490e-03 -1.600e-03  6.900e-05  6.000e-06 -2.498e-03 -2.180e-03 -8.000e-07  5.200e-03 -1.250e-05  1.700e-05
 1.2340e-03 -1.740e-03  9.700e-05  1.300e-05 -2.787e-03 -2.420e-03 -8.000e-07  5.760e-03 -1.400e-05  1.920e-05
 1.4490e-03 -1.880e-03  1.310e-04  2.100e-05 -3.098e-03 -2.680e-03 -8.000e-07  6.370e-03 -1.550e-05  2.150e-05
 1.6890e-03 -2.020e-03  1.700e-04  3.200e-05 -3.423e-03 -2.940e-03 -8.000e-07  6.990e-03 -1.720e-05  2.390e-05
 1.9550e-03 -2.150e-03  2.140e-04  4.400e-05 -3.759e-03 -3.210e-03 -7.000e-07  7.620e-03 -1.890e-05  2.630e-05
 2.2500e-03 -2.280e-03  2.640e-04  5.800e-05 -4.108e-03 -3.490e-03 -7.000e-07  8.270e-03 -2.060e-05  2.890e-05
 2.5760e-03 -2.400e-03  3.180e-04  7.400e-05 -4.468e-03 -3.770e-03 -5.000e-07  8.930e-03 -2.230e-05  3.150e-05
 2.9340e-03 -2.520e-03  3.790e-04  9.300e-05 -4.841e-03 -4.060e-03 -2.000e-07  9.610e-03 -2.420e-05  3.420e-05
 3.3280e-03 -2.630e-03  4.440e-04  1.130e-04 -5.226e-03 -4.360e-03  0.000e+00  1.029e-02 -2.600e-05  3.700e-05
 3.7600e-03 -2.740e-03  5.160e-04  1.350e-04 -5.623e-03 -4.660e-03  2.000e-07  1.099e-02 -2.790e-05  3.990e-05
 4.2330e-03 -2.840e-03  5.940e-04  1.590e-04 -6.033e-03 -4.980e-03  5.000e-07  1.171e-02 -2.980e-05  4.300e-05
 4.7500e-03 -2.930e-03  6.780e-04  1.850e-04 -6.456e-03 -5.300e-03  9.000e-07  1.244e-02 -3.170e-05  4.610e-05
 5.3140e-03 -3.020e-03  7.690e-04  2.140e-04 -6.893e-03 -5.620e-03  1.300e-06  1.318e-02 -3.360e-05  4.930e-05
 5.9280e-03 -3.100e-03  8.660e-04  2.450e-04 -7.342e-03 -5.960e-03  1.800e-06  1.394e-02 -3.560e-05  5.270e-05
 6.5970e-03 -3.170e-03  9.690e-04  2.780e-04 -7.806e-03 -6.310e-03  2.400e-06  1.471e-02 -3.760e-05  5.630e-05
 7.3230e-03 -3.240e-03  1.079e-03  3.130e-04 -8.283e-03 -6.660e-03  2.900e-06  1.550e-02 -3.950e-05  5.990e-05
 8.1120e-03 -3.300e-03  1.196e-03  3.500e-04 -8.775e-03 -7.020e-03  3.500e-06  1.631e-02 -4.140e-05  6.360e-05
 8.9660e-03 -3.360e-03  1.320e-03  3.900e-04 -9.286e-03 -7.390e-03  4.200e-06  1.713e-02 -4.330e-05  6.740e-05
 9.8870e-03 -3.410e-03  1.450e-03  4.320e-04 -9.796e-03 -7.770e-03  5.000e-06  1.796e-02 -4.520e-05  7.130e-05
 1.0870e-02 -3.450e-03  1.587e-03  4.760e-04 -1.033e-02 -8.160e-03  5.700e-06  1.881e-02 -4.700e-05  7.530e-05
 1.1930e-02 -3.490e-03  1.729e-03  5.220e-04 -1.087e-02 -8.550e-03  6.600e-06  1.966e-02 -4.870e-05  7.940e-05
 1.3060e-02 -3.520e-03  1.877e-03  5.700e-04 -1.142e-02 -8.940e-03  7.600e-06  2.053e-02 -5.040e-05  8.360e-05
 1.4270e-02 -3.550e-03  2.030e-03  6.200e-04 -1.198e-02 -9.350e-03  8.600e-06  2.140e-02 -5.190e-05  8.780e-05
 1.5560e-02 -3.570e-03  2.189e-03  6.720e-04 -1.255e-02 -9.760e-03  9.700e-06  2.229e-02 -5.330e-05  9.210e-05
 1.6940e-02 -3.590e-03  2.354e-03  7.260e-04 -1.313e-02 -1.017e-02  1.090e-05  2.319e-02 -5.470e-05  9.640e-05
 1.8400e-02 -3.600e-03  2.524e-03  7.810e-04 -1.372e-02 -1.060e-02  1.220e-05  2.410e-02 -5.580e-05  1.008e-04
 1.9960e-02 -3.610e-03  2.700e-03  8.390e-04 -1.432e-02 -1.103e-02  1.360e-05  2.502e-02 -5.690e-05  1.052e-04
 2.1610e-02 -3.610e-03  2.881e-03  8.990e-04 -1.493e-02 -1.146e-02  1.510e-05  2.595e-02 -5.780e-05  1.097e-04
 2.3370e-02 -3.610e-03  3.066e-03  9.600e-04 -1.555e-02 -1.190e-02  1.670e-05  2.689e-02 -5.850e-05  1.143e-04
 2.5230e-02 -3.600e-03  3.257e-03  1.023e-03 -1.618e-02 -1.235e-02  1.840e-05  2.784e-02 -5.900e-05  1.189e-04
 2.7210e-02 -3.590e-03  3.453e-03  1.088e-03 -1.681e-02 -1.280e-02  2.020e-05  2.880e-02 -5.940e-05  1.235e-04
 2.9300e-02 -3.580e-03  3.654e-03  1.155e-03 -1.746e-02 -1.326e-02  2.200e-05  2.976e-02 -5.950e-05  1.283e-04
 3.1510e-02 -3.570e-03  3.859e-03  1.224e-03 -1.811e-02 -1.372e-02  2.400e-05  3.077e-02 -5.950e-05  1.331e-04
 3.3850e-02 -3.550e-03  4.068e-03  1.295e-03 -1.877e-02 -1.419e-02  2.600e-05  3.177e-02 -5.920e-05  1.379e-04
 3.6320e-02 -3.530e-03  4.282e-03  1.367e-03 -1.944e-02 -1.466e-02  2.820e-05  3.277e-02 -5.870e-05  1.427e-04
 3.8930e-02 -3.510e-03  4.500e-03  1.441e-03 -2.012e-02 -1.514e-02  3.050e-05  3.377e-02 -5.800e-05  1.476e-04
 4.1680e-02 -3.490e-03  4.722e-03  1.516e-03 -2.080e-02 -1.562e-02  3.280e-05  3.477e-02 -5.700e-05  1.525e-04
 4.4580e-02 -3.460e-03  4.947e-03  1.593e-03 -2.149e-02 -1.610e-02  3.540e-05  3.577e-02 -5.570e-05  1.574e-04
 4.7630e-02 -3.430e-03  5.176e-03  1.672e-03 -2.218e-02 -1.659e-02  3.800e-05  3.677e-02 -5.420e-05  1.623e-04
 5.0840e-02 -3.400e-03  5.409e-03  1.753e-03 -2.288e-02 -1.708e-02  4.070e-05  3.777e-02 -5.240e-05  1.673e-04
 5.4220e-02 -3.370e-03  5.645e-03  1.834e-03 -2.359e-02 -1.758e-02  4.360e-05  3.887e-02 -5.040e-05  1.722e-04
 5.7760e-02 -3.340e-03  5.883e-03  1.918e-03 -2.429e-02 -1.807e-02  4.670e-05  3.987e-02 -4.810e-05  1.772e-04
 6.1490e-02 -3.310e-03  6.125e-03  2.002e-03 -2.501e-02 -1.857e-02  4.990e-05  4.087e-02 -4.540e-05  1.821e-04
 6.5380e-02 -3.280e-03  6.368e-03  2.088e-03 -2.572e-02 -1.907e-02  5.320e-05  4.197e-02 -4.250e-05  1.871e-04
 6.9440e-02 -3.250e-03  6.612e-03  2.175e-03 -2.643e-02 -1.957e-02  5.650e-05  4.297e-02 -3.940e-05  1.919e-04
 7.3660e-02 -3.220e-03  6.856e-03  2.262e-03 -2.713e-02 -2.006e-02  6.000e-05  4.397e-02 -3.600e-05  1.967e-04
 7.8040e-02 -3.190e-03  7.100e-03  2.350e-03 -2.784e-02 -2.055e-02  6.360e-05  4.507e-02 -3.230e-05  2.015e-04
 8.2600e-02 -3.150e-03  7.345e-03  2.438e-03 -2.854e-02 -2.105e-02  6.730e-05  4.607e-02 -2.840e-05  2.062e-04
 8.7330e-02 -3.120e-03  7.590e-03  2.527e-03 -2.923e-02 -2.153e-02  7.110e-05  4.707e-02 -2.420e-05  2.110e-04
 9.2240e-02 -3.090e-03  7.834e-03  2.616e-03 -2.992e-02 -2.202e-02  7.500e-05  4.807e-02 -1.980e-05  2.157e-04
 9.7340e-02 -3.070e-03  8.079e-03  2.706e-03 -3.061e-02 -2.250e-02  7.900e-05  4.907e-02 -1.520e-05  2.203e-04
 1.0260e-01 -3.040e-03  8.322e-03  2.796e-03 -3.129e-02 -2.298e-02  8.310e-05  5.007e-02 -1.040e-05  2.249e-04
 1.0810e-01 -3.010e-03  8.566e-03  2.887e-03 -3.197e-02 -2.346e-02  8.730e-05  5.107e-02 -5.300e-06  2.294e-04
 1.1380e-01 -2.990e-03  8.808e-03  2.977e-03 -3.264e-02 -2.393e-02  9.160e-05  5.197e-02 -1.000e-07  2.340e-04
 1.1960e-01 -2.960e-03  9.050e-03  3.068e-03 -3.331e-02 -2.440e-02  9.600e-05  5.297e-02  5.400e-06  2.384e-04
 1.2570e-01 -2.940e-03  9.291e-03  3.160e-03 -3.397e-02 -2.486e-02  1.004e-04  5.397e-02  1.110e-05  2.429e-04
 1.3200e-01 -2.920e-03  9.531e-03  3.251e-03 -3.462e-02 -2.532e-02  1.050e-04  5.487e-02  1.690e-05  2.474e-04
 1.3850e-01 -2.900e-03  9.770e-03  3.343e-03 -3.527e-02 -2.578e-02  1.096e-04  5.577e-02  2.300e-05  2.517e-04
 1.4520e-01 -2.880e-03  1.001e-02  3.435e-03 -3.591e-02 -2.624e-02  1.143e-04  5.677e-02  2.920e-05  2.561e-04
 1.5210e-01 -2.860e-03  1.024e-02  3.527e-03 -3.655e-02 -2.669e-02  1.191e-04  5.767e-02  3.550e-05  2.604e-04
 1.5930e-01 -2.850e-03  1.048e-02  3.618e-03 -3.718e-02 -2.713e-02  1.240e-04  5.857e-02  4.210e-05  2.646e-04
 1.6670e-01 -2.840e-03  1.071e-02  3.710e-03 -3.780e-02 -2.758e-02  1.289e-04  5.947e-02  4.880e-05  2.689e-04
 1.7430e-01 -2.830e-03  1.094e-02  3.802e-03 -3.842e-02 -2.802e-02  1.339e-04  6.037e-02  5.560e-05  2.731e-04
 1.8220e-01 -2.820e-03  1.117e-02  3.894e-03 -3.902e-02 -2.845e-02  1.389e-04  6.127e-02  6.260e-05  2.773e-04
 1.9020e-01 -2.810e-03  1.140e-02  3.986e-03 -3.962e-02 -2.888e-02  1.440e-04  6.217e-02  6.960e-05  2.814e-04
 1.9860e-01 -2.800e-03  1.163e-02  4.077e-03 -4.021e-02 -2.930e-02  1.491e-04  6.297e-02  7.680e-05  2.855e-04
 2.0710e-01 -2.800e-03  1.185e-02  4.168e-03 -4.079e-02 -2.972e-02  1.543e-04  6.387e-02  8.410e-05  2.896e-04
 2.1580e-01 -2.800e-03  1.207e-02  4.259e-03 -4.137e-02 -3.013e-02  1.595e-04  6.467e-02  9.140e-05  2.937e-04
 2.2480e-01 -2.800e-03  1.229e-02  4.349e-03 -4.193e-02 -3.054e-02  1.647e-04  6.557e-02  9.880e-05  2.977e-04
 2.3400e-01 -2.810e-03  1.250e-02  4.439e-03 -4.248e-02 -3.094e-02  1.699e-04  6.637e-02  1.063e-04  3.016e-04
 2.4350e-01 -2.810e-03  1.271e-02  4.528e-03 -4.303e-02 -3.134e-02  1.751e-04  6.717e-02  1.139e-04  3.055e-04
 2.5320e-01 -2.820e-03  1.292e-02  4.616e-03 -4.356e-02 -3.173e-02  1.803e-04  6.797e-02  1.215e-04  3.094e-04
 2.6310e-01 -2.830e-03  1.313e-02  4.704e-03 -4.409e-02 -3.211e-02  1.855e-04  6.867e-02  1.291e-04  3.133e-04
 2.7320e-01 -2.840e-03  1.333e-02  4.792e-03 -4.461e-02 -3.249e-02  1.906e-04  6.947e-02  1.368e-04  3.171e-04
 2.8360e-01 -2.850e-03  1.353e-02  4.879e-03 -4.511e-02 -3.286e-02  1.958e-04  7.027e-02  1.445e-04  3.209e-04
 2.9420e-01 -2.870e-03  1.373e-02  4.966e-03 -4.561e-02 -3.323e-02  2.011e-04  7.097e-02  1.522e-04  3.247e-04
 3.0510e-01 -2.890e-03  1.392e-02  5.051e-03 -4.610e-02 -3.359e-02  2.063e-04  7.167e-02  1.600e-04  3.285e-04
 3.1620e-01 -2.910e-03  1.411e-02  5.137e-03 -4.659e-02 -3.395e-02  2.114e-04  7.247e-02  1.678e-04  3.322e-04
 3.2760e-01 -2.930e-03  1.430e-02  5.222e-03 -4.706e-02 -3.430e-02  2.166e-04  7.317e-02  1.756e-04  3.359e-04
 3.3920e-01 -2.950e-03  1.449e-02  5.306e-03 -4.753e-02 -3.465e-02  2.218e-04  7.387e-02  1.834e-04  3.396e-04
 3.5110e-01 -2.980e-03  1.467e-02  5.390e-03 -4.798e-02 -3.499e-02  2.270e-04  7.447e-02  1.912e-04  3.432e-04
 3.6320e-01 -3.010e-03  1.485e-02  5.473e-03 -4.843e-02 -3.533e-02  2.320e-04  7.517e-02  1.990e-04  3.468e-04
 3.7560e-01 -3.040e-03  1.503e-02  5.555e-03 -4.887e-02 -3.566e-02  2.371e-04  7.587e-02  2.068e-04  3.504e-04
 3.8820e-01 -3.070e-03  1.520e-02  5.637e-03 -4.930e-02 -3.598e-02  2.421e-04  7.657e-02  2.146e-04  3.539e-04
 4.0110e-01 -3.100e-03  1.537e-02  5.719e-03 -4.973e-02 -3.631e-02  2.472e-04  7.717e-02  2.224e-04  3.575e-04
 4.1430e-01 -3.140e-03  1.554e-02  5.800e-03 -5.015e-02 -3.662e-02  2.521e-04  7.777e-02  2.302e-04  3.609e-04
 4.2780e-01 -3.180e-03  1.571e-02  5.880e-03 -5.056e-02 -3.694e-02  2.570e-04  7.847e-02  2.380e-04  3.644e-04
 4.4150e-01 -3.220e-03  1.588e-02  5.960e-03 -5.096e-02 -3.724e-02  2.620e-04  7.907e-02  2.457e-04  3.678e-04
 4.5550e-01 -3.260e-03  1.604e-02  6.039e-03 -5.136e-02 -3.755e-02  2.668e-04  7.967e-02  2.534e-04  3.713e-04
 4.6980e-01 -3.300e-03  1.619e-02  6.117e-03 -5.174e-02 -3.785e-02  2.716e-04  8.027e-02  2.612e-04  3.746e-04
 4.8430e-01 -3.350e-03  1.634e-02  6.195e-03 -5.213e-02 -3.814e-02  2.764e-04  8.087e-02  2.689e-04  3.780e-04
 4.9920e-01 -3.390e-03  1.649e-02  6.273e-03 -5.250e-02 -3.843e-02  2.812e-04  8.147e-02  2.765e-04  3.814e-04
 5.1430e-01 -3.440e-03  1.665e-02  6.350e-03 -5.287e-02 -3.872e-02  2.860e-04  8.197e-02  2.841e-04  3.847e-04
 5.2970e-01 -3.490e-03  1.680e-02  6.426e-03 -5.323e-02 -3.900e-02  2.906e-04  8.257e-02  2.917e-04  3.880e-04
 5.4540e-01 -3.540e-03  1.693e-02  6.502e-03 -5.358e-02 -3.927e-02  2.952e-04  8.317e-02  2.993e-04  3.913e-04
 5.6150e-01 -3.600e-03  1.707e-02  6.577e-03 -5.393e-02 -3.955e-02  2.997e-04  8.367e-02  3.068e-04  3.945e-04
 5.7780e-01 -3.650e-03  1.722e-02  6.652e-03 -5.427e-02 -3.982e-02  3.043e-04  8.417e-02  3.143e-04  3.978e-04
 5.9440e-01 -3.710e-03  1.735e-02  6.726e-03 -5.461e-02 -4.008e-02  3.087e-04  8.477e-02  3.218e-04  4.010e-04
 6.1130e-01 -3.770e-03  1.749e-02  6.799e-03 -5.494e-02 -4.034e-02  3.131e-04  8.527e-02  3.292e-04  4.042e-04
 6.2850e-01 -3.830e-03  1.761e-02  6.872e-03 -5.526e-02 -4.060e-02  3.176e-04  8.577e-02  3.366e-04  4.075e-04
 6.4610e-01 -3.890e-03  1.775e-02  6.945e-03 -5.558e-02 -4.086e-02  3.219e-04  8.627e-02  3.440e-04  4.107e-04
 6.6390e-01 -3.960e-03  1.786e-02  7.017e-03 -5.590e-02 -4.111e-02  3.262e-04  8.677e-02  3.513e-04  4.134e-04
 6.8210e-01 -4.020e-03  1.800e-02  7.089e-03 -5.620e-02 -4.135e-02  3.304e-04  8.727e-02  3.586e-04  4.174e-04
 7.0060e-01 -4.090e-03  1.811e-02  7.160e-03 -5.651e-02 -4.160e-02  3.346e-04  8.777e-02  3.657e-04  4.204e-04
 7.1940e-01 -4.160e-03  1.824e-02  7.230e-03 -5.680e-02 -4.184e-02  3.387e-04  8.827e-02  3.729e-04  4.234e-04
 7.3860e-01 -4.230e-03  1.835e-02  7.300e-03 -5.709e-02 -4.207e-02  3.427e-04  8.877e-02  3.800e-04  4.264e-04
 7.5810e-01 -4.300e-03  1.846e-02  7.370e-03 -5.738e-02 -4.230e-02  3.467e-04  8.917e-02  3.871e-04  4.294e-04
 7.7790e-01 -4.370e-03  1.858e-02  7.439e-03 -5.766e-02 -4.253e-02  3.507e-04  8.967e-02  3.941e-04  4.324e-04
 7.9810e-01 -4.450e-03  1.869e-02  7.507e-03 -5.794e-02 -4.276e-02  3.548e-04  9.007e-02  4.010e-04  4.354e-04
 8.1860e-01 -4.520e-03  1.878e-02  7.575e-03 -5.821e-02 -4.298e-02  3.587e-04  9.057e-02  4.079e-04  4.384e-04
 8.3950e-01 -4.600e-03  1.889e-02  7.643e-03 -5.848e-02 -4.320e-02  3.625e-04  9.097e-02  4.148e-04  4.414e-04
 8.6070e-01 -4.680e-03  1.900e-02  7.710e-03 -5.874e-02 -4.342e-02  3.662e-04  9.147e-02  4.216e-04  4.444e-04
 8.8220e-01 -4.760e-03  1.910e-02  7.776e-03 -5.900e-02 -4.363e-02  3.699e-04  9.187e-02  4.284e-04  4.474e-04
 9.0410e-01 -4.840e-03  1.920e-02  7.842e-03 -5.925e-02 -4.384e-02  3.735e-04  9.227e-02  4.351e-04  4.504e-04
 9.2640e-01 -4.920e-03  1.929e-02  7.908e-03 -5.950e-02 -4.405e-02  3.772e-04  9.267e-02  4.417e-04  4.534e-04
 9.4910e-01 -5.010e-03  1.938e-02  7.973e-03 -5.975e-02 -4.426e-02  3.807e-04  9.307e-02  4.483e-04  4.564e-04
 9.7210e-01 -5.090e-03  1.947e-02  8.038e-03 -5.999e-02 -4.446e-02  3.842e-04  9.357e-02  4.549e-04  4.584e-04
 9.9550e-01 -5.180e-03  1.956e-02  8.102e-03 -6.023e-02 -4.466e-02  3.876e-04  9.397e-02  4.614e-04  4.614e-04
 1.0190e+00 -5.270e-03  1.965e-02  8.166e-03 -6.046e-02 -4.485e-02  3.908e-04  9.427e-02  4.679e-04  4.644e-04
 1.0430e+00 -5.360e-03  1.973e-02  8.230e-03 -6.069e-02 -4.505e-02  3.941e-04  9.467e-02  4.743e-04  4.674e-04
 1.0680e+00 -5.450e-03  1.981e-02  8.293e-03 -6.092e-02 -4.524e-02  3.972e-04  9.507e-02  4.807e-04  4.704e-04
 1.0930e+00 -5.540e-03  1.989e-02  8.355e-03 -6.114e-02 -4.543e-02  4.004e-04  9.547e-02  4.869e-04  4.724e-04
 1.1180e+00 -5.630e-03  1.997e-02  8.417e-03 -6.136e-02 -4.561e-02  4.034e-04  9.587e-02  4.931e-04  4.754e-04
 1.1440e+00 -5.730e-03  2.005e-02  8.479e-03 -6.158e-02 -4.579e-02  4.066e-04  9.627e-02  4.993e-04  4.784e-04
 1.1700e+00 -5.820e-03  2.013e-02  8.540e-03 -6.179e-02 -4.597e-02  4.097e-04  9.657e-02  5.054e-04  4.814e-04
 1.1960e+00 -5.920e-03  2.021e-02  8.601e-03 -6.200e-02 -4.615e-02  4.126e-04  9.697e-02  5.115e-04  4.834e-04
 1.2230e+00 -6.020e-03  2.028e-02  8.662e-03 -6.220e-02 -4.633e-02  4.156e-04  9.727e-02  5.175e-04  4.864e-04
 1.2510e+00 -6.110e-03  2.034e-02  8.722e-03 -6.241e-02 -4.650e-02  4.184e-04  9.767e-02  5.235e-04  4.894e-04
 1.2780e+00 -6.210e-03  2.040e-02  8.781e-03 -6.261e-02 -4.667e-02  4.212e-04  9.797e-02  5.294e-04  4.914e-04
 1.3060e+00 -6.310e-03  2.048e-02  8.841e-03 -6.280e-02 -4.684e-02  4.239e-04  9.837e-02  5.352e-04  4.944e-04
 1.3350e+00 -6.420e-03  2.054e-02  8.899e-03 -6.300e-02 -4.701e-02  4.264e-04  9.867e-02  5.410e-04  4.974e-04
 1.3640e+00 -6.520e-03  2.059e-02  8.958e-03 -6.319e-02 -4.717e-02  4.290e-04  9.907e-02  5.468e-04  4.994e-04
 1.3930e+00 -6.620e-03  2.065e-02  9.016e-03 -6.337e-02 -4.733e-02  4.315e-04  9.937e-02  5.524e-04  5.024e-04
 1.4230e+00 -6.730e-03  2.072e-02  9.074e-03 -6.356e-02 -4.749e-02  4.340e-04  9.967e-02  5.581e-04  5.054e-04
 1.4540e+00 -6.830e-03  2.078e-02  9.131e-03 -6.374e-02 -4.765e-02  4.364e-04  9.997e-02  5.637e-04  5.074e-04
 1.4840e+00 -6.940e-03  2.082e-02  9.188e-03 -6.392e-02 -4.780e-02  4.388e-04  1.004e-01  5.692e-04  5.104e-04
 1.5160e+00 -7.050e-03  2.088e-02  9.245e-03 -6.410e-02 -4.795e-02  4.411e-04  1.007e-01  5.746e-04  5.124e-04
 1.5470e+00 -7.160e-03  2.092e-02  9.301e-03 -6.427e-02 -4.810e-02  4.434e-04  1.010e-01  5.800e-04  5.154e-04
 1.5790e+00 -7.270e-03  2.098e-02  9.357e-03 -6.445e-02 -4.825e-02  4.456e-04  1.013e-01  5.854e-04  5.174e-04
 1.6120e+00 -7.380e-03  2.102e-02  9.412e-03 -6.462e-02 -4.840e-02  4.479e-04  1.016e-01  5.907e-04  5.204e-04
 1.6450e+00 -7.490e-03  2.107e-02  9.467e-03 -6.478e-02 -4.854e-02  4.501e-04  1.019e-01  5.960e-04  5.224e-04
 1.6780e+00 -7.600e-03  2.112e-02  9.522e-03 -6.495e-02 -4.869e-02  4.521e-04  1.022e-01  6.012e-04  5.254e-04
 1.7120e+00 -7.710e-03  2.116e-02  9.576e-03 -6.511e-02 -4.883e-02  4.541e-04  1.025e-01  6.063e-04  5.274e-04
 1.7470e+00 -7.830e-03  2.119e-02  9.630e-03 -6.527e-02 -4.897e-02  4.561e-04  1.028e-01  6.114e-04  5.304e-04
 1.7820e+00 -7.940e-03  2.124e-02  9.684e-03 -6.543e-02 -4.910e-02  4.581e-04  1.031e-01  6.165e-04  5.324e-04
 1.8170e+00 -8.060e-03  2.127e-02  9.738e-03 -6.559e-02 -4.924e-02  4.599e-04  1.034e-01  6.214e-04  5.354e-04
 1.8530e+00 -8.180e-03  2.132e-02  9.791e-03 -6.574e-02 -4.937e-02  4.616e-04  1.037e-01  6.264e-04  5.374e-04
 1.8900e+00 -8.290e-03  2.134e-02  9.843e-03 -6.590e-02 -4.950e-02  4.633e-04  1.039e-01  6.312e-04  5.394e-04
 1.9270e+00 -8.410e-03  2.138e-02  9.896e-03 -6.605e-02 -4.963e-02  4.650e-04  1.042e-01  6.360e-04  5.424e-04
 1.9640e+00 -8.530e-03  2.142e-02  9.948e-03 -6.620e-02 -4.976e-02  4.667e-04  1.045e-01  6.408e-04  5.444e-04
 2.0020e+00 -8.650e-03  2.144e-02  1.000e-02 -6.635e-02 -4.988e-02  4.683e-04  1.048e-01  6.455e-04  5.464e-04
 2.0400e+00 -8.770e-03  2.147e-02  1.005e-02 -6.649e-02 -5.001e-02  4.700e-04  1.050e-01  6.501e-04  5.494e-04
 2.0790e+00 -8.890e-03  2.150e-02  1.010e-02 -6.664e-02 -5.013e-02  4.717e-04  1.053e-01  6.548e-04  5.514e-04
 2.1190e+00 -9.010e-03  2.152e-02  1.015e-02 -6.678e-02 -5.025e-02  4.733e-04  1.056e-01  6.593e-04  5.534e-04
 2.1590e+00 -9.130e-03  2.155e-02  1.020e-02 -6.692e-02 -5.037e-02  4.749e-04  1.058e-01  6.639e-04  5.554e-04
 2.2000e+00 -9.260e-03  2.158e-02  1.025e-02 -6.706e-02 -5.048e-02  4.762e-04  1.061e-01  6.683e-04  5.584e-04
 2.2410e+00 -9.380e-03  2.159e-02  1.030e-02 -6.720e-02 -5.060e-02  4.775e-04  1.063e-01  6.728e-04  5.604e-04
 2.2820e+00 -9.510e-03  2.161e-02  1.035e-02 -6.733e-02 -5.071e-02  4.787e-04  1.066e-01  6.770e-04  5.624e-04
 2.3250e+00 -9.630e-03  2.163e-02  1.040e-02 -6.747e-02 -5.082e-02  4.799e-04  1.068e-01  6.813e-04  5.644e-04
 2.3670e+00 -9.760e-03  2.166e-02  1.045e-02 -6.760e-02 -5.094e-02  4.811e-04  1.071e-01  6.856e-04  5.674e-04
 2.4110e+00 -9.880e-03  2.167e-02  1.050e-02 -6.773e-02 -5.104e-02  4.823e-04  1.073e-01  6.898e-04  5.694e-04
 2.4550e+00 -1.001e-02  2.168e-02  1.055e-02 -6.787e-02 -5.115e-02  4.835e-04  1.076e-01  6.939e-04  5.714e-04
 2.4990e+00 -1.014e-02  2.169e-02  1.060e-02 -6.799e-02 -5.126e-02  4.845e-04  1.078e-01  6.980e-04  5.734e-04
 2.5440e+00 -1.027e-02  2.171e-02  1.064e-02 -6.812e-02 -5.136e-02  4.854e-04  1.081e-01  7.021e-04  5.754e-04
 2.5900e+00 -1.040e-02  2.172e-02  1.069e-02 -6.825e-02 -5.146e-02  4.864e-04  1.083e-01  7.061e-04  5.774e-04
 2.6360e+00 -1.052e-02  2.174e-02  1.074e-02 -6.838e-02 -5.157e-02  4.873e-04  1.086e-01  7.100e-04  5.804e-04
 2.6830e+00 -1.065e-02  2.175e-02  1.079e-02 -6.850e-02 -5.166e-02  4.881e-04  1.088e-01  7.140e-04  5.824e-04
 2.7300e+00 -1.078e-02  2.176e-02  1.083e-02 -6.863e-02 -5.176e-02  4.890e-04  1.090e-01  7.178e-04  5.844e-04
 2.7780e+00 -1.092e-02  2.176e-02  1.088e-02 -6.875e-02 -5.186e-02  4.897e-04  1.093e-01  7.216e-04  5.864e-04
 2.8270e+00 -1.105e-02  2.176e-02  1.093e-02 -6.887e-02 -5.196e-02  4.905e-04  1.095e-01  7.254e-04  5.884e-04
 2.8760e+00 -1.118e-02  2.176e-02  1.097e-02 -6.899e-02 -5.205e-02  4.913e-04  1.097e-01  7.291e-04  5.904e-04
 2.9260e+00 -1.131e-02  2.177e-02  1.102e-02 -6.911e-02 -5.214e-02  4.920e-04  1.099e-01  7.328e-04  5.924e-04
 2.9760e+00 -1.144e-02  2.177e-02  1.106e-02 -6.923e-02 -5.223e-02  4.925e-04  1.102e-01  7.365e-04  5.944e-04
 3.0280e+00 -1.158e-02  2.177e-02  1.111e-02 -6.935e-02 -5.232e-02  4.930e-04  1.104e-01  7.400e-04  5.964e-04
