#         t         u1         u2         u3        s11        s12        s13        s22        s23        s33
 0.0000e+00  0.000e+00  0.000e+00  0.000e+00  0.000e+00  0.000e+00  0.000e+00  0.000e+00  0.000e+00  0.000e+00
 5.5560e-02  4.300e-05 -6.300e-04 -4.300e-04 -2.800e-04  1.200e-04  1.000e-06 -4.000e-04  0.000e+00 -1.900e-05
 1.1110e-01  8.100e-05 -1.200e-03 -8.400e-04 -5.300e-04  2.400e-04  2.000e-06 -8.000e-04  0.000e+00 -3.700e-05
 1.6670e-01  1.160e-04 -1.730e-03 -1.200e-03 -7.500e-04  3.400e-04  3.000e-06 -1.200e-03  1.000e-06 -5.300e-05
 2.2220e-01  1.480e-04 -2.220e-03 -1.540e-03 -9.500e-04  4.300e-04  4.000e-06 -1.600e-03  2.000e-06 -6.900e-05
 2.7780e-01  1.760e-04 -2.660e-03 -1.860e-03 -1.130e-03  5.100e-04  4.900e-06 -1.900e-03  2.000e-06 -8.300e-05
 3.3330e-01  2.000e-04 -3.080e-03 -2.151e-03 -1.280e-03  5.800e-04  5.700e-06 -2.300e-03  3.000e-06 -9.700e-05
 3.8890e-01  2.220e-04 -3.460e-03 -2.422e-03 -1.420e-03  6.500e-04  6.600e-06 -2.600e-03  3.000e-06 -1.090e-04
 4.4440e-01  2.410e-04 -3.810e-03 -2.673e-03 -1.540e-03  7.100e-04  7.400e-06 -3.000e-03  4.000e-06 -1.210e-04
 5.0000e-01  2.570e-04 -4.140e-03 -2.908e-03 -1.650e-03  7.600e-04  8.200e-06 -3.300e-03  5.000e-06 -1.320e-04
 5.5560e-01  2.700e-04 -4.450e-03 -3.127e-03 -1.750e-03  8.100e-04  8.900e-06 -3.600e-03  6.000e-06 -1.420e-04
 6.1110e-01  2.810e-04 -4.740e-03 -3.331e-03 -1.840e-03  8.500e-04  9.600e-06 -3.900e-03  6.000e-06 -1.520e-04
 6.6670e-01  2.900e-04 -5.010e-03 -3.523e-03 -1.920e-03  8.900e-04  1.030e-05 -4.200e-03  7.000e-06 -1.610e-04
 7.2220e-01  2.970e-04 -5.260e-03 -3.703e-03 -1.990e-03  9.300e-04  1.090e-05 -4.500e-03  8.000e-06 -1.690e-04
 7.7780e-01  3.030e-04 -5.500e-03 -3.873e-03 -2.060e-03  9.600e-04  1.160e-05 -4.800e-03  9.000e-06 -1.770e-04
 8.3330e-01  3.060e-04 -5.720e-03 -4.032e-03 -2.110e-03  9.800e-04  1.210e-05 -5.000e-03  9.000e-06 -1.850e-04
 8.8890e-01  3.090e-04 -5.930e-03 -4.183e-03 -2.170e-03  1.010e-03  1.270e-05 -5.300e-03  1.000e-05 -1.930e-04
 9.4440e-01  3.100e-04 -6.130e-03 -4.325e-03 -2.210e-03  1.030e-03  1.320e-05 -5.500e-03  1.000e-05 -1.990e-04
 1.0000e+00  3.100e-04 -6.320e-03 -4.460e-03 -2.250e-03  1.050e-03  1.360e-05 -5.800e-03  1.000e-05 -2.060e-04
 1.0560e+00  3.090e-04 -6.500e-03 -4.588e-03 -2.290e-03  1.060e-03  1.410e-05 -6.000e-03  1.100e-05 -2.120e-04
 1.1110e+00  3.070e-04 -6.670e-03 -4.709e-03 -2.330e-03  1.080e-03  1.450e-05 -6.200e-03  1.100e-05 -2.180e-04
 1.1670e+00  3.040e-04 -6.830e-03 -4.824e-03 -2.360e-03  1.090e-03  1.490e-05 -6.500e-03  1.200e-05 -2.240e-04
 1.2220e+00  3.000e-04 -6.980e-03 -4.933e-03 -2.380e-03  1.100e-03  1.530e-05 -6.700e-03  1.200e-05 -2.290e-04
 1.2780e+00  2.960e-04 -7.130e-03 -5.038e-03 -2.410e-03  1.110e-03  1.560e-05 -6.900e-03  1.300e-05 -2.340e-04
 1.3330e+00  2.920e-04 -7.270e-03 -5.137e-03 -2.430e-03  1.120e-03  1.590e-05 -7.100e-03  1.300e-05 -2.390e-04
 1.3890e+00  2.860e-04 -7.400e-03 -5.232e-03 -2.450e-03  1.120e-03  1.620e-05 -7.200e-03  1.400e-05 -2.440e-04
 1.4440e+00  2.810e-04 -7.530e-03 -5.323e-03 -2.470e-03  1.130e-03  1.650e-05 -7.400e-03  1.400e-05 -2.490e-04
 1.5000e+00  2.750e-04 -7.650e-03 -5.410e-03 -2.490e-03  1.130e-03  1.680e-05 -7.600e-03  1.500e-05 -2.530e-04
 1.5560e+00  2.690e-04 -7.770e-03 -5.493e-03 -2.500e-03  1.130e-03  1.700e-05 -7.800e-03  1.500e-05 -2.570e-04
 1.6110e+00  2.620e-04 -7.880e-03 -5.573e-03 -2.510e-03  1.130e-03  1.720e-05 -7.900e-03  1.500e-05 -2.610e-04
 1.6670e+00  2.550e-04 -7.990e-03 -5.650e-03 -2.520e-03  1.140e-03  1.740e-05 -8.100e-03  1.600e-05 -2.650e-04
 1.7220e+00  2.480e-04 -8.090e-03 -5.723e-03 -2.530e-03  1.140e-03  1.760e-05 -8.300e-03  1.600e-05 -2.690e-04
 1.7780e+00  2.410e-04 -8.190e-03 -5.793e-03 -2.540e-03  1.140e-03  1.780e-05 -8.400e-03  1.600e-05 -2.720e-04
 1.8330e+00  2.340e-04 -8.280e-03 -5.861e-03 -2.550e-03  1.130e-03  1.800e-05 -8.600e-03  1.600e-05 -2.750e-04
 1.8890e+00  2.260e-04 -8.370e-03 -5.926e-03 -2.560e-03  1.130e-03  1.810e-05 -8.700e-03  1.600e-05 -2.790e-04
 1.9440e+00  2.190e-04 -8.460e-03 -5.989e-03 -2.560e-03  1.130e-03  1.830e-05 -8.800e-03  1.600e-05 -2.820e-04
 2.0000e+00  2.110e-04 -8.540e-03 -6.049e-03 -2.570e-03  1.130e-03  1.840e-05 -9.000e-03  1.700e-05 -2.850e-04
 2.0560e+00  2.030e-04 -8.630e-03 -6.107e-03 -2.570e-03  1.130e-03  1.850e-05 -9.100e-03  1.700e-05 -2.870e-04
 2.1110e+00  1.960e-04 -8.700e-03 -6.163e-03 -2.580e-03  1.120e-03  1.870e-05 -9.200e-03  1.700e-05 -2.900e-04
 2.1670e+00  1.880e-04 -8.780e-03 -6.217e-03 -2.580e-03  1.120e-03  1.880e-05 -9.300e-03  1.700e-05 -2.930e-04
 2.2220e+00  1.800e-04 -8.850e-03 -6.268e-03 -2.580e-03  1.110e-03  1.890e-05 -9.400e-03  1.700e-05 -2.950e-04
 2.2780e+00  1.730e-04 -8.920e-03 -6.319e-03 -2.590e-03  1.110e-03  1.890e-05 -9.600e-03  1.800e-05 -2.980e-04
 2.3330e+00  1.650e-04 -8.990e-03 -6.367e-03 -2.590e-03  1.100e-03  1.900e-05 -9.700e-03  1.800e-05 -3.000e-04
 2.3890e+00  1.570e-04 -9.060e-03 -6.413e-03 -2.590e-03  1.100e-03  1.910e-05 -9.800e-03  1.800e-05 -3.030e-04
 2.4440e+00  1.490e-04 -9.120e-03 -6.459e-03 -2.590e-03  1.090e-03  1.920e-05 -9.900e-03  1.900e-05 -3.050e-04
 2.5000e+00  1.420e-04 -9.180e-03 -6.502e-03 -2.590e-03  1.090e-03  1.920e-05 -1.000e-02  1.900e-05 -3.070e-04
 2.5560e+00  1.340e-04 -9.240e-03 -6.544e-03 -2.590e-03  1.080e-03  1.930e-05 -1.010e-02  1.900e-05 -3.090e-04
 2.6110e+00  1.260e-04 -9.300e-03 -6.585e-03 -2.590e-03  1.080e-03  1.930e-05 -1.020e-02  1.900e-05 -3.110e-04
 2.6670e+00  1.190e-04 -9.350e-03 -6.624e-03 -2.590e-03  1.070e-03  1.940e-05 -1.020e-02  1.900e-05 -3.130e-04
 2.7220e+00  1.110e-04 -9.410e-03 -6.662e-03 -2.590e-03  1.070e-03  1.940e-05 -1.030e-02  1.900e-05 -3.150e-04
 2.7780e+00  1.040e-04 -9.460e-03 -6.699e-03 -2.590e-03  1.060e-03  1.950e-05 -1.040e-02  1.900e-05 -3.170e-04
 2.8330e+00  9.600e-05 -9.510e-03 -6.734e-03 -2.590e-03  1.050e-03  1.950e-05 -1.050e-02  1.900e-05 -3.180e-04
 2.8890e+00  8.900e-05 -9.560e-03 -6.769e-03 -2.590e-03  1.050e-03  1.960e-05 -1.060e-02  1.900e-05 -3.200e-04
 2.9440e+00  8.200e-05 -9.600e-03 -6.802e-03 -2.590e-03  1.040e-03  1.960e-05 -1.070e-02  1.900e-05 -3.220e-04
 3.0000e+00  7.500e-05 -9.650e-03 -6.834e-03 -2.590e-03  1.040e-03  1.960e-05 -1.070e-02  1.900e-05 -3.230e-04
