#         t         u1         u2         u3        s11        s12        s13        s22        s23        s33
 0.0000e+00  0.000e+00  0.000e+00  0.000e+00  0.000e+00  0.000e+00  0.000e+00  0.000e+00  0.000e+00  0.000e+00
 5.5560e-02  7.600e-05 -2.900e-04 -5.900e-05 -3.600e-05  1.260e-04  1.100e-07 -2.000e-04  1.300e-07 -5.500e-06
 1.1110e-01  1.450e-04 -5.500e-04 -1.130e-04 -6.700e-05  2.410e-04  2.100e-07 -3.700e-04  2.700e-07 -1.030e-05
 1.6670e-01  2.090e-04 -7.800e-04 -1.600e-04 -9.500e-05  3.470e-04  3.000e-07 -5.300e-04  4.000e-07 -1.470e-05
 2.2220e-01  2.680e-04 -9.900e-04 -2.030e-04 -1.190e-04  4.450e-04  3.900e-07 -6.700e-04  5.500e-07 -1.860e-05
 2.7780e-01  3.220e-04 -1.180e-03 -2.410e-04 -1.400e-04  5.350e-04  4.700e-07 -7.900e-04  6.900e-07 -2.210e-05
 3.3330e-01  3.710e-04 -1.350e-03 -2.760e-04 -1.600e-04  6.180e-04  5.700e-07 -9.000e-04  8.300e-07 -2.530e-05
 3.8890e-01  4.160e-04 -1.510e-03 -3.070e-04 -1.760e-04  6.950e-04  6.500e-07 -1.010e-03  9.900e-07 -2.820e-05
 4.4440e-01  4.570e-04 -1.650e-03 -3.350e-04 -1.910e-04  7.650e-04  7.300e-07 -1.100e-03  1.150e-06 -3.070e-05
 5.0000e-01  4.940e-04 -1.780e-03 -3.600e-04 -2.050e-04  8.300e-04  8.000e-07 -1.180e-03  1.280e-06 -3.310e-05
 5.5560e-01  5.280e-04 -1.900e-03 -3.820e-04 -2.170e-04  8.900e-04  8.600e-07 -1.260e-03  1.420e-06 -3.520e-05
 6.1110e-01  5.590e-04 -2.010e-03 -4.030e-04 -2.270e-04  9.450e-04  9.300e-07 -1.330e-03  1.520e-06 -3.710e-05
 6.6670e-01  5.880e-04 -2.100e-03 -4.210e-04 -2.360e-04  9.960e-04  9.900e-07 -1.390e-03  1.650e-06 -3.880e-05
 7.2220e-01  6.130e-04 -2.200e-03 -4.380e-04 -2.450e-04  1.043e-03  1.040e-06 -1.450e-03  1.730e-06 -4.040e-05
 7.7780e-01  6.370e-04 -2.280e-03 -4.530e-04 -2.520e-04  1.087e-03  1.100e-06 -1.500e-03  1.800e-06 -4.180e-05
 8.3330e-01  6.580e-04 -2.360e-03 -4.660e-04 -2.580e-04  1.127e-03  1.160e-06 -1.550e-03  1.900e-06 -4.310e-05
 8.8890e-01  6.780e-04 -2.430e-03 -4.780e-04 -2.640e-04  1.164e-03  1.220e-06 -1.600e-03  2.030e-06 -4.430e-05
 9.4440e-01  6.950e-04 -2.500e-03 -4.890e-04 -2.690e-04  1.199e-03  1.250e-06 -1.640e-03  2.170e-06 -4.540e-05
 1.0000e+00  7.110e-04 -2.560e-03 -4.990e-04 -2.740e-04  1.231e-03  1.290e-06 -1.680e-03  2.230e-06 -4.640e-05
 1.0560e+00  7.260e-04 -2.620e-03 -5.080e-04 -2.780e-04  1.260e-03  1.320e-06 -1.720e-03  2.310e-06 -4.730e-05
 1.1110e+00  7.390e-04 -2.670e-03 -5.160e-04 -2.820e-04  1.288e-03  1.360e-06 -1.750e-03  2.340e-06 -4.820e-05
 1.1670e+00  7.510e-04 -2.720e-03 -5.230e-04 -2.850e-04  1.313e-03  1.390e-06 -1.790e-03  2.460e-06 -4.900e-05
 1.2220e+00  7.620e-04 -2.770e-03 -5.300e-04 -2.880e-04  1.337e-03  1.400e-06 -1.820e-03  2.510e-06 -4.970e-05
 1.2780e+00  7.720e-04 -2.820e-03 -5.360e-04 -2.900e-04  1.358e-03  1.430e-06 -1.850e-03  2.640e-06 -5.030e-05
 1.3330e+00  7.800e-04 -2.860e-03 -5.410e-04 -2.920e-04  1.379e-03  1.460e-06 -1.870e-03  2.710e-06 -5.100e-05
 1.3890e+00  7.880e-04 -2.900e-03 -5.460e-04 -2.940e-04  1.398e-03  1.490e-06 -1.900e-03  2.770e-06 -5.160e-05
 1.4440e+00  7.960e-04 -2.940e-03 -5.500e-04 -2.960e-04  1.415e-03  1.510e-06 -1.920e-03  2.890e-06 -5.210e-05
 1.5000e+00  8.020e-04 -2.970e-03 -5.540e-04 -2.980e-04  1.431e-03  1.530e-06 -1.950e-03  2.950e-06 -5.260e-05
 1.5560e+00  8.080e-04 -3.010e-03 -5.570e-04 -2.990e-04  1.447e-03  1.540e-06 -1.970e-03  3.010e-06 -5.300e-05
 1.6110e+00  8.130e-04 -3.040e-03 -5.600e-04 -3.000e-04  1.461e-03  1.550e-06 -1.990e-03  3.050e-06 -5.350e-05
 1.6670e+00  8.180e-04 -3.070e-03 -5.620e-04 -3.010e-04  1.474e-03  1.560e-06 -2.010e-03  3.140e-06 -5.390e-05
 1.7220e+00  8.220e-04 -3.100e-03 -5.650e-04 -3.020e-04  1.486e-03  1.570e-06 -2.030e-03  3.280e-06 -5.430e-05
 1.7780e+00  8.250e-04 -3.130e-03 -5.670e-04 -3.030e-04  1.497e-03  1.590e-06 -2.050e-03  3.430e-06 -5.460e-05
 1.8330e+00  8.290e-04 -3.150e-03 -5.680e-04 -3.030e-04  1.508e-03  1.590e-06 -2.070e-03  3.500e-06 -5.490e-05
 1.8890e+00  8.320e-04 -3.180e-03 -5.690e-04 -3.040e-04  1.518e-03  1.600e-06 -2.090e-03  3.560e-06 -5.530e-05
 1.9440e+00  8.340e-04 -3.200e-03 -5.710e-04 -3.040e-04  1.527e-03  1.610e-06 -2.100e-03  3.610e-06 -5.560e-05
 2.0000e+00  8.360e-04 -3.220e-03 -5.710e-04 -3.040e-04  1.536e-03  1.620e-06 -2.120e-03  3.720e-06 -5.580e-05
 2.0560e+00  8.380e-04 -3.250e-03 -5.720e-04 -3.050e-04  1.544e-03  1.640e-06 -2.140e-03  3.790e-06 -5.610e-05
 2.1110e+00  8.400e-04 -3.270e-03 -5.720e-04 -3.050e-04  1.552e-03  1.660e-06 -2.150e-03  3.900e-06 -5.630e-05
 2.1670e+00  8.410e-04 -3.290e-03 -5.730e-04 -3.050e-04  1.559e-03  1.670e-06 -2.160e-03  4.060e-06 -5.650e-05
 2.2220e+00  8.420e-04 -3.310e-03 -5.730e-04 -3.050e-04  1.565e-03  1.690e-06 -2.180e-03  4.070e-06 -5.670e-05
 2.2780e+00  8.430e-04 -3.320e-03 -5.730e-04 -3.050e-04  1.571e-03  1.710e-06 -2.190e-03  4.100e-06 -5.690e-05
 2.3330e+00  8.440e-04 -3.340e-03 -5.720e-04 -3.050e-04  1.577e-03  1.710e-06 -2.210e-03  4.140e-06 -5.700e-05
 2.3890e+00  8.440e-04 -3.360e-03 -5.720e-04 -3.040e-04  1.583e-03  1.720e-06 -2.220e-03  4.200e-06 -5.710e-05
 2.4440e+00  8.450e-04 -3.380e-03 -5.710e-04 -3.040e-04  1.588e-03  1.720e-06 -2.230e-03  4.270e-06 -5.730e-05
 2.5000e+00  8.450e-04 -3.390e-03 -5.710e-04 -3.040e-04  1.592e-03  1.730e-06 -2.240e-03  4.350e-06 -5.750e-05
 2.5560e+00  8.450e-04 -3.410e-03 -5.700e-04 -3.040e-04  1.597e-03  1.740e-06 -2.250e-03  4.420e-06 -5.760e-05
 2.6110e+00  8.450e-04 -3.420e-03 -5.690e-04 -3.030e-04  1.601e-03  1.740e-06 -2.270e-03  4.500e-06 -5.770e-05
 2.6670e+00  8.450e-04 -3.430e-03 -5.680e-04 -3.030e-04  1.605e-03  1.750e-06 -2.280e-03  4.560e-06 -5.780e-05
 2.7220e+00  8.440e-04 -3.450e-03 -5.670e-04 -3.030e-04  1.608e-03  1.750e-06 -2.290e-03  4.610e-06 -5.800e-05
 2.7780e+00  8.440e-04 -3.460e-03 -5.650e-04 -3.020e-04  1.612e-03  1.750e-06 -2.300e-03  4.660e-06 -5.800e-05
 2.8330e+00  8.430e-04 -3.470e-03 -5.640e-04 -3.020e-04  1.615e-03  1.750e-06 -2.310e-03  4.680e-06 -5.810e-05
 2.8890e+00  8.430e-04 -3.490e-03 -5.630e-04 -3.010e-04  1.618e-03  1.750e-06 -2.320e-03  4.680e-06 -5.820e-05
 2.9440e+00  8.420e-04 -3.500e-03 -5.610e-04 -3.010e-04  1.621e-03  1.750e-06 -2.330e-03  4.760e-06 -5.830e-05
 3.0000e+00  8.410e-04 -3.510e-03 -5.600e-04 -3.000e-04  1.623e-03  1.750e-06 -2.340e-03  4.810e-06 -5.840e-05
