#         t         u1         u2         u3        s11        s12        s13        s22        s23        s33
 0.0000e+00  0.000e+00  0.000e+00  0.000e+00  0.000e+00  0.000e+00  0.000e+00  0.000e+00  0.000e+00  0.000e+00
 2.5850e-02 -2.900e-05 -8.000e-05  0.000e+00 -5.000e-05  5.000e-05  7.000e-07  0.000e+00  0.000e+00  0.000e+00
 5.1700e-02 -5.600e-05 -1.600e-04 -1.000e-05 -9.000e-05  9.000e-05  1.400e-06  0.000e+00 -1.000e-06 -1.000e-06
 7.7550e-02 -8.100e-05 -2.300e-04 -1.000e-05 -1.400e-04  1.300e-04  2.100e-06 -1.000e-04 -2.000e-06 -1.000e-06
 1.0340e-01 -1.040e-04 -3.000e-04 -1.000e-05 -1.800e-04  1.600e-04  2.800e-06 -1.000e-04 -3.000e-06 -1.000e-06
 1.2930e-01 -1.270e-04 -3.700e-04 -2.000e-05 -2.200e-04  1.900e-04  3.400e-06 -1.000e-04 -3.000e-06 -1.000e-06
 1.5510e-01 -1.480e-04 -4.300e-04 -2.000e-05 -2.500e-04  2.200e-04  4.000e-06 -1.000e-04 -4.000e-06 -1.000e-06
 1.8100e-01 -1.690e-04 -4.900e-04 -2.000e-05 -2.800e-04  2.500e-04  4.600e-06 -1.000e-04 -5.000e-06 -1.000e-06
 2.0680e-01 -1.880e-04 -5.500e-04 -3.000e-05 -3.200e-04  2.700e-04  5.200e-06 -1.000e-04 -6.000e-06 -1.000e-06
 2.3270e-01 -2.060e-04 -6.000e-04 -3.000e-05 -3.500e-04  2.900e-04  5.700e-06 -1.000e-04 -7.000e-06 -1.000e-06
 2.5850e-01 -2.240e-04 -6.500e-04 -3.000e-05 -3.700e-04  3.100e-04  6.200e-06 -1.000e-04 -7.000e-06 -1.000e-06
 2.8440e-01 -2.410e-04 -7.000e-04 -4.000e-05 -4.000e-04  3.300e-04  6.700e-06 -1.000e-04 -8.000e-06 -1.000e-06
 3.1020e-01 -2.570e-04 -7.500e-04 -4.000e-05 -4.300e-04  3.400e-04  7.200e-06 -2.000e-04 -8.000e-06 -1.000e-06
 3.3610e-01 -2.720e-04 -7.900e-04 -4.000e-05 -4.500e-04  3.600e-04  7.700e-06 -2.000e-04 -9.000e-06 -1.000e-06
 3.6190e-01 -2.870e-04 -8.400e-04 -4.000e-05 -4.700e-04  3.700e-04  8.100e-06 -2.000e-04 -1.000e-05 -1.000e-06
 3.8780e-01 -3.020e-04 -8.800e-04 -5.000e-05 -4.900e-04  3.800e-04  8.600e-06 -2.000e-04 -1.000e-05 -1.000e-06
 4.1360e-01 -3.150e-04 -9.200e-04 -5.000e-05 -5.100e-04  3.900e-04  9.000e-06 -2.000e-04 -1.000e-05 -1.000e-06
 4.3950e-01 -3.290e-04 -9.500e-04 -5.000e-05 -5.300e-04  4.000e-04  9.400e-06 -2.000e-04 -1.100e-05 -1.000e-06
 4.6530e-01 -3.420e-04 -9.900e-04 -6.000e-05 -5.500e-04  4.100e-04  9.700e-06 -2.000e-04 -1.100e-05 -1.000e-06
 4.9120e-01 -3.540e-04 -1.020e-03 -6.000e-05 -5.600e-04  4.200e-04  1.010e-05 -2.000e-04 -1.200e-05 -1.000e-06
 5.1700e-01 -3.660e-04 -1.050e-03 -6.000e-05 -5.800e-04  4.200e-04  1.050e-05 -2.000e-04 -1.200e-05 -1.000e-06
 5.4290e-01 -3.780e-04 -1.090e-03 -7.000e-05 -6.000e-04  4.300e-04  1.080e-05 -2.000e-04 -1.200e-05 -1.000e-06
 5.6870e-01 -3.890e-04 -1.120e-03 -7.000e-05 -6.100e-04  4.300e-04  1.120e-05 -2.000e-04 -1.300e-05 -1.000e-06
 5.9460e-01 -4.000e-04 -1.140e-03 -7.000e-05 -6.200e-04  4.400e-04  1.150e-05 -2.000e-04 -1.300e-05 -1.000e-06
 6.2040e-01 -4.110e-04 -1.170e-03 -8.000e-05 -6.400e-04  4.400e-04  1.180e-05 -2.000e-04 -1.300e-05  0.000e+00
 6.4630e-01 -4.210e-04 -1.200e-03 -8.000e-05 -6.500e-04  4.400e-04  1.210e-05 -2.000e-04 -1.400e-05  0.000e+00
 6.7210e-01 -4.310e-04 -1.220e-03 -8.000e-05 -6.600e-04  4.500e-04  1.240e-05 -2.000e-04 -1.400e-05  0.000e+00
 6.9800e-01 -4.410e-04 -1.250e-03 -8.000e-05 -6.700e-04  4.500e-04  1.270e-05 -2.000e-04 -1.500e-05  0.000e+00
 7.2380e-01 -4.510e-04 -1.270e-03 -9.000e-05 -6.800e-04  4.500e-04  1.290e-05 -2.000e-04 -1.600e-05  0.000e+00
 7.4970e-01 -4.600e-04 -1.290e-03 -9.000e-05 -6.900e-04  4.500e-04  1.320e-05 -2.000e-04 -1.600e-05  0.000e+00
 7.7550e-01 -4.690e-04 -1.320e-03 -9.000e-05 -7.000e-04  4.500e-04  1.350e-05 -2.000e-04 -1.600e-05  0.000e+00
 8.0140e-01 -4.780e-04 -1.340e-03 -1.000e-04 -7.100e-04  4.500e-04  1.370e-05 -2.000e-04 -1.600e-05  0.000e+00
 8.2730e-01 -4.870e-04 -1.360e-03 -1.000e-04 -7.200e-04  4.500e-04  1.390e-05 -2.000e-04 -1.700e-05  0.000e+00
 8.5310e-01 -4.950e-04 -1.380e-03 -1.000e-04 -7.300e-04  4.500e-04  1.410e-05 -2.000e-04 -1.700e-05  0.000e+00
 8.7900e-01 -5.040e-04 -1.400e-03 -1.100e-04 -7.400e-04  4.500e-04  1.430e-05 -2.000e-04 -1.800e-05  0.000e+00
 9.0480e-01 -5.120e-04 -1.410e-03 -1.100e-04 -7.400e-04  4.500e-04  1.450e-05 -2.000e-04 -1.800e-05  0.000e+00
 9.3070e-01 -5.190e-04 -1.430e-03 -1.100e-04 -7.500e-04  4.500e-04  1.470e-05 -2.000e-04 -1.800e-05  0.000e+00
 9.5650e-01 -5.270e-04 -1.450e-03 -1.100e-04 -7.600e-04  4.400e-04  1.490e-05 -2.000e-04 -1.800e-05  0.000e+00
 9.8240e-01 -5.350e-04 -1.470e-03 -1.200e-04 -7.600e-04  4.400e-04  1.510e-05 -2.000e-04 -1.800e-05  0.000e+00
 1.0080e+00 -5.420e-04 -1.480e-03 -1.200e-04 -7.700e-04  4.400e-04  1.530e-05 -2.000e-04 -1.900e-05  0.000e+00
 1.0340e+00 -5.490e-04 -1.500e-03 -1.200e-04 -7.800e-04  4.400e-04  1.550e-05 -2.000e-04 -1.900e-05  0.000e+00
 1.0600e+00 -5.560e-04 -1.510e-03 -1.300e-04 -7.800e-04  4.400e-04  1.570e-05 -2.000e-04 -1.900e-05  1.000e-06
 1.0860e+00 -5.630e-04 -1.530e-03 -1.300e-04 -7.900e-04  4.300e-04  1.580e-05 -2.000e-04 -2.000e-05  1.000e-06
 1.1120e+00 -5.690e-04 -1.540e-03 -1.300e-04 -7.900e-04  4.300e-04  1.600e-05 -2.000e-04 -2.000e-05  1.000e-06
 1.1370e+00 -5.760e-04 -1.550e-03 -1.300e-04 -8.000e-04  4.300e-04  1.610e-05 -2.000e-04 -2.000e-05  1.000e-06
 1.1630e+00 -5.820e-04 -1.570e-03 -1.400e-04 -8.000e-04  4.300e-04  1.630e-05 -2.000e-04 -2.000e-05  1.000e-06
 1.1890e+00 -5.880e-04 -1.580e-03 -1.400e-04 -8.100e-04  4.200e-04  1.640e-05 -2.000e-04 -2.000e-05  1.000e-06
 1.2150e+00 -5.940e-04 -1.590e-03 -1.400e-04 -8.100e-04  4.200e-04  1.660e-05 -2.000e-04 -2.100e-05  1.000e-06
 1.2410e+00 -6.000e-04 -1.600e-03 -1.400e-04 -8.100e-04  4.200e-04  1.670e-05 -2.000e-04 -2.100e-05  1.000e-06
 1.2670e+00 -6.060e-04 -1.610e-03 -1.500e-04 -8.200e-04  4.200e-04  1.680e-05 -2.000e-04 -2.100e-05  1.000e-06
 1.2930e+00 -6.120e-04 -1.630e-03 -1.500e-04 -8.200e-04  4.100e-04  1.690e-05 -2.000e-04 -2.100e-05  1.000e-06
 1.3180e+00 -6.170e-04 -1.640e-03 -1.500e-04 -8.300e-04  4.100e-04  1.710e-05 -2.000e-04 -2.100e-05  1.000e-06
 1.3440e+00 -6.230e-04 -1.650e-03 -1.500e-04 -8.300e-04  4.100e-04  1.720e-05 -2.000e-04 -2.100e-05  1.000e-06
 1.3700e+00 -6.280e-04 -1.660e-03 -1.600e-04 -8.300e-04  4.100e-04  1.730e-05 -2.000e-04 -2.100e-05  1.000e-06
 1.3960e+00 -6.330e-04 -1.670e-03 -1.600e-04 -8.400e-04  4.000e-04  1.740e-05 -2.000e-04 -2.200e-05  1.000e-06
 1.4220e+00 -6.380e-04 -1.680e-03 -1.600e-04 -8.400e-04  4.000e-04  1.750e-05 -2.000e-04 -2.200e-05  1.000e-06
 1.4480e+00 -6.430e-04 -1.690e-03 -1.600e-04 -8.400e-04  4.000e-04  1.760e-05 -2.000e-04 -2.200e-05  1.000e-06
 1.4740e+00 -6.480e-04 -1.690e-03 -1.600e-04 -8.400e-04  3.900e-04  1.770e-05 -2.000e-04 -2.300e-05  1.000e-06
 1.4990e+00 -6.520e-04 -1.700e-03 -1.700e-04 -8.500e-04  3.900e-04  1.780e-05 -2.000e-04 -2.300e-05  1.000e-06
 1.5250e+00 -6.570e-04 -1.710e-03 -1.700e-04 -8.500e-04  3.900e-04  1.790e-05 -2.000e-04 -2.200e-05  1.000e-06
 1.5510e+00 -6.610e-04 -1.720e-03 -1.700e-04 -8.500e-04  3.900e-04  1.800e-05 -2.000e-04 -2.300e-05  1.000e-06
 1.5770e+00 -6.660e-04 -1.730e-03 -1.700e-04 -8.600e-04  3.800e-04  1.810e-05 -2.000e-04 -2.300e-05  1.000e-06
 1.6030e+00 -6.700e-04 -1.740e-03 -1.800e-04 -8.600e-04  3.800e-04  1.810e-05 -2.000e-04 -2.300e-05  1.000e-06
 1.6290e+00 -6.740e-04 -1.740e-03 -1.800e-04 -8.600e-04  3.800e-04  1.820e-05 -2.000e-04 -2.300e-05  1.000e-06
 1.6550e+00 -6.780e-04 -1.750e-03 -1.800e-04 -8.600e-04  3.800e-04  1.830e-05 -2.000e-04 -2.300e-05  1.000e-06
 1.6800e+00 -6.820e-04 -1.760e-03 -1.800e-04 -8.600e-04  3.700e-04  1.840e-05 -2.000e-04 -2.300e-05  1.000e-06
 1.7060e+00 -6.860e-04 -1.770e-03 -1.800e-04 -8.700e-04  3.700e-04  1.850e-05 -2.000e-04 -2.300e-05  2.000e-06
 1.7320e+00 -6.890e-04 -1.770e-03 -1.800e-04 -8.700e-04  3.700e-04  1.850e-05 -2.000e-04 -2.300e-05  2.000e-06
 1.7580e+00 -6.930e-04 -1.780e-03 -1.900e-04 -8.700e-04  3.700e-04  1.860e-05 -2.000e-04 -2.400e-05  1.000e-06
 1.7840e+00 -6.970e-04 -1.790e-03 -1.900e-04 -8.700e-04  3.600e-04  1.870e-05 -2.000e-04 -2.300e-05  1.000e-06
 1.8100e+00 -7.000e-04 -1.790e-03 -1.900e-04 -8.700e-04  3.600e-04  1.870e-05 -2.000e-04 -2.400e-05  1.000e-06
 1.8350e+00 -7.040e-04 -1.800e-03 -1.900e-04 -8.700e-04  3.600e-04  1.880e-05 -2.000e-04 -2.400e-05  1.000e-06
 1.8610e+00 -7.070e-04 -1.800e-03 -1.900e-04 -8.800e-04  3.600e-04  1.890e-05 -2.000e-04 -2.400e-05  1.000e-06
 1.8870e+00 -7.100e-04 -1.810e-03 -2.000e-04 -8.800e-04  3.500e-04  1.890e-05 -2.000e-04 -2.400e-05  2.000e-06
 1.9130e+00 -7.130e-04 -1.820e-03 -2.000e-04 -8.800e-04  3.500e-04  1.890e-05 -2.000e-04 -2.400e-05  1.000e-06
 1.9390e+00 -7.160e-04 -1.820e-03 -2.000e-04 -8.800e-04  3.500e-04  1.900e-05 -2.000e-04 -2.400e-05  2.000e-06
 1.9650e+00 -7.190e-04 -1.830e-03 -2.000e-04 -8.800e-04  3.500e-04  1.910e-05 -2.000e-04 -2.400e-05  2.000e-06
 1.9910e+00 -7.220e-04 -1.830e-03 -2.000e-04 -8.800e-04  3.400e-04  1.910e-05 -2.000e-04 -2.400e-05  1.000e-06
 2.0160e+00 -7.250e-04 -1.840e-03 -2.000e-04 -8.900e-04  3.400e-04  1.910e-05 -2.000e-04 -2.400e-05  2.000e-06
 2.0420e+00 -7.280e-04 -1.840e-03 -2.100e-04 -8.900e-04  3.400e-04  1.920e-05 -2.000e-04 -2.400e-05  1.000e-06
 2.0680e+00 -7.310e-04 -1.850e-03 -2.100e-04 -8.900e-04  3.400e-04  1.920e-05 -2.000e-04 -2.400e-05  2.000e-06
 2.0940e+00 -7.330e-04 -1.850e-03 -2.100e-04 -8.900e-04  3.400e-04  1.930e-05 -2.000e-04 -2.500e-05  2.000e-06
 2.1200e+00 -7.360e-04 -1.860e-03 -2.100e-04 -8.900e-04  3.300e-04  1.930e-05 -2.000e-04 -2.500e-05  2.000e-06
 2.1460e+00 -7.390e-04 -1.860e-03 -2.100e-04 -8.900e-04  3.300e-04  1.940e-05 -2.000e-04 -2.500e-05  2.000e-06
 2.1720e+00 -7.410e-04 -1.860e-03 -2.100e-04 -8.900e-04  3.300e-04  1.940e-05 -2.000e-04 -2.500e-05  2.000e-06
 2.1970e+00 -7.430e-04 -1.870e-03 -2.100e-04 -8.900e-04  3.300e-04  1.940e-05 -2.000e-04 -2.500e-05  2.000e-06
 2.2230e+00 -7.460e-04 -1.870e-03 -2.200e-04 -8.900e-04  3.300e-04  1.950e-05 -2.000e-04 -2.500e-05  2.000e-06
 2.2490e+00 -7.480e-04 -1.880e-03 -2.200e-04 -8.900e-04  3.300e-04  1.950e-05 -2.000e-04 -2.500e-05  2.000e-06
 2.2750e+00 -7.500e-04 -1.880e-03 -2.200e-04 -9.000e-04  3.200e-04  1.950e-05 -2.000e-04 -2.500e-05  2.000e-06
 2.3010e+00 -7.530e-04 -1.880e-03 -2.200e-04 -9.000e-04  3.200e-04  1.960e-05 -2.000e-04 -2.500e-05  2.000e-06
 2.3270e+00 -7.550e-04 -1.890e-03 -2.200e-04 -9.000e-04  3.200e-04  1.960e-05 -2.000e-04 -2.500e-05  2.000e-06
 2.3520e+00 -7.570e-04 -1.890e-03 -2.200e-04 -9.000e-04  3.200e-04  1.960e-05 -2.000e-04 -2.600e-05  2.000e-06
 2.3780e+00 -7.590e-04 -1.900e-03 -2.200e-04 -9.000e-04  3.200e-04  1.970e-05 -2.000e-04 -2.600e-05  2.000e-06
 2.4040e+00 -7.610e-04 -1.900e-03 -2.200e-04 -9.000e-04  3.100e-04  1.970e-05 -2.000e-04 -2.600e-05  2.000e-06
 2.4300e+00 -7.630e-04 -1.900e-03 -2.300e-04 -9.000e-04  3.100e-04  1.970e-05 -2.000e-04 -2.600e-05  2.000e-06
 2.4560e+00 -7.650e-04 -1.910e-03 -2.300e-04 -9.000e-04  3.100e-04  1.980e-05 -2.000e-04 -2.600e-05  2.000e-06
 2.4820e+00 -7.670e-04 -1.910e-03 -2.300e-04 -9.000e-04  3.100e-04  1.980e-05 -2.000e-04 -2.600e-05  2.000e-06
 2.5080e+00 -7.680e-04 -1.910e-03 -2.300e-04 -9.000e-04  3.100e-04  1.980e-05 -2.000e-04 -2.600e-05  2.000e-06
 2.5330e+00 -7.700e-04 -1.920e-03 -2.300e-04 -9.000e-04  3.100e-04  1.980e-05 -2.000e-04 -2.600e-05  2.000e-06
 2.5590e+00 -7.720e-04 -1.920e-03 -2.300e-04 -9.000e-04  3.100e-04  1.980e-05 -2.000e-04 -2.600e-05  2.000e-06
 2.5850e+00 -7.740e-04 -1.920e-03 -2.300e-04 -9.000e-04  3.000e-04  1.990e-05 -2.000e-04 -2.600e-05  2.000e-06
 2.6110e+00 -7.750e-04 -1.930e-03 -2.300e-04 -9.100e-04  3.000e-04  1.990e-05 -2.000e-04 -2.600e-05  2.000e-06
 2.6370e+00 -7.770e-04 -1.930e-03 -2.300e-04 -9.100e-04  3.000e-04  1.990e-05 -2.000e-04 -2.600e-05  2.000e-06
 2.6630e+00 -7.780e-04 -1.930e-03 -2.400e-04 -9.100e-04  3.000e-04  2.000e-05 -2.000e-04 -2.600e-05  2.000e-06
 2.6890e+00 -7.800e-04 -1.930e-03 -2.400e-04 -9.100e-04  3.000e-04  2.000e-05 -2.000e-04 -2.600e-05  2.000e-06
 2.7140e+00 -7.810e-04 -1.940e-03 -2.400e-04 -9.100e-04  3.000e-04  2.000e-05 -3.000e-04 -2.600e-05  2.000e-06
 2.7400e+00 -7.830e-04 -1.940e-03 -2.400e-04 -9.100e-04  3.000e-04  2.000e-05 -3.000e-04 -2.600e-05  1.000e-06
 2.7660e+00 -7.840e-04 -1.940e-03 -2.400e-04 -9.100e-04  2.900e-04  2.010e-05 -3.000e-04 -2.600e-05  1.000e-06
 2.7920e+00 -7.860e-04 -1.940e-03 -2.400e-04 -9.100e-04  2.900e-04  2.010e-05 -3.000e-04 -2.600e-05  1.000e-06
 2.8180e+00 -7.870e-04 -1.950e-03 -2.400e-04 -9.100e-04  2.900e-04  2.010e-05 -3.000e-04 -2.600e-05  1.000e-06
 2.8440e+00 -7.880e-04 -1.950e-03 -2.400e-04 -9.100e-04  2.900e-04  2.010e-05 -3.000e-04 -2.600e-05  1.000e-06
 2.8700e+00 -7.900e-04 -1.950e-03 -2.400e-04 -9.100e-04  2.900e-04  2.010e-05 -3.000e-04 -2.600e-05  1.000e-06
 2.8950e+00 -7.910e-04 -1.950e-03 -2.400e-04 -9.100e-04  2.900e-04  2.010e-05 -3.000e-04 -2.600e-05  1.000e-06
 2.9210e+00 -7.920e-04 -1.960e-03 -2.500e-04 -9.100e-04  2.900e-04  2.020e-05 -3.000e-04 -2.600e-05  1.000e-06
 2.9470e+00 -7.930e-04 -1.960e-03 -2.500e-04 -9.100e-04  2.800e-04  2.020e-05 -3.000e-04 -2.600e-05  1.000e-06
 2.9730e+00 -7.950e-04 -1.960e-03 -2.500e-04 -9.100e-04  2.800e-04  2.020e-05 -3.000e-04 -2.600e-05  1.000e-06
 2.9990e+00 -7.960e-04 -1.960e-03 -2.500e-04 -9.100e-04  2.800e-04  2.020e-05 -3.000e-04 -2.600e-05  1.000e-06
 3.0250e+00 -7.970e-04 -1.960e-03 -2.500e-04 -9.100e-04  2.800e-04  2.020e-05 -3.000e-04 -2.600e-05  1.000e-06
