#         t         u1         u2         u3        s11        s12        s13        s22        s23        s33
 0.0000e+00  0.000e+00  0.000e+00  0.000e+00  0.000e+00  0.000e+00  0.000e+00  0.000e+00  0.000e+00  0.000e+00
 2.5850e-02 -1.400e-04  9.500e-05  4.100e-05  2.800e-05 -7.000e-05  4.100e-06  1.800e-04 -1.200e-06  3.600e-06
 5.1700e-02 -2.800e-04  1.840e-04  8.000e-05  5.800e-05 -1.400e-04  8.000e-06  3.500e-04 -2.500e-06  7.000e-06
 7.7550e-02 -4.100e-04  2.680e-04  1.160e-04  8.800e-05 -2.100e-04  1.170e-05  5.200e-04 -3.800e-06  1.020e-05
 1.0340e-01 -5.400e-04  3.470e-04  1.490e-04  1.200e-04 -2.700e-04  1.530e-05  6.800e-04 -5.100e-06  1.320e-05
 1.2930e-01 -6.500e-04  4.200e-04  1.800e-04  1.520e-04 -3.400e-04  1.860e-05  8.200e-04 -6.500e-06  1.630e-05
 1.5510e-01 -7.700e-04  4.890e-04  2.090e-04  1.860e-04 -4.000e-04  2.180e-05  9.700e-04 -7.900e-06  1.910e-05
 1.8100e-01 -8.700e-04  5.540e-04  2.350e-04  2.190e-04 -4.600e-04  2.500e-05  1.100e-03 -9.300e-06  2.190e-05
 2.0680e-01 -9.700e-04  6.150e-04  2.590e-04  2.533e-04 -5.100e-04  2.790e-05  1.230e-03 -1.070e-05  2.450e-05
 2.3270e-01 -1.070e-03  6.720e-04  2.820e-04  2.878e-04 -5.700e-04  3.060e-05  1.360e-03 -1.210e-05  2.700e-05
 2.5850e-01 -1.160e-03  7.250e-04  3.030e-04  3.225e-04 -6.200e-04  3.310e-05  1.480e-03 -1.350e-05  2.940e-05
 2.8440e-01 -1.250e-03  7.750e-04  3.220e-04  3.574e-04 -6.800e-04  3.570e-05  1.590e-03 -1.500e-05  3.180e-05
 3.1020e-01 -1.330e-03  8.220e-04  3.390e-04  3.924e-04 -7.300e-04  3.800e-05  1.700e-03 -1.640e-05  3.400e-05
 3.3610e-01 -1.410e-03  8.660e-04  3.550e-04  4.272e-04 -7.800e-04  4.030e-05  1.800e-03 -1.780e-05  3.610e-05
 3.6190e-01 -1.490e-03  9.070e-04  3.700e-04  4.621e-04 -8.200e-04  4.250e-05  1.900e-03 -1.920e-05  3.820e-05
 3.8780e-01 -1.560e-03  9.450e-04  3.840e-04  4.967e-04 -8.700e-04  4.460e-05  2.000e-03 -2.060e-05  4.010e-05
 4.1360e-01 -1.630e-03  9.810e-04  3.960e-04  5.312e-04 -9.200e-04  4.660e-05  2.090e-03 -2.200e-05  4.190e-05
 4.3950e-01 -1.690e-03  1.015e-03  4.070e-04  5.655e-04 -9.600e-04  4.850e-05  2.170e-03 -2.340e-05  4.380e-05
 4.6530e-01 -1.760e-03  1.047e-03  4.180e-04  5.996e-04 -1.000e-03  5.020e-05  2.260e-03 -2.480e-05  4.560e-05
 4.9120e-01 -1.820e-03  1.077e-03  4.270e-04  6.332e-04 -1.040e-03  5.190e-05  2.340e-03 -2.620e-05  4.720e-05
 5.1700e-01 -1.880e-03  1.104e-03  4.350e-04  6.666e-04 -1.080e-03  5.360e-05  2.410e-03 -2.750e-05  4.880e-05
 5.4290e-01 -1.930e-03  1.130e-03  4.430e-04  6.995e-04 -1.120e-03  5.520e-05  2.490e-03 -2.890e-05  5.040e-05
 5.6870e-01 -1.990e-03  1.155e-03  4.500e-04  7.321e-04 -1.160e-03  5.670e-05  2.560e-03 -3.020e-05  5.190e-05
 5.9460e-01 -2.040e-03  1.178e-03  4.560e-04  7.642e-04 -1.200e-03  5.820e-05  2.630e-03 -3.150e-05  5.330e-05
 6.2040e-01 -2.090e-03  1.199e-03  4.610e-04  7.958e-04 -1.230e-03  5.950e-05  2.690e-03 -3.270e-05  5.470e-05
 6.4630e-01 -2.130e-03  1.219e-03  4.660e-04  8.270e-04 -1.270e-03  6.070e-05  2.750e-03 -3.400e-05  5.600e-05
 6.7210e-01 -2.180e-03  1.238e-03  4.700e-04  8.576e-04 -1.300e-03  6.190e-05  2.810e-03 -3.520e-05  5.730e-05
 6.9800e-01 -2.220e-03  1.255e-03  4.730e-04  8.878e-04 -1.330e-03  6.310e-05  2.870e-03 -3.650e-05  5.850e-05
 7.2380e-01 -2.270e-03  1.271e-03  4.760e-04  9.175e-04 -1.370e-03  6.420e-05  2.930e-03 -3.770e-05  5.970e-05
 7.4970e-01 -2.310e-03  1.287e-03  4.790e-04  9.467e-04 -1.400e-03  6.520e-05  2.980e-03 -3.890e-05  6.080e-05
 7.7550e-01 -2.350e-03  1.301e-03  4.810e-04  9.753e-04 -1.430e-03  6.620e-05  3.030e-03 -4.000e-05  6.200e-05
 8.0140e-01 -2.380e-03  1.314e-03  4.830e-04  1.004e-03 -1.460e-03  6.720e-05  3.080e-03 -4.120e-05  6.300e-05
 8.2730e-01 -2.420e-03  1.326e-03  4.840e-04  1.031e-03 -1.480e-03  6.810e-05  3.130e-03 -4.230e-05  6.410e-05
 8.5310e-01 -2.450e-03  1.338e-03  4.850e-04  1.058e-03 -1.510e-03  6.900e-05  3.170e-03 -4.340e-05  6.510e-05
 8.7900e-01 -2.490e-03  1.349e-03  4.860e-04  1.085e-03 -1.540e-03  6.990e-05  3.220e-03 -4.450e-05  6.600e-05
 9.0480e-01 -2.520e-03  1.359e-03  4.860e-04  1.111e-03 -1.560e-03  7.080e-05  3.260e-03 -4.560e-05  6.690e-05
 9.3070e-01 -2.550e-03  1.368e-03  4.870e-04  1.137e-03 -1.590e-03  7.160e-05  3.300e-03 -4.660e-05  6.790e-05
 9.5650e-01 -2.580e-03  1.377e-03  4.860e-04  1.162e-03 -1.610e-03  7.240e-05  3.340e-03 -4.760e-05  6.880e-05
 9.8240e-01 -2.610e-03  1.385e-03  4.860e-04  1.186e-03 -1.640e-03  7.320e-05  3.380e-03 -4.860e-05  6.960e-05
 1.0080e+00 -2.640e-03  1.392e-03  4.850e-04  1.210e-03 -1.660e-03  7.390e-05  3.410e-03 -4.960e-05  7.040e-05
 1.0340e+00 -2.670e-03  1.399e-03  4.850e-04  1.234e-03 -1.680e-03  7.450e-05  3.450e-03 -5.050e-05  7.120e-05
 1.0600e+00 -2.690e-03  1.406e-03  4.840e-04  1.257e-03 -1.710e-03  7.510e-05  3.480e-03 -5.150e-05  7.190e-05
 1.0860e+00 -2.720e-03  1.412e-03  4.820e-04  1.279e-03 -1.730e-03  7.570e-05  3.510e-03 -5.240e-05  7.260e-05
 1.1120e+00 -2.740e-03  1.417e-03  4.810e-04  1.301e-03 -1.750e-03  7.630e-05  3.540e-03 -5.330e-05  7.320e-05
 1.1370e+00 -2.770e-03  1.422e-03  4.800e-04  1.323e-03 -1.770e-03  7.680e-05  3.570e-03 -5.420e-05  7.380e-05
 1.1630e+00 -2.790e-03  1.427e-03  4.780e-04  1.344e-03 -1.790e-03  7.730e-05  3.600e-03 -5.500e-05  7.450e-05
 1.1890e+00 -2.810e-03  1.431e-03  4.760e-04  1.365e-03 -1.810e-03  7.780e-05  3.630e-03 -5.580e-05  7.510e-05
 1.2150e+00 -2.830e-03  1.435e-03  4.740e-04  1.385e-03 -1.820e-03  7.830e-05  3.660e-03 -5.670e-05  7.560e-05
 1.2410e+00 -2.850e-03  1.439e-03  4.730e-04  1.405e-03 -1.840e-03  7.880e-05  3.680e-03 -5.750e-05  7.610e-05
 1.2670e+00 -2.870e-03  1.442e-03  4.710e-04  1.424e-03 -1.860e-03  7.920e-05  3.710e-03 -5.830e-05  7.660e-05
 1.2930e+00 -2.890e-03  1.445e-03  4.680e-04  1.443e-03 -1.880e-03  7.970e-05  3.730e-03 -5.900e-05  7.720e-05
 1.3180e+00 -2.910e-03  1.448e-03  4.660e-04  1.461e-03 -1.890e-03  8.010e-05  3.760e-03 -5.980e-05  7.770e-05
 1.3440e+00 -2.930e-03  1.450e-03  4.640e-04  1.479e-03 -1.910e-03  8.060e-05  3.780e-03 -6.050e-05  7.820e-05
 1.3700e+00 -2.950e-03  1.452e-03  4.620e-04  1.497e-03 -1.920e-03  8.100e-05  3.800e-03 -6.120e-05  7.870e-05
 1.3960e+00 -2.960e-03  1.454e-03  4.590e-04  1.514e-03 -1.940e-03  8.130e-05  3.820e-03 -6.190e-05  7.910e-05
 1.4220e+00 -2.980e-03  1.456e-03  4.570e-04  1.530e-03 -1.950e-03  8.170e-05  3.840e-03 -6.250e-05  7.950e-05
 1.4480e+00 -3.000e-03  1.458e-03  4.550e-04  1.547e-03 -1.970e-03  8.200e-05  3.860e-03 -6.320e-05  7.990e-05
 1.4740e+00 -3.010e-03  1.459e-03  4.520e-04  1.563e-03 -1.980e-03  8.240e-05  3.880e-03 -6.380e-05  8.040e-05
 1.4990e+00 -3.030e-03  1.460e-03  4.500e-04  1.578e-03 -2.000e-03  8.270e-05  3.900e-03 -6.450e-05  8.080e-05
 1.5250e+00 -3.040e-03  1.462e-03  4.470e-04  1.593e-03 -2.010e-03  8.310e-05  3.910e-03 -6.510e-05  8.120e-05
 1.5510e+00 -3.060e-03  1.462e-03  4.450e-04  1.608e-03 -2.020e-03  8.340e-05  3.930e-03 -6.570e-05  8.150e-05
 1.5770e+00 -3.070e-03  1.463e-03  4.420e-04  1.623e-03 -2.030e-03  8.370e-05  3.950e-03 -6.630e-05  8.180e-05
 1.6030e+00 -3.080e-03  1.464e-03  4.400e-04  1.637e-03 -2.050e-03  8.400e-05  3.960e-03 -6.690e-05  8.220e-05
 1.6290e+00 -3.100e-03  1.464e-03  4.370e-04  1.651e-03 -2.060e-03  8.420e-05  3.980e-03 -6.740e-05  8.250e-05
 1.6550e+00 -3.110e-03  1.465e-03  4.340e-04  1.664e-03 -2.070e-03  8.450e-05  3.990e-03 -6.800e-05  8.280e-05
 1.6800e+00 -3.120e-03  1.465e-03  4.320e-04  1.678e-03 -2.080e-03  8.470e-05  4.010e-03 -6.850e-05  8.310e-05
 1.7060e+00 -3.130e-03  1.465e-03  4.290e-04  1.691e-03 -2.090e-03  8.490e-05  4.020e-03 -6.900e-05  8.340e-05
 1.7320e+00 -3.140e-03  1.465e-03  4.270e-04  1.703e-03 -2.100e-03  8.510e-05  4.030e-03 -6.950e-05  8.370e-05
 1.7580e+00 -3.150e-03  1.465e-03  4.240e-04  1.716e-03 -2.110e-03  8.530e-05  4.050e-03 -7.000e-05  8.400e-05
 1.7840e+00 -3.170e-03  1.465e-03  4.220e-04  1.728e-03 -2.120e-03  8.550e-05  4.060e-03 -7.050e-05  8.420e-05
 1.8100e+00 -3.180e-03  1.465e-03  4.190e-04  1.739e-03 -2.130e-03  8.580e-05  4.070e-03 -7.100e-05  8.440e-05
 1.8350e+00 -3.190e-03  1.464e-03  4.160e-04  1.751e-03 -2.140e-03  8.610e-05  4.080e-03 -7.150e-05  8.460e-05
 1.8610e+00 -3.200e-03  1.464e-03  4.140e-04  1.762e-03 -2.150e-03  8.630e-05  4.090e-03 -7.190e-05  8.490e-05
 1.8870e+00 -3.200e-03  1.464e-03  4.110e-04  1.773e-03 -2.160e-03  8.640e-05  4.100e-03 -7.230e-05  8.510e-05
 1.9130e+00 -3.210e-03  1.463e-03  4.090e-04  1.784e-03 -2.170e-03  8.660e-05  4.110e-03 -7.280e-05  8.530e-05
 1.9390e+00 -3.220e-03  1.463e-03  4.060e-04  1.794e-03 -2.170e-03  8.680e-05  4.120e-03 -7.320e-05  8.550e-05
 1.9650e+00 -3.230e-03  1.462e-03  4.040e-04  1.804e-03 -2.180e-03  8.690e-05  4.130e-03 -7.360e-05  8.570e-05
 1.9910e+00 -3.240e-03  1.461e-03  4.010e-04  1.814e-03 -2.190e-03  8.710e-05  4.140e-03 -7.400e-05  8.590e-05
 2.0160e+00 -3.250e-03  1.461e-03  3.990e-04  1.824e-03 -2.200e-03  8.730e-05  4.150e-03 -7.440e-05  8.610e-05
 2.0420e+00 -3.260e-03  1.460e-03  3.970e-04  1.834e-03 -2.200e-03  8.740e-05  4.160e-03 -7.470e-05  8.630e-05
 2.0680e+00 -3.260e-03  1.459e-03  3.940e-04  1.843e-03 -2.210e-03  8.750e-05  4.170e-03 -7.510e-05  8.640e-05
 2.0940e+00 -3.270e-03  1.458e-03  3.920e-04  1.852e-03 -2.220e-03  8.760e-05  4.180e-03 -7.540e-05  8.650e-05
 2.1200e+00 -3.280e-03  1.458e-03  3.900e-04  1.861e-03 -2.230e-03  8.770e-05  4.180e-03 -7.580e-05  8.670e-05
 2.1460e+00 -3.280e-03  1.457e-03  3.870e-04  1.869e-03 -2.230e-03  8.780e-05  4.190e-03 -7.610e-05  8.690e-05
 2.1720e+00 -3.290e-03  1.456e-03  3.850e-04  1.878e-03 -2.240e-03  8.790e-05  4.200e-03 -7.640e-05  8.710e-05
 2.1970e+00 -3.300e-03  1.455e-03  3.830e-04  1.886e-03 -2.250e-03  8.810e-05  4.210e-03 -7.680e-05  8.730e-05
 2.2230e+00 -3.300e-03  1.454e-03  3.800e-04  1.894e-03 -2.250e-03  8.810e-05  4.210e-03 -7.710e-05  8.740e-05
 2.2490e+00 -3.310e-03  1.453e-03  3.780e-04  1.902e-03 -2.260e-03  8.820e-05  4.220e-03 -7.740e-05  8.760e-05
 2.2750e+00 -3.320e-03  1.452e-03  3.760e-04  1.910e-03 -2.260e-03  8.840e-05  4.230e-03 -7.770e-05  8.770e-05
 2.3010e+00 -3.320e-03  1.451e-03  3.740e-04  1.917e-03 -2.270e-03  8.850e-05  4.230e-03 -7.800e-05  8.790e-05
 2.3270e+00 -3.330e-03  1.450e-03  3.720e-04  1.925e-03 -2.270e-03  8.860e-05  4.240e-03 -7.830e-05  8.800e-05
 2.3520e+00 -3.330e-03  1.449e-03  3.700e-04  1.932e-03 -2.280e-03  8.860e-05  4.240e-03 -7.860e-05  8.810e-05
 2.3780e+00 -3.340e-03  1.448e-03  3.670e-04  1.939e-03 -2.280e-03  8.870e-05  4.250e-03 -7.880e-05  8.820e-05
 2.4040e+00 -3.340e-03  1.447e-03  3.650e-04  1.946e-03 -2.290e-03  8.880e-05  4.250e-03 -7.910e-05  8.830e-05
 2.4300e+00 -3.350e-03  1.446e-03  3.630e-04  1.953e-03 -2.290e-03  8.900e-05  4.260e-03 -7.940e-05  8.840e-05
 2.4560e+00 -3.350e-03  1.445e-03  3.610e-04  1.959e-03 -2.300e-03  8.910e-05  4.260e-03 -7.960e-05  8.850e-05
 2.4820e+00 -3.360e-03  1.444e-03  3.590e-04  1.966e-03 -2.300e-03  8.920e-05  4.270e-03 -7.980e-05  8.860e-05
 2.5080e+00 -3.360e-03  1.442e-03  3.570e-04  1.972e-03 -2.310e-03  8.930e-05  4.270e-03 -8.010e-05  8.880e-05
 2.5330e+00 -3.370e-03  1.441e-03  3.550e-04  1.978e-03 -2.310e-03  8.930e-05  4.280e-03 -8.030e-05  8.880e-05
 2.5590e+00 -3.370e-03  1.440e-03  3.530e-04  1.984e-03 -2.320e-03  8.940e-05  4.280e-03 -8.060e-05  8.890e-05
 2.5850e+00 -3.380e-03  1.439e-03  3.520e-04  1.990e-03 -2.320e-03  8.950e-05  4.280e-03 -8.080e-05  8.890e-05
 2.6110e+00 -3.380e-03  1.438e-03  3.500e-04  1.996e-03 -2.320e-03  8.950e-05  4.290e-03 -8.100e-05  8.900e-05
 2.6370e+00 -3.390e-03  1.437e-03  3.480e-04  2.002e-03 -2.330e-03  8.960e-05  4.290e-03 -8.120e-05  8.910e-05
 2.6630e+00 -3.390e-03  1.436e-03  3.460e-04  2.007e-03 -2.330e-03  8.970e-05  4.290e-03 -8.140e-05  8.920e-05
 2.6890e+00 -3.390e-03  1.435e-03  3.440e-04  2.013e-03 -2.340e-03  8.970e-05  4.300e-03 -8.160e-05  8.930e-05
 2.7140e+00 -3.400e-03  1.433e-03  3.420e-04  2.018e-03 -2.340e-03  8.980e-05  4.300e-03 -8.180e-05  8.930e-05
 2.7400e+00 -3.400e-03  1.432e-03  3.410e-04  2.023e-03 -2.340e-03  8.980e-05  4.300e-03 -8.200e-05  8.940e-05
 2.7660e+00 -3.400e-03  1.431e-03  3.390e-04  2.028e-03 -2.350e-03  8.980e-05  4.310e-03 -8.220e-05  8.950e-05
 2.7920e+00 -3.410e-03  1.430e-03  3.370e-04  2.033e-03 -2.350e-03  8.980e-05  4.310e-03 -8.240e-05  8.960e-05
 2.8180e+00 -3.410e-03  1.429e-03  3.360e-04  2.038e-03 -2.350e-03  8.980e-05  4.310e-03 -8.250e-05  8.960e-05
 2.8440e+00 -3.410e-03  1.428e-03  3.340e-04  2.043e-03 -2.360e-03  8.980e-05  4.310e-03 -8.270e-05  8.960e-05
 2.8700e+00 -3.420e-03  1.427e-03  3.320e-04  2.048e-03 -2.360e-03  8.990e-05  4.320e-03 -8.290e-05  8.970e-05
 2.8950e+00 -3.420e-03  1.426e-03  3.310e-04  2.052e-03 -2.360e-03  8.990e-05  4.320e-03 -8.310e-05  8.980e-05
 2.9210e+00 -3.420e-03  1.425e-03  3.290e-04  2.057e-03 -2.370e-03  8.990e-05  4.320e-03 -8.330e-05  8.980e-05
 2.9470e+00 -3.430e-03  1.424e-03  3.270e-04  2.061e-03 -2.370e-03  9.000e-05  4.320e-03 -8.340e-05  8.980e-05
 2.9730e+00 -3.430e-03  1.422e-03  3.260e-04  2.065e-03 -2.370e-03  9.000e-05  4.330e-03 -8.360e-05  8.980e-05
 2.9990e+00 -3.430e-03  1.421e-03  3.240e-04  2.070e-03 -2.370e-03  9.010e-05  4.330e-03 -8.370e-05  8.990e-05
 3.0250e+00 -3.440e-03  1.420e-03  3.230e-04  2.074e-03 -2.380e-03  9.020e-05  4.330e-03 -8.390e-05  8.990e-05
