#         t         u1         u2         u3        s11        s12        s13        s22        s23        s33
 0.0000e+00  0.000e+00  0.000e+00  0.000e+00  0.000e+00  0.000e+00  0.000e+00  0.000e+00  0.000e+00  0.000e+00
 2.5850e-02 -5.400e-04 -3.600e-05  3.310e-04  4.700e-04  4.000e-06 -8.400e-06 -5.020e-04 -9.720e-06  8.400e-06
 5.1700e-02 -1.070e-03 -7.100e-05  6.500e-04  9.200e-04  1.100e-05 -1.670e-05 -9.850e-04 -1.915e-05  1.620e-05
 7.7550e-02 -1.560e-03 -1.060e-04  9.570e-04  1.360e-03  1.900e-05 -2.460e-05 -1.448e-03 -2.831e-05  2.380e-05
 1.0340e-01 -2.040e-03 -1.410e-04  1.253e-03  1.770e-03  2.800e-05 -3.220e-05 -1.893e-03 -3.718e-05  3.100e-05
 1.2930e-01 -2.490e-03 -1.760e-04  1.538e-03  2.160e-03  3.900e-05 -3.960e-05 -2.321e-03 -4.581e-05  3.800e-05
 1.5510e-01 -2.930e-03 -2.100e-04  1.814e-03  2.530e-03  5.100e-05 -4.690e-05 -2.731e-03 -5.411e-05  4.490e-05
 1.8100e-01 -3.340e-03 -2.430e-04  2.079e-03  2.890e-03  6.400e-05 -5.400e-05 -3.125e-03 -6.231e-05  5.140e-05
 2.0680e-01 -3.740e-03 -2.760e-04  2.335e-03  3.230e-03  7.800e-05 -6.090e-05 -3.503e-03 -7.011e-05  5.780e-05
 2.3270e-01 -4.120e-03 -3.080e-04  2.583e-03  3.560e-03  9.300e-05 -6.730e-05 -3.867e-03 -7.781e-05  6.400e-05
 2.5850e-01 -4.490e-03 -3.400e-04  2.821e-03  3.870e-03  1.080e-04 -7.370e-05 -4.216e-03 -8.521e-05  6.980e-05
 2.8440e-01 -4.840e-03 -3.710e-04  3.051e-03  4.170e-03  1.250e-04 -8.000e-05 -4.552e-03 -9.241e-05  7.550e-05
 3.1020e-01 -5.170e-03 -4.010e-04  3.273e-03  4.450e-03  1.420e-04 -8.600e-05 -4.875e-03 -9.941e-05  8.100e-05
 3.3610e-01 -5.490e-03 -4.310e-04  3.488e-03  4.730e-03  1.600e-04 -9.170e-05 -5.186e-03 -1.062e-04  8.630e-05
 3.6190e-01 -5.800e-03 -4.600e-04  3.695e-03  4.990e-03  1.780e-04 -9.740e-05 -5.485e-03 -1.128e-04  9.140e-05
 3.8780e-01 -6.090e-03 -4.890e-04  3.895e-03  5.240e-03  1.970e-04 -1.028e-04 -5.773e-03 -1.192e-04  9.630e-05
 4.1360e-01 -6.380e-03 -5.160e-04  4.088e-03  5.470e-03  2.160e-04 -1.081e-04 -6.050e-03 -1.255e-04  1.011e-04
 4.3950e-01 -6.650e-03 -5.430e-04  4.274e-03  5.700e-03  2.360e-04 -1.131e-04 -6.316e-03 -1.315e-04  1.056e-04
 4.6530e-01 -6.910e-03 -5.700e-04  4.454e-03  5.920e-03  2.550e-04 -1.181e-04 -6.573e-03 -1.374e-04  1.101e-04
 4.9120e-01 -7.160e-03 -5.960e-04  4.628e-03  6.130e-03  2.750e-04 -1.230e-04 -6.820e-03 -1.431e-04  1.144e-04
 5.1700e-01 -7.400e-03 -6.210e-04  4.797e-03  6.330e-03  2.960e-04 -1.277e-04 -7.058e-03 -1.486e-04  1.185e-04
 5.4290e-01 -7.630e-03 -6.450e-04  4.959e-03  6.530e-03  3.160e-04 -1.322e-04 -7.288e-03 -1.540e-04  1.224e-04
 5.6870e-01 -7.860e-03 -6.690e-04  5.117e-03  6.710e-03  3.370e-04 -1.365e-04 -7.509e-03 -1.592e-04  1.262e-04
 5.9460e-01 -8.070e-03 -6.920e-04  5.268e-03  6.890e-03  3.570e-04 -1.408e-04 -7.722e-03 -1.642e-04  1.299e-04
 6.2040e-01 -8.280e-03 -7.150e-04  5.415e-03  7.060e-03  3.780e-04 -1.449e-04 -7.927e-03 -1.692e-04  1.336e-04
 6.4630e-01 -8.470e-03 -7.370e-04  5.557e-03  7.220e-03  3.980e-04 -1.490e-04 -8.125e-03 -1.739e-04  1.370e-04
 6.7210e-01 -8.660e-03 -7.580e-04  5.695e-03  7.380e-03  4.190e-04 -1.528e-04 -8.316e-03 -1.786e-04  1.403e-04
 6.9800e-01 -8.850e-03 -7.790e-04  5.828e-03  7.530e-03  4.390e-04 -1.566e-04 -8.500e-03 -1.831e-04  1.435e-04
 7.2380e-01 -9.020e-03 -7.990e-04  5.956e-03  7.670e-03  4.600e-04 -1.602e-04 -8.677e-03 -1.875e-04  1.466e-04
 7.4970e-01 -9.200e-03 -8.190e-04  6.081e-03  7.810e-03  4.800e-04 -1.637e-04 -8.849e-03 -1.917e-04  1.495e-04
 7.7550e-01 -9.360e-03 -8.380e-04  6.201e-03  7.940e-03  5.000e-04 -1.671e-04 -9.014e-03 -1.959e-04  1.524e-04
 8.0140e-01 -9.520e-03 -8.560e-04  6.317e-03  8.070e-03  5.210e-04 -1.705e-04 -9.173e-03 -1.999e-04  1.552e-04
 8.2730e-01 -9.670e-03 -8.750e-04  6.430e-03  8.190e-03  5.400e-04 -1.739e-04 -9.327e-03 -2.038e-04  1.580e-04
 8.5310e-01 -9.820e-03 -8.920e-04  6.539e-03  8.310e-03  5.600e-04 -1.772e-04 -9.476e-03 -2.076e-04  1.607e-04
 8.7900e-01 -9.960e-03 -9.090e-04  6.645e-03  8.420e-03  5.800e-04 -1.803e-04 -9.619e-03 -2.112e-04  1.632e-04
 9.0480e-01 -1.009e-02 -9.260e-04  6.747e-03  8.530e-03  5.990e-04 -1.832e-04 -9.758e-03 -2.148e-04  1.656e-04
 9.3070e-01 -1.023e-02 -9.420e-04  6.846e-03  8.630e-03  6.180e-04 -1.862e-04 -9.892e-03 -2.183e-04  1.680e-04
 9.5650e-01 -1.035e-02 -9.580e-04  6.942e-03  8.730e-03  6.370e-04 -1.889e-04 -1.002e-02 -2.217e-04  1.703e-04
 9.8240e-01 -1.047e-02 -9.730e-04  7.034e-03  8.830e-03  6.560e-04 -1.917e-04 -1.015e-02 -2.250e-04  1.727e-04
 1.0080e+00 -1.059e-02 -9.880e-04  7.124e-03  8.920e-03  6.750e-04 -1.943e-04 -1.027e-02 -2.282e-04  1.748e-04
 1.0340e+00 -1.071e-02 -1.002e-03  7.211e-03  9.010e-03  6.930e-04 -1.969e-04 -1.038e-02 -2.313e-04  1.768e-04
 1.0600e+00 -1.082e-02 -1.016e-03  7.296e-03  9.100e-03  7.110e-04 -1.993e-04 -1.050e-02 -2.343e-04  1.788e-04
 1.0860e+00 -1.092e-02 -1.030e-03  7.377e-03  9.180e-03  7.290e-04 -2.018e-04 -1.060e-02 -2.372e-04  1.807e-04
 1.1120e+00 -1.103e-02 -1.043e-03  7.456e-03  9.260e-03  7.460e-04 -2.041e-04 -1.071e-02 -2.401e-04  1.826e-04
 1.1370e+00 -1.113e-02 -1.056e-03  7.533e-03  9.330e-03  7.630e-04 -2.065e-04 -1.081e-02 -2.428e-04  1.844e-04
 1.1630e+00 -1.122e-02 -1.068e-03  7.607e-03  9.410e-03  7.800e-04 -2.088e-04 -1.091e-02 -2.455e-04  1.862e-04
 1.1890e+00 -1.131e-02 -1.081e-03  7.679e-03  9.480e-03  7.970e-04 -2.109e-04 -1.101e-02 -2.482e-04  1.878e-04
 1.2150e+00 -1.140e-02 -1.092e-03  7.749e-03  9.540e-03  8.130e-04 -2.130e-04 -1.110e-02 -2.507e-04  1.895e-04
 1.2410e+00 -1.149e-02 -1.104e-03  7.817e-03  9.610e-03  8.300e-04 -2.151e-04 -1.119e-02 -2.532e-04  1.911e-04
 1.2670e+00 -1.157e-02 -1.115e-03  7.882e-03  9.670e-03  8.450e-04 -2.172e-04 -1.127e-02 -2.556e-04  1.927e-04
 1.2930e+00 -1.165e-02 -1.126e-03  7.946e-03  9.730e-03  8.610e-04 -2.191e-04 -1.136e-02 -2.579e-04  1.941e-04
 1.3180e+00 -1.173e-02 -1.137e-03  8.008e-03  9.790e-03  8.760e-04 -2.211e-04 -1.144e-02 -2.602e-04  1.956e-04
 1.3440e+00 -1.181e-02 -1.147e-03  8.067e-03  9.850e-03  8.910e-04 -2.230e-04 -1.151e-02 -2.624e-04  1.970e-04
 1.3700e+00 -1.188e-02 -1.157e-03  8.125e-03  9.900e-03  9.060e-04 -2.247e-04 -1.159e-02 -2.646e-04  1.984e-04
 1.3960e+00 -1.195e-02 -1.167e-03  8.182e-03  9.950e-03  9.210e-04 -2.265e-04 -1.166e-02 -2.667e-04  1.998e-04
 1.4220e+00 -1.202e-02 -1.176e-03  8.236e-03  1.000e-02  9.350e-04 -2.282e-04 -1.173e-02 -2.687e-04  2.011e-04
 1.4480e+00 -1.209e-02 -1.185e-03  8.289e-03  1.005e-02  9.490e-04 -2.299e-04 -1.180e-02 -2.707e-04  2.023e-04
 1.4740e+00 -1.215e-02 -1.194e-03  8.340e-03  1.010e-02  9.620e-04 -2.315e-04 -1.187e-02 -2.726e-04  2.035e-04
 1.4990e+00 -1.221e-02 -1.203e-03  8.390e-03  1.014e-02  9.760e-04 -2.330e-04 -1.193e-02 -2.745e-04  2.047e-04
 1.5250e+00 -1.227e-02 -1.211e-03  8.438e-03  1.018e-02  9.890e-04 -2.346e-04 -1.200e-02 -2.763e-04  2.058e-04
 1.5510e+00 -1.233e-02 -1.220e-03  8.485e-03  1.022e-02  1.002e-03 -2.360e-04 -1.206e-02 -2.781e-04  2.069e-04
 1.5770e+00 -1.239e-02 -1.228e-03  8.531e-03  1.026e-02  1.014e-03 -2.374e-04 -1.212e-02 -2.798e-04  2.080e-04
 1.6030e+00 -1.244e-02 -1.235e-03  8.575e-03  1.030e-02  1.026e-03 -2.389e-04 -1.217e-02 -2.815e-04  2.091e-04
 1.6290e+00 -1.249e-02 -1.243e-03  8.618e-03  1.034e-02  1.039e-03 -2.403e-04 -1.223e-02 -2.831e-04  2.100e-04
 1.6550e+00 -1.254e-02 -1.250e-03  8.659e-03  1.037e-02  1.050e-03 -2.416e-04 -1.228e-02 -2.847e-04  2.110e-04
 1.6800e+00 -1.259e-02 -1.258e-03  8.699e-03  1.041e-02  1.062e-03 -2.429e-04 -1.233e-02 -2.863e-04  2.120e-04
 1.7060e+00 -1.264e-02 -1.265e-03  8.739e-03  1.044e-02  1.073e-03 -2.442e-04 -1.238e-02 -2.878e-04  2.129e-04
 1.7320e+00 -1.269e-02 -1.271e-03  8.777e-03  1.047e-02  1.084e-03 -2.455e-04 -1.243e-02 -2.892e-04  2.137e-04
 1.7580e+00 -1.273e-02 -1.278e-03  8.814e-03  1.050e-02  1.095e-03 -2.468e-04 -1.248e-02 -2.906e-04  2.146e-04
 1.7840e+00 -1.277e-02 -1.284e-03  8.849e-03  1.053e-02  1.106e-03 -2.480e-04 -1.252e-02 -2.920e-04  2.154e-04
 1.8100e+00 -1.282e-02 -1.291e-03  8.884e-03  1.056e-02  1.116e-03 -2.490e-04 -1.257e-02 -2.934e-04  2.162e-04
 1.8350e+00 -1.286e-02 -1.297e-03  8.918e-03  1.059e-02  1.126e-03 -2.501e-04 -1.261e-02 -2.947e-04  2.170e-04
 1.8610e+00 -1.290e-02 -1.303e-03  8.951e-03  1.061e-02  1.136e-03 -2.511e-04 -1.265e-02 -2.960e-04  2.177e-04
 1.8870e+00 -1.293e-02 -1.309e-03  8.983e-03  1.064e-02  1.146e-03 -2.523e-04 -1.269e-02 -2.972e-04  2.184e-04
 1.9130e+00 -1.297e-02 -1.314e-03  9.014e-03  1.066e-02  1.155e-03 -2.534e-04 -1.273e-02 -2.984e-04  2.191e-04
 1.9390e+00 -1.301e-02 -1.320e-03  9.044e-03  1.068e-02  1.165e-03 -2.543e-04 -1.277e-02 -2.996e-04  2.197e-04
 1.9650e+00 -1.304e-02 -1.325e-03  9.073e-03  1.071e-02  1.174e-03 -2.554e-04 -1.281e-02 -3.007e-04  2.204e-04
 1.9910e+00 -1.308e-02 -1.330e-03  9.101e-03  1.073e-02  1.183e-03 -2.564e-04 -1.284e-02 -3.019e-04  2.211e-04
 2.0160e+00 -1.311e-02 -1.335e-03  9.129e-03  1.075e-02  1.191e-03 -2.574e-04 -1.288e-02 -3.030e-04  2.217e-04
 2.0420e+00 -1.314e-02 -1.340e-03  9.156e-03  1.077e-02  1.200e-03 -2.583e-04 -1.291e-02 -3.040e-04  2.224e-04
 2.0680e+00 -1.317e-02 -1.345e-03  9.182e-03  1.079e-02  1.208e-03 -2.591e-04 -1.294e-02 -3.050e-04  2.229e-04
 2.0940e+00 -1.320e-02 -1.350e-03  9.207e-03  1.081e-02  1.216e-03 -2.600e-04 -1.297e-02 -3.060e-04  2.235e-04
 2.1200e+00 -1.323e-02 -1.355e-03  9.232e-03  1.082e-02  1.224e-03 -2.609e-04 -1.301e-02 -3.070e-04  2.240e-04
 2.1460e+00 -1.326e-02 -1.359e-03  9.256e-03  1.084e-02  1.232e-03 -2.617e-04 -1.304e-02 -3.080e-04  2.245e-04
 2.1720e+00 -1.328e-02 -1.363e-03  9.279e-03  1.086e-02  1.239e-03 -2.626e-04 -1.307e-02 -3.089e-04  2.251e-04
 2.1970e+00 -1.331e-02 -1.368e-03  9.302e-03  1.087e-02  1.246e-03 -2.634e-04 -1.309e-02 -3.098e-04  2.256e-04
 2.2230e+00 -1.334e-02 -1.372e-03  9.324e-03  1.089e-02  1.254e-03 -2.640e-04 -1.312e-02 -3.107e-04  2.260e-04
 2.2490e+00 -1.336e-02 -1.376e-03  9.345e-03  1.090e-02  1.261e-03 -2.647e-04 -1.315e-02 -3.116e-04  2.265e-04
 2.2750e+00 -1.339e-02 -1.380e-03  9.366e-03  1.092e-02  1.268e-03 -2.654e-04 -1.317e-02 -3.124e-04  2.270e-04
 2.3010e+00 -1.341e-02 -1.384e-03  9.386e-03  1.093e-02  1.274e-03 -2.660e-04 -1.320e-02 -3.132e-04  2.274e-04
 2.3270e+00 -1.343e-02 -1.387e-03  9.406e-03  1.094e-02  1.281e-03 -2.667e-04 -1.322e-02 -3.140e-04  2.278e-04
 2.3520e+00 -1.345e-02 -1.391e-03  9.425e-03  1.095e-02  1.287e-03 -2.673e-04 -1.325e-02 -3.148e-04  2.282e-04
 2.3780e+00 -1.348e-02 -1.395e-03  9.443e-03  1.097e-02  1.293e-03 -2.680e-04 -1.327e-02 -3.155e-04  2.286e-04
 2.4040e+00 -1.350e-02 -1.398e-03  9.462e-03  1.098e-02  1.300e-03 -2.686e-04 -1.329e-02 -3.163e-04  2.290e-04
 2.4300e+00 -1.352e-02 -1.402e-03  9.479e-03  1.099e-02  1.306e-03 -2.692e-04 -1.331e-02 -3.170e-04  2.293e-04
 2.4560e+00 -1.354e-02 -1.405e-03  9.496e-03  1.100e-02  1.311e-03 -2.697e-04 -1.333e-02 -3.177e-04  2.297e-04
 2.4820e+00 -1.355e-02 -1.408e-03  9.513e-03  1.101e-02  1.317e-03 -2.704e-04 -1.335e-02 -3.184e-04  2.300e-04
 2.5080e+00 -1.357e-02 -1.411e-03  9.529e-03  1.102e-02  1.322e-03 -2.708e-04 -1.337e-02 -3.190e-04  2.303e-04
 2.5330e+00 -1.359e-02 -1.414e-03  9.545e-03  1.103e-02  1.328e-03 -2.715e-04 -1.339e-02 -3.197e-04  2.306e-04
 2.5590e+00 -1.361e-02 -1.417e-03  9.560e-03  1.104e-02  1.333e-03 -2.720e-04 -1.341e-02 -3.203e-04  2.309e-04
 2.5850e+00 -1.363e-02 -1.420e-03  9.575e-03  1.104e-02  1.338e-03 -2.724e-04 -1.343e-02 -3.209e-04  2.311e-04
 2.6110e+00 -1.364e-02 -1.423e-03  9.590e-03  1.105e-02  1.343e-03 -2.729e-04 -1.345e-02 -3.215e-04  2.314e-04
 2.6370e+00 -1.366e-02 -1.426e-03  9.604e-03  1.106e-02  1.348e-03 -2.733e-04 -1.347e-02 -3.221e-04  2.317e-04
 2.6630e+00 -1.367e-02 -1.429e-03  9.618e-03  1.107e-02  1.353e-03 -2.737e-04 -1.348e-02 -3.227e-04  2.320e-04
 2.6890e+00 -1.369e-02 -1.431e-03  9.631e-03  1.107e-02  1.357e-03 -2.741e-04 -1.350e-02 -3.232e-04  2.322e-04
 2.7140e+00 -1.370e-02 -1.434e-03  9.644e-03  1.108e-02  1.362e-03 -2.744e-04 -1.352e-02 -3.238e-04  2.324e-04
 2.7400e+00 -1.372e-02 -1.437e-03  9.657e-03  1.109e-02  1.366e-03 -2.748e-04 -1.353e-02 -3.243e-04  2.328e-04
 2.7660e+00 -1.373e-02 -1.439e-03  9.669e-03  1.109e-02  1.371e-03 -2.751e-04 -1.355e-02 -3.248e-04  2.330e-04
 2.7920e+00 -1.374e-02 -1.441e-03  9.681e-03  1.110e-02  1.375e-03 -2.755e-04 -1.356e-02 -3.253e-04  2.332e-04
 2.8180e+00 -1.376e-02 -1.444e-03  9.693e-03  1.110e-02  1.379e-03 -2.759e-04 -1.358e-02 -3.258e-04  2.334e-04
 2.8440e+00 -1.377e-02 -1.446e-03  9.705e-03  1.111e-02  1.383e-03 -2.763e-04 -1.359e-02 -3.263e-04  2.337e-04
 2.8700e+00 -1.378e-02 -1.448e-03  9.716e-03  1.112e-02  1.387e-03 -2.766e-04 -1.360e-02 -3.268e-04  2.339e-04
 2.8950e+00 -1.380e-02 -1.451e-03  9.727e-03  1.112e-02  1.391e-03 -2.770e-04 -1.362e-02 -3.272e-04  2.341e-04
 2.9210e+00 -1.381e-02 -1.453e-03  9.737e-03  1.112e-02  1.395e-03 -2.774e-04 -1.363e-02 -3.277e-04  2.342e-04
 2.9470e+00 -1.382e-02 -1.455e-03  9.748e-03  1.113e-02  1.398e-03 -2.777e-04 -1.364e-02 -3.281e-04  2.344e-04
 2.9730e+00 -1.383e-02 -1.457e-03  9.758e-03  1.113e-02  1.402e-03 -2.782e-04 -1.366e-02 -3.285e-04  2.346e-04
 2.9990e+00 -1.384e-02 -1.459e-03  9.768e-03  1.114e-02  1.405e-03 -2.786e-04 -1.367e-02 -3.289e-04  2.347e-04
 3.0250e+00 -1.385e-02 -1.461e-03  9.777e-03  1.114e-02  1.409e-03 -2.790e-04 -1.368e-02 -3.293e-04  2.349e-04
