#         t         u1         u2         u3        s11        s12        s13        s22        s23        s33
 0.0000e+00  0.000e+00  0.000e+00  0.000e+00  0.000e+00  0.000e+00  0.000e+00  0.000e+00  0.000e+00  0.000e+00
 2.5000e-01  4.251e-04 -2.860e-03 -6.500e-04  2.800e-04  3.650e-03 -2.620e-05 -7.300e-03  2.300e-05 -7.900e-05
 5.0000e-01  8.124e-04 -5.420e-03 -1.250e-03  5.700e-04  6.940e-03 -5.050e-05 -1.400e-02  4.600e-05 -1.530e-04
 7.5000e-01  1.165e-03 -7.720e-03 -1.810e-03  8.500e-04  9.910e-03 -7.300e-05 -2.020e-02  6.900e-05 -2.210e-04
 1.0000e+00  1.486e-03 -9.800e-03 -2.340e-03  1.120e-03  1.260e-02 -9.380e-05 -2.580e-02  9.200e-05 -2.850e-04
 1.2500e+00  1.778e-03 -1.167e-02 -2.840e-03  1.380e-03  1.504e-02 -1.130e-04 -3.110e-02  1.150e-04 -3.440e-04
 1.5000e+00  2.043e-03 -1.337e-02 -3.300e-03  1.630e-03  1.724e-02 -1.308e-04 -3.600e-02  1.380e-04 -4.000e-04
 1.7500e+00  2.283e-03 -1.491e-02 -3.734e-03  1.870e-03  1.925e-02 -1.472e-04 -4.050e-02  1.590e-04 -4.520e-04
 2.0000e+00  2.501e-03 -1.631e-02 -4.143e-03  2.100e-03  2.108e-02 -1.623e-04 -4.480e-02  1.810e-04 -5.010e-04
 2.2500e+00  2.698e-03 -1.759e-02 -4.527e-03  2.310e-03  2.274e-02 -1.763e-04 -4.870e-02  2.020e-04 -5.470e-04
 2.5000e+00  2.876e-03 -1.876e-02 -4.888e-03  2.510e-03  2.425e-02 -1.891e-04 -5.240e-02  2.230e-04 -5.900e-04
 2.7500e+00  3.036e-03 -1.983e-02 -5.229e-03  2.700e-03  2.563e-02 -2.009e-04 -5.590e-02  2.430e-04 -6.300e-04
 3.0000e+00  3.181e-03 -2.082e-02 -5.549e-03  2.870e-03  2.689e-02 -2.117e-04 -5.910e-02  2.620e-04 -6.690e-04
