#         t         u1         u2         u3        s11        s12        s13        s22        s23        s33
 0.0000e+00  0.000e+00  0.000e+00  0.000e+00  0.000e+00  0.000e+00  0.000e+00  0.000e+00  0.000e+00  0.000e+00
 2.5000e-01  6.670e-05 -4.200e-04  4.700e-05 -5.400e-05  2.480e-04 -6.800e-07 -4.900e-04  1.760e-06 -7.300e-06
 5.0000e-01  1.270e-04 -7.800e-04  8.700e-05 -9.900e-05  4.660e-04 -1.260e-06 -9.200e-04  3.290e-06 -1.360e-05
 7.5000e-01  1.816e-04 -1.090e-03  1.220e-04 -1.370e-04  6.580e-04 -1.790e-06 -1.300e-03  4.680e-06 -1.920e-05
 1.0000e+00  2.312e-04 -1.360e-03  1.520e-04 -1.680e-04  8.270e-04 -2.260e-06 -1.640e-03  5.980e-06 -2.390e-05
 1.2500e+00  2.763e-04 -1.590e-03  1.790e-04 -1.940e-04  9.770e-04 -2.670e-06 -1.940e-03  7.090e-06 -2.810e-05
 1.5000e+00  3.174e-04 -1.790e-03  2.020e-04 -2.160e-04  1.110e-03 -3.050e-06 -2.200e-03  8.140e-06 -3.180e-05
 1.7500e+00  3.550e-04 -1.970e-03  2.230e-04 -2.350e-04  1.229e-03 -3.400e-06 -2.430e-03  9.000e-06 -3.490e-05
 2.0000e+00  3.895e-04 -2.120e-03  2.410e-04 -2.500e-04  1.334e-03 -3.710e-06 -2.640e-03  9.840e-06 -3.760e-05
 2.2500e+00  4.213e-04 -2.250e-03  2.580e-04 -2.630e-04  1.428e-03 -3.990e-06 -2.830e-03  1.061e-05 -4.000e-05
 2.5000e+00  4.505e-04 -2.370e-03  2.730e-04 -2.740e-04  1.513e-03 -4.240e-06 -2.990e-03  1.125e-05 -4.210e-05
 2.7500e+00  4.775e-04 -2.470e-03  2.870e-04 -2.830e-04  1.589e-03 -4.460e-06 -3.140e-03  1.190e-05 -4.390e-05
 3.0000e+00  5.026e-04 -2.560e-03  3.010e-04 -2.900e-04  1.657e-03 -4.670e-06 -3.280e-03  1.248e-05 -4.550e-05
