#         t         u1         u2         u3        s11        s12        s13        s22        s23        s33
 0.0000e+00  0.000e+00  0.000e+00  0.000e+00  0.000e+00  0.000e+00  0.000e+00  0.000e+00  0.000e+00  0.000e+00
 2.5000e-01 -1.120e-03  1.413e-03  8.030e-04 -4.144e-03 -3.210e-03  2.350e-05  5.740e-03  2.080e-05 -1.300e-05
 5.0000e-01 -2.150e-03  2.735e-03  1.594e-03 -8.040e-03 -6.190e-03  4.570e-05  1.093e-02  4.110e-05 -2.650e-05
 7.5000e-01 -3.090e-03  3.975e-03  2.369e-03 -1.171e-02 -8.980e-03  6.650e-05  1.565e-02  6.120e-05 -4.020e-05
 1.0000e+00 -3.960e-03  5.140e-03  3.128e-03 -1.515e-02 -1.159e-02  8.640e-05  1.995e-02  8.090e-05 -5.400e-05
 1.2500e+00 -4.770e-03  6.236e-03  3.867e-03 -1.840e-02 -1.405e-02  1.053e-04  2.388e-02  1.004e-04 -6.740e-05
 1.5000e+00 -5.530e-03  7.269e-03  4.587e-03 -2.145e-02 -1.636e-02  1.233e-04  2.749e-02  1.197e-04 -8.070e-05
 1.7500e+00 -6.240e-03  8.246e-03  5.285e-03 -2.432e-02 -1.855e-02  1.406e-04  3.081e-02  1.388e-04 -9.340e-05
 2.0000e+00 -6.930e-03  9.170e-03  5.962e-03 -2.702e-02 -2.063e-02  1.573e-04  3.388e-02  1.577e-04 -1.056e-04
 2.2500e+00 -7.580e-03  1.005e-02  6.618e-03 -2.957e-02 -2.260e-02  1.731e-04  3.668e-02  1.763e-04 -1.172e-04
 2.5000e+00 -8.200e-03  1.088e-02  7.252e-03 -3.197e-02 -2.448e-02  1.885e-04  3.938e-02  1.948e-04 -1.281e-04
 2.7500e+00 -8.800e-03  1.167e-02  7.864e-03 -3.423e-02 -2.627e-02  2.032e-04  4.178e-02  2.130e-04 -1.384e-04
 3.0000e+00 -9.380e-03  1.243e-02  8.456e-03 -3.635e-02 -2.799e-02  2.177e-04  4.408e-02  2.309e-04 -1.480e-04
