#         t         u1         u2         u3        s11        s12        s13        s22        s23        s33
 0.0000e+00  0.000e+00  0.000e+00  0.000e+00  0.000e+00  0.000e+00  0.000e+00  0.000e+00  0.000e+00  0.000e+00
 2.5000e-01 -9.100e-03  1.564e-03  2.720e-03  1.570e-02 -2.270e-03 -1.760e-04 -7.150e-03 -9.300e-05  9.100e-05
 5.0000e-01 -1.750e-02  3.052e-03  5.340e-03  3.000e-02 -4.450e-03 -3.400e-04 -1.365e-02 -1.776e-04  1.770e-04
 7.5000e-01 -2.530e-02  4.469e-03  7.860e-03  4.320e-02 -6.550e-03 -4.960e-04 -1.957e-02 -2.546e-04  2.580e-04
 1.0000e+00 -3.260e-02  5.824e-03  1.029e-02  5.530e-02 -8.570e-03 -6.430e-04 -2.495e-02 -3.247e-04  3.340e-04
 1.2500e+00 -3.950e-02  7.118e-03  1.262e-02  6.640e-02 -1.052e-02 -7.820e-04 -2.983e-02 -3.886e-04  4.070e-04
 1.5000e+00 -4.590e-02  8.368e-03  1.486e-02  7.660e-02 -1.240e-02 -9.150e-04 -3.427e-02 -4.469e-04  4.760e-04
 1.7500e+00 -5.190e-02  9.568e-03  1.701e-02  8.610e-02 -1.422e-02 -1.041e-03 -3.829e-02 -5.000e-04  5.420e-04
 2.0000e+00 -5.750e-02  1.073e-02  1.909e-02  9.480e-02 -1.597e-02 -1.160e-03 -4.192e-02 -5.486e-04  6.050e-04
 2.2500e+00 -6.290e-02  1.185e-02  2.108e-02  1.029e-01 -1.766e-02 -1.274e-03 -4.522e-02 -5.930e-04  6.650e-04
 2.5000e+00 -6.800e-02  1.293e-02  2.299e-02  1.104e-01 -1.928e-02 -1.384e-03 -4.819e-02 -6.335e-04  7.220e-04
 2.7500e+00 -7.280e-02  1.398e-02  2.483e-02  1.173e-01 -2.086e-02 -1.488e-03 -5.087e-02 -6.707e-04  7.760e-04
 3.0000e+00 -7.730e-02  1.500e-02  2.660e-02  1.237e-01 -2.238e-02 -1.588e-03 -5.328e-02 -7.048e-04  8.280e-04
