#         t         u1         u2         u3        s11        s12        s13        s22        s23        s33
 0.0000e+00  0.000e+00  0.000e+00  0.000e+00  0.000e+00  0.000e+00  0.000e+00  0.000e+00  0.000e+00  0.000e+00
 2.5000e-01 -3.940e-03 -8.500e-04  1.290e-03  4.580e-03  3.950e-03  8.700e-06  6.600e-04 -6.910e-05  6.330e-05
 5.0000e-01 -7.610e-03 -1.602e-03  2.540e-03  8.900e-03  7.560e-03  1.510e-05  1.220e-03 -1.333e-04  1.227e-04
 7.5000e-01 -1.107e-02 -2.262e-03  3.730e-03  1.290e-02  1.086e-02  2.010e-05  1.690e-03 -1.932e-04  1.788e-04
 1.0000e+00 -1.434e-02 -2.836e-03  4.880e-03  1.670e-02  1.388e-02  2.310e-05  2.090e-03 -2.489e-04  2.312e-04
 1.2500e+00 -1.743e-02 -3.330e-03  5.990e-03  2.020e-02  1.663e-02  2.510e-05  2.420e-03 -3.007e-04  2.806e-04
 1.5000e+00 -2.038e-02 -3.749e-03  7.051e-03  2.360e-02  1.916e-02  2.510e-05  2.690e-03 -3.490e-04  3.272e-04
 1.7500e+00 -2.319e-02 -4.098e-03  8.070e-03  2.670e-02  2.146e-02  2.410e-05  2.920e-03 -3.939e-04  3.713e-04
 2.0000e+00 -2.589e-02 -4.383e-03  9.047e-03  2.980e-02  2.358e-02  2.210e-05  3.100e-03 -4.357e-04  4.130e-04
 2.2500e+00 -2.848e-02 -4.607e-03  9.985e-03  3.260e-02  2.551e-02  1.810e-05  3.250e-03 -4.747e-04  4.524e-04
 2.5000e+00 -3.099e-02 -4.775e-03  1.089e-02  3.540e-02  2.728e-02  1.410e-05  3.360e-03 -5.109e-04  4.897e-04
 2.7500e+00 -3.340e-02 -4.893e-03  1.175e-02  3.800e-02  2.891e-02  8.900e-06  3.440e-03 -5.446e-04  5.252e-04
 3.0000e+00 -3.574e-02 -4.962e-03  1.258e-02  4.050e-02  3.039e-02  3.300e-06  3.500e-03 -5.760e-04  5.588e-04
