#         t         u1         u2         u3        s11        s12        s13        s22        s23        s33
 0.0000e+00  0.000e+00  0.000e+00  0.000e+00  0.000e+00  0.000e+00  0.000e+00  0.000e+00  0.000e+00  0.000e+00
 5.0000e-02 -7.400e-04  2.600e-04  1.620e-04 -1.545e-03 -6.200e-04  1.600e-05  5.000e-04  3.400e-06 -1.460e-05
 1.0000e-01 -1.430e-03  5.240e-04  3.430e-04 -2.962e-03 -1.190e-03  3.070e-05  8.700e-04  6.300e-06 -2.820e-05
 1.5000e-01 -2.060e-03  7.880e-04  5.370e-04 -4.262e-03 -1.720e-03  4.440e-05  1.140e-03  8.800e-06 -4.080e-05
 2.0000e-01 -2.650e-03  1.049e-03  7.420e-04 -5.454e-03 -2.200e-03  5.680e-05  1.310e-03  1.080e-05 -5.250e-05
 2.5000e-01 -3.190e-03  1.308e-03  9.530e-04 -6.548e-03 -2.640e-03  6.850e-05  1.410e-03  1.260e-05 -6.350e-05
 3.0000e-01 -3.700e-03  1.561e-03  1.168e-03 -7.552e-03 -3.050e-03  7.910e-05  1.450e-03  1.390e-05 -7.360e-05
 3.5000e-01 -4.180e-03  1.810e-03  1.385e-03 -8.473e-03 -3.420e-03  8.890e-05  1.440e-03  1.510e-05 -8.300e-05
 4.0000e-01 -4.630e-03  2.051e-03  1.601e-03 -9.319e-03 -3.770e-03  9.800e-05  1.380e-03  1.590e-05 -9.180e-05
 4.5000e-01 -5.050e-03  2.287e-03  1.815e-03 -1.010e-02 -4.100e-03  1.064e-04  1.290e-03  1.650e-05 -9.980e-05
 5.0000e-01 -5.450e-03  2.515e-03  2.027e-03 -1.081e-02 -4.400e-03  1.142e-04  1.180e-03  1.690e-05 -1.073e-04
 5.5000e-01 -5.830e-03  2.736e-03  2.234e-03 -1.147e-02 -4.690e-03  1.214e-04  1.040e-03  1.710e-05 -1.143e-04
 6.0000e-01 -6.200e-03  2.950e-03  2.437e-03 -1.207e-02 -4.950e-03  1.280e-04  8.800e-04  1.710e-05 -1.208e-04
 6.5000e-01 -6.540e-03  3.156e-03  2.634e-03 -1.262e-02 -5.200e-03  1.341e-04  7.100e-04  1.690e-05 -1.270e-04
 7.0000e-01 -6.870e-03  3.356e-03  2.826e-03 -1.313e-02 -5.430e-03  1.399e-04  5.300e-04  1.660e-05 -1.326e-04
 7.5000e-01 -7.190e-03  3.548e-03  3.012e-03 -1.360e-02 -5.650e-03  1.450e-04  3.400e-04  1.620e-05 -1.378e-04
 8.0000e-01 -7.490e-03  3.734e-03  3.192e-03 -1.403e-02 -5.860e-03  1.498e-04  1.500e-04  1.560e-05 -1.426e-04
 8.5000e-01 -7.780e-03  3.913e-03  3.366e-03 -1.442e-02 -6.060e-03  1.545e-04 -5.000e-05  1.490e-05 -1.472e-04
 9.0000e-01 -8.060e-03  4.085e-03  3.533e-03 -1.479e-02 -6.240e-03  1.588e-04 -2.400e-04  1.410e-05 -1.513e-04
 9.5000e-01 -8.330e-03  4.251e-03  3.694e-03 -1.512e-02 -6.420e-03  1.628e-04 -4.400e-04  1.330e-05 -1.552e-04
 1.0000e+00 -8.590e-03  4.411e-03  3.850e-03 -1.543e-02 -6.590e-03  1.665e-04 -6.300e-04  1.230e-05 -1.588e-04
 1.0500e+00 -8.840e-03  4.565e-03  3.999e-03 -1.571e-02 -6.750e-03  1.699e-04 -8.200e-04  1.130e-05 -1.621e-04
 1.1000e+00 -9.080e-03  4.714e-03  4.142e-03 -1.597e-02 -6.900e-03  1.730e-04 -1.010e-03  1.020e-05 -1.653e-04
 1.1500e+00 -9.310e-03  4.857e-03  4.280e-03 -1.621e-02 -7.050e-03  1.759e-04 -1.200e-03  9.100e-06 -1.682e-04
 1.2000e+00 -9.540e-03  4.994e-03  4.412e-03 -1.643e-02 -7.190e-03  1.786e-04 -1.380e-03  7.900e-06 -1.709e-04
 1.2500e+00 -9.760e-03  5.127e-03  4.539e-03 -1.663e-02 -7.320e-03  1.813e-04 -1.550e-03  6.600e-06 -1.733e-04
 1.3000e+00 -9.970e-03  5.255e-03  4.660e-03 -1.681e-02 -7.450e-03  1.837e-04 -1.730e-03  5.300e-06 -1.756e-04
 1.3500e+00 -1.017e-02  5.378e-03  4.776e-03 -1.698e-02 -7.570e-03  1.859e-04 -1.890e-03  4.000e-06 -1.777e-04
 1.4000e+00 -1.037e-02  5.497e-03  4.888e-03 -1.714e-02 -7.690e-03  1.879e-04 -2.050e-03  2.700e-06 -1.797e-04
 1.4500e+00 -1.056e-02  5.611e-03  4.994e-03 -1.728e-02 -7.800e-03  1.898e-04 -2.210e-03  1.300e-06 -1.815e-04
 1.5000e+00 -1.074e-02  5.721e-03  5.097e-03 -1.741e-02 -7.910e-03  1.916e-04 -2.360e-03 -1.000e-07 -1.832e-04
 1.5500e+00 -1.092e-02  5.828e-03  5.195e-03 -1.753e-02 -8.020e-03  1.933e-04 -2.510e-03 -1.500e-06 -1.848e-04
 1.6000e+00 -1.109e-02  5.930e-03  5.288e-03 -1.764e-02 -8.120e-03  1.947e-04 -2.650e-03 -3.000e-06 -1.862e-04
 1.6500e+00 -1.126e-02  6.029e-03  5.378e-03 -1.774e-02 -8.220e-03  1.961e-04 -2.790e-03 -4.400e-06 -1.876e-04
 1.7000e+00 -1.142e-02  6.125e-03  5.464e-03 -1.783e-02 -8.310e-03  1.974e-04 -2.920e-03 -5.900e-06 -1.889e-04
 1.7500e+00 -1.158e-02  6.217e-03  5.546e-03 -1.792e-02 -8.400e-03  1.987e-04 -3.040e-03 -7.300e-06 -1.901e-04
 1.8000e+00 -1.173e-02  6.305e-03  5.625e-03 -1.799e-02 -8.490e-03  1.998e-04 -3.170e-03 -8.800e-06 -1.912e-04
 1.8500e+00 -1.188e-02  6.391e-03  5.700e-03 -1.806e-02 -8.570e-03  2.009e-04 -3.280e-03 -1.030e-05 -1.922e-04
 1.9000e+00 -1.202e-02  6.474e-03  5.773e-03 -1.813e-02 -8.660e-03  2.020e-04 -3.400e-03 -1.170e-05 -1.933e-04
 1.9500e+00 -1.216e-02  6.554e-03  5.842e-03 -1.819e-02 -8.740e-03  2.030e-04 -3.510e-03 -1.320e-05 -1.942e-04
 2.0000e+00 -1.229e-02  6.631e-03  5.908e-03 -1.824e-02 -8.810e-03  2.039e-04 -3.610e-03 -1.470e-05 -1.950e-04
 2.0500e+00 -1.242e-02  6.705e-03  5.971e-03 -1.828e-02 -8.890e-03  2.048e-04 -3.710e-03 -1.610e-05 -1.956e-04
 2.1000e+00 -1.255e-02  6.777e-03  6.032e-03 -1.833e-02 -8.960e-03  2.055e-04 -3.810e-03 -1.760e-05 -1.963e-04
 2.1500e+00 -1.267e-02  6.847e-03  6.090e-03 -1.836e-02 -9.030e-03  2.061e-04 -3.900e-03 -1.900e-05 -1.970e-04
 2.2000e+00 -1.279e-02  6.914e-03  6.146e-03 -1.840e-02 -9.100e-03  2.068e-04 -3.990e-03 -2.050e-05 -1.976e-04
 2.2500e+00 -1.290e-02  6.978e-03  6.199e-03 -1.843e-02 -9.170e-03  2.075e-04 -4.080e-03 -2.190e-05 -1.981e-04
 2.3000e+00 -1.301e-02  7.041e-03  6.250e-03 -1.846e-02 -9.230e-03  2.081e-04 -4.160e-03 -2.330e-05 -1.986e-04
 2.3500e+00 -1.312e-02  7.101e-03  6.299e-03 -1.848e-02 -9.290e-03  2.086e-04 -4.240e-03 -2.480e-05 -1.991e-04
 2.4000e+00 -1.322e-02  7.160e-03  6.346e-03 -1.850e-02 -9.350e-03  2.092e-04 -4.320e-03 -2.620e-05 -1.995e-04
 2.4500e+00 -1.332e-02  7.216e-03  6.391e-03 -1.852e-02 -9.410e-03  2.097e-04 -4.390e-03 -2.760e-05 -1.999e-04
 2.5000e+00 -1.342e-02  7.270e-03  6.434e-03 -1.853e-02 -9.470e-03  2.103e-04 -4.460e-03 -2.890e-05 -2.003e-04
 2.5500e+00 -1.351e-02  7.323e-03  6.475e-03 -1.855e-02 -9.520e-03  2.106e-04 -4.530e-03 -3.030e-05 -2.007e-04
 2.6000e+00 -1.361e-02  7.374e-03  6.514e-03 -1.856e-02 -9.580e-03  2.108e-04 -4.600e-03 -3.170e-05 -2.011e-04
 2.6500e+00 -1.370e-02  7.423e-03  6.552e-03 -1.857e-02 -9.630e-03  2.111e-04 -4.660e-03 -3.300e-05 -2.013e-04
 2.7000e+00 -1.378e-02  7.470e-03  6.588e-03 -1.858e-02 -9.680e-03  2.112e-04 -4.720e-03 -3.430e-05 -2.016e-04
 2.7500e+00 -1.387e-02  7.516e-03  6.622e-03 -1.858e-02 -9.730e-03  2.114e-04 -4.780e-03 -3.570e-05 -2.019e-04
 2.8000e+00 -1.395e-02  7.560e-03  6.655e-03 -1.859e-02 -9.780e-03  2.118e-04 -4.840e-03 -3.700e-05 -2.021e-04
 2.8500e+00 -1.402e-02  7.603e-03  6.687e-03 -1.859e-02 -9.820e-03  2.121e-04 -4.900e-03 -3.830e-05 -2.024e-04
 2.9000e+00 -1.410e-02  7.644e-03  6.717e-03 -1.859e-02 -9.870e-03  2.123e-04 -4.950e-03 -3.950e-05 -2.026e-04
 2.9500e+00 -1.417e-02  7.684e-03  6.746e-03 -1.859e-02 -9.910e-03  2.125e-04 -5.000e-03 -4.080e-05 -2.028e-04
 3.0000e+00 -1.425e-02  7.722e-03  6.774e-03 -1.859e-02 -9.950e-03  2.127e-04 -5.050e-03 -4.200e-05 -2.031e-04
 3.0500e+00 -1.432e-02  7.759e-03  6.800e-03 -1.859e-02 -9.990e-03  2.128e-04 -5.100e-03 -4.330e-05 -2.032e-04
