# nb. dgammadot0 x1 x2 x3 length width thickness strike dip
1 0.4 -200 -200 10 20 7.56909 20 0 90
2 0.4 -200 -180 10 20 8.64351 20 0 90
3 0.4 -200 -160 10 20 9.64873 20 0 90
4 0.4 -200 -140 10 20 10.5082 20 0 90
5 0.4 -200 -120 10 20 11.2412 20 0 90
6 0.4 -200 -100 10 20 11.7663 20 0 90
7 0.4 -200 -80 10 20 12.0928 20 0 90
8 0.4 -200 -60 10 20 12.2471 20 0 90
9 0.4 -200 -40 10 20 12.3462 20 0 90
10 0.4 -200 -20 10 20 12.415 20 0 90
11 0.4 -200 0 10 20 12.4867 20 0 90
12 0.4 -200 20 10 20 12.4637 20 0 90
13 0.4 -200 40 10 20 12.3827 20 0 90
14 0.4 -200 60 10 20 12.2716 20 0 90
15 0.4 -200 80 10 20 12.0616 20 0 90
16 0.4 -200 100 10 20 11.6899 20 0 90
17 0.4 -200 120 10 20 11.2821 20 0 90
18 0.4 -200 140 10 20 11.096 20 0 90
19 0.4 -200 160 10 20 11.347 20 0 90
20 0.4 -200 180 10 20 12.0192 20 0 90
21 0.4 -180 -200 10 20 8.36751 20 0 90
22 0.4 -180 -180 10 20 9.57088 20 0 90
23 0.4 -180 -160 10 20 10.7026 20 0 90
24 0.4 -180 -140 10 20 11.682 20 0 90
25 0.4 -180 -120 10 20 12.4566 20 0 90
26 0.4 -180 -100 10 20 12.9561 20 0 90
27 0.4 -180 -80 10 20 13.191 20 0 90
28 0.4 -180 -60 10 20 13.2268 20 0 90
29 0.4 -180 -40 10 20 13.179 20 0 90
30 0.4 -180 -20 10 20 13.1172 20 0 90
31 0.4 -180 0 10 20 13.0764 20 0 90
32 0.4 -180 20 10 20 13.0038 20 0 90
33 0.4 -180 40 10 20 12.9346 20 0 90
34 0.4 -180 60 10 20 12.8614 20 0 90
35 0.4 -180 80 10 20 12.6295 20 0 90
36 0.4 -180 100 10 20 12.1006 20 0 90
37 0.4 -180 120 10 20 11.5087 20 0 90
38 0.4 -180 140 10 20 11.229 20 0 90
39 0.4 -180 160 10 20 11.5508 20 0 90
40 0.4 -180 180 10 20 12.4936 20 0 90
41 0.4 -160 -200 10 20 9.2662 20 0 90
42 0.4 -160 -180 10 20 10.6123 20 0 90
43 0.4 -160 -160 10 20 11.8973 20 0 90
44 0.4 -160 -140 10 20 13.0262 20 0 90
45 0.4 -160 -120 10 20 13.8649 20 0 90
46 0.4 -160 -100 10 20 14.3251 20 0 90
47 0.4 -160 -80 10 20 14.4237 20 0 90
48 0.4 -160 -60 10 20 14.261 20 0 90
49 0.4 -160 -40 10 20 13.9757 20 0 90
50 0.4 -160 -20 10 20 13.6819 20 0 90
51 0.4 -160 0 10 20 13.4352 20 0 90
52 0.4 -160 20 10 20 13.2413 20 0 90
53 0.4 -160 40 10 20 13.1434 20 0 90
54 0.4 -160 60 10 20 13.1497 20 0 90
55 0.4 -160 80 10 20 12.9737 20 0 90
56 0.4 -160 100 10 20 12.4452 20 0 90
57 0.4 -160 120 10 20 11.8829 20 0 90
58 0.4 -160 140 10 20 11.6204 20 0 90
59 0.4 -160 160 10 20 11.8952 20 0 90
60 0.4 -160 180 10 20 12.8155 20 0 90
61 0.4 -140 -200 10 20 10.2609 20 0 90
62 0.4 -140 -180 10 20 11.7442 20 0 90
63 0.4 -140 -160 10 20 13.1884 20 0 90
64 0.4 -140 -140 10 20 14.3576 20 0 90
65 0.4 -140 -120 10 20 15.3202 20 0 90
66 0.4 -140 -100 10 20 15.7701 20 0 90
67 0.4 -140 -80 10 20 15.7056 20 0 90
68 0.4 -140 -60 10 20 15.2886 20 0 90
69 0.4 -140 -40 10 20 14.7377 20 0 90
70 0.4 -140 -20 10 20 14.126 20 0 90
71 0.4 -140 0 10 20 13.5678 20 0 90
72 0.4 -140 20 10 20 13.0847 20 0 90
73 0.4 -140 40 10 20 12.7612 20 0 90
74 0.4 -140 60 10 20 12.792 20 0 90
75 0.4 -140 80 10 20 12.761 20 0 90
76 0.4 -140 100 10 20 12.5163 20 0 90
77 0.4 -140 120 10 20 12.2915 20 0 90
78 0.4 -140 140 10 20 12.1964 20 0 90
79 0.4 -140 160 10 20 12.3648 20 0 90
80 0.4 -140 180 10 20 13.0431 20 0 90
81 0.4 -120 -200 10 20 11.3256 20 0 90
82 0.4 -120 -180 10 20 12.9288 20 0 90
83 0.4 -120 -160 10 20 14.5132 20 0 90
84 0.4 -120 -140 10 20 15.9039 20 0 90
85 0.4 -120 -120 10 20 16.901 20 0 90
86 0.4 -120 -100 10 20 17.2956 20 0 90
87 0.4 -120 -80 10 20 17.0744 20 0 90
88 0.4 -120 -60 10 20 16.4001 20 0 90
89 0.4 -120 -40 10 20 15.5015 20 0 90
90 0.4 -120 -20 10 20 14.536 20 0 90
91 0.4 -120 0 10 20 13.5575 20 0 90
92 0.4 -120 20 10 20 12.558 20 0 90
93 0.4 -120 40 10 20 11.7989 20 0 90
94 0.4 -120 60 10 20 11.5925 20 0 90
95 0.4 -120 80 10 20 11.7615 20 0 90
96 0.4 -120 100 10 20 11.9976 20 0 90
97 0.4 -120 120 10 20 12.2901 20 0 90
98 0.4 -120 140 10 20 12.5216 20 0 90
99 0.4 -120 160 10 20 12.7313 20 0 90
100 0.4 -120 180 10 20 13.2569 20 0 90
101 0.4 -100 -200 10 20 12.4229 20 0 90
102 0.4 -100 -180 10 20 14.1194 20 0 90
103 0.4 -100 -160 10 20 15.8079 20 0 90
104 0.4 -100 -140 10 20 17.2594 20 0 90
105 0.4 -100 -120 10 20 18.329 20 0 90
106 0.4 -100 -100 10 20 18.7094 20 0 90
107 0.4 -100 -80 10 20 18.342 20 0 90
108 0.4 -100 -60 10 20 17.3877 20 0 90
109 0.4 -100 -40 10 20 16.2334 20 0 90
110 0.4 -100 -20 10 20 14.9735 20 0 90
111 0.4 -100 0 10 20 13.5329 20 0 90
112 0.4 -100 20 10 20 11.9123 20 0 90
113 0.4 -100 40 10 20 10.588 20 0 90
114 0.4 -100 60 10 20 10.2107 20 0 90
115 0.4 -100 80 10 20 10.601 20 0 90
116 0.4 -100 100 10 20 11.2554 20 0 90
117 0.4 -100 120 10 20 12.0337 20 0 90
118 0.4 -100 140 10 20 12.5792 20 0 90
119 0.4 -100 160 10 20 13.0026 20 0 90
120 0.4 -100 180 10 20 13.5663 20 0 90
121 0.4 -80 -200 10 20 13.4942 20 0 90
122 0.4 -80 -180 10 20 15.2562 20 0 90
123 0.4 -80 -160 10 20 17.0155 20 0 90
124 0.4 -80 -140 10 20 18.5385 20 0 90
125 0.4 -80 -120 10 20 19.5568 20 0 90
126 0.4 -80 -100 10 20 19.8691 20 0 90
127 0.4 -80 -80 10 20 19.3887 20 0 90
128 0.4 -80 -60 10 20 18.1461 20 0 90
129 0.4 -80 -40 10 20 16.7556 20 0 90
130 0.4 -80 -20 10 20 15.3377 20 0 90
131 0.4 -80 0 10 20 13.6637 20 0 90
132 0.4 -80 20 10 20 11.7386 20 0 90
133 0.4 -80 40 10 20 10.2428 20 0 90
134 0.4 -80 60 10 20 9.85189 20 0 90
135 0.4 -80 80 10 20 10.2353 20 0 90
136 0.4 -80 100 10 20 11.0283 20 0 90
137 0.4 -80 120 10 20 11.9752 20 0 90
138 0.4 -80 140 10 20 12.7947 20 0 90
139 0.4 -80 160 10 20 13.4062 20 0 90
140 0.4 -80 180 10 20 13.952 20 0 90
141 0.4 -60 -200 10 20 14.4757 20 0 90
142 0.4 -60 -180 10 20 16.2669 20 0 90
143 0.4 -60 -160 10 20 18.0409 20 0 90
144 0.4 -60 -140 10 20 19.4927 20 0 90
145 0.4 -60 -120 10 20 20.4749 20 0 90
146 0.4 -60 -100 10 20 20.7728 20 0 90
147 0.4 -60 -80 10 20 20.1935 20 0 90
148 0.4 -60 -60 10 20 18.7657 20 0 90
149 0.4 -60 -40 10 20 17.0237 20 0 90
150 0.4 -60 -20 10 20 15.5264 20 0 90
151 0.4 -60 0 10 20 14.0364 20 0 90
152 0.4 -60 20 10 20 12.4104 20 0 90
153 0.4 -60 40 10 20 11.1697 20 0 90
154 0.4 -60 60 10 20 10.7952 20 0 90
155 0.4 -60 80 10 20 10.9701 20 0 90
156 0.4 -60 100 10 20 11.5846 20 0 90
157 0.4 -60 120 10 20 12.4307 20 0 90
158 0.4 -60 140 10 20 13.2533 20 0 90
159 0.4 -60 160 10 20 13.8925 20 0 90
160 0.4 -60 180 10 20 14.3217 20 0 90
161 0.4 -40 -200 10 20 15.3246 20 0 90
162 0.4 -40 -180 10 20 17.1006 20 0 90
163 0.4 -40 -160 10 20 18.8375 20 0 90
164 0.4 -40 -140 10 20 20.2419 20 0 90
165 0.4 -40 -120 10 20 21.3078 20 0 90
166 0.4 -40 -100 10 20 21.7914 20 0 90
167 0.4 -40 -80 10 20 21.234 20 0 90
168 0.4 -40 -60 10 20 19.5714 20 0 90
169 0.4 -40 -40 10 20 17.4814 20 0 90
170 0.4 -40 -20 10 20 15.7355 20 0 90
171 0.4 -40 0 10 20 14.3071 20 0 90
172 0.4 -40 20 10 20 13.0754 20 0 90
173 0.4 -40 40 10 20 12.2 20 0 90
174 0.4 -40 60 10 20 11.8808 20 0 90
175 0.4 -40 80 10 20 11.9962 20 0 90
176 0.4 -40 100 10 20 12.4146 20 0 90
177 0.4 -40 120 10 20 13.041 20 0 90
178 0.4 -40 140 10 20 13.6781 20 0 90
179 0.4 -40 160 10 20 14.1919 20 0 90
180 0.4 -40 180 10 20 14.613 20 0 90
181 0.4 -20 -200 10 20 16.0161 20 0 90
182 0.4 -20 -180 10 20 17.7543 20 0 90
183 0.4 -20 -160 10 20 19.4516 20 0 90
184 0.4 -20 -140 10 20 20.9809 20 0 90
185 0.4 -20 -120 10 20 22.6575 20 0 90
186 0.4 -20 -100 10 20 23.93 20 0 90
187 0.4 -20 -80 10 20 23.5754 20 0 90
188 0.4 -20 -60 10 20 21.5001 20 0 90
189 0.4 -20 -40 10 20 18.6562 20 0 90
190 0.4 -20 -20 10 20 16.0279 20 0 90
191 0.4 -20 0 10 20 14.1232 20 0 90
192 0.4 -20 20 10 20 12.9629 20 0 90
193 0.4 -20 40 10 20 12.3465 20 0 90
194 0.4 -20 60 10 20 12.1536 20 0 90
195 0.4 -20 80 10 20 12.3125 20 0 90
196 0.4 -20 100 10 20 12.7941 20 0 90
197 0.4 -20 120 10 20 13.4317 20 0 90
198 0.4 -20 140 10 20 13.9916 20 0 90
199 0.4 -20 160 10 20 14.4369 20 0 90
200 0.4 -20 180 10 20 14.8449 20 0 90
201 0.4 0 -200 10 20 16.4402 20 0 90
202 0.4 0 -180 10 20 18.1928 20 0 90
203 0.4 0 -160 10 20 19.9647 20 0 90
204 0.4 0 -140 10 20 21.6981 20 0 90
205 0.4 0 -120 10 20 24.1004 20 0 90
206 0.4 0 -100 10 20 26.0216 20 0 90
207 0.4 0 -80 10 20 25.7308 20 0 90
208 0.4 0 -60 10 20 23.2535 20 0 90
209 0.4 0 -40 10 20 19.5974 20 0 90
210 0.4 0 -20 10 20 15.9356 20 0 90
211 0.4 0 0 10 20 13.4349 20 0 90
212 0.4 0 20 10 20 12.3472 20 0 90
213 0.4 0 40 10 20 12.082 20 0 90
214 0.4 0 60 10 20 12.1661 20 0 90
215 0.4 0 80 10 20 12.4666 20 0 90
216 0.4 0 100 10 20 13.0674 20 0 90
217 0.4 0 120 10 20 13.8128 20 0 90
218 0.4 0 140 10 20 14.3401 20 0 90
219 0.4 0 160 10 20 14.68 20 0 90
220 0.4 0 180 10 20 15.0133 20 0 90
221 0.4 20 -200 10 20 16.3192 20 0 90
222 0.4 20 -180 10 20 18.3446 20 0 90
223 0.4 20 -160 10 20 20.5733 20 0 90
224 0.4 20 -140 10 20 22.759 20 0 90
225 0.4 20 -120 10 20 24.7748 20 0 90
226 0.4 20 -100 10 20 25.4066 20 0 90
227 0.4 20 -80 10 20 24.2368 20 0 90
228 0.4 20 -60 10 20 21.947 20 0 90
229 0.4 20 -40 10 20 18.9059 20 0 90
230 0.4 20 -20 10 20 15.4646 20 0 90
231 0.4 20 0 10 20 12.9269 20 0 90
232 0.4 20 20 10 20 12.0384 20 0 90
233 0.4 20 40 10 20 12.2801 20 0 90
234 0.4 20 60 10 20 12.7399 20 0 90
235 0.4 20 80 10 20 13.0885 20 0 90
236 0.4 20 100 10 20 13.59 20 0 90
237 0.4 20 120 10 20 14.3041 20 0 90
238 0.4 20 140 10 20 14.8339 20 0 90
239 0.4 20 160 10 20 15.0511 20 0 90
240 0.4 20 180 10 20 15.2347 20 0 90
241 0.4 40 -200 10 20 15.6634 20 0 90
242 0.4 40 -180 10 20 18.4742 20 0 90
243 0.4 40 -160 10 20 21.668 20 0 90
244 0.4 40 -140 10 20 23.8331 20 0 90
245 0.4 40 -120 10 20 24.2717 20 0 90
246 0.4 40 -100 10 20 22.3232 20 0 90
247 0.4 40 -80 10 20 19.5668 20 0 90
248 0.4 40 -60 10 20 17.7376 20 0 90
249 0.4 40 -40 10 20 16.3296 20 0 90
250 0.4 40 -20 10 20 14.3465 20 0 90
251 0.4 40 0 10 20 12.6077 20 0 90
252 0.4 40 20 10 20 12.2369 20 0 90
253 0.4 40 40 10 20 13.0054 20 0 90
254 0.4 40 60 10 20 13.7865 20 0 90
255 0.4 40 80 10 20 14.0413 20 0 90
256 0.4 40 100 10 20 14.2354 20 0 90
257 0.4 40 120 10 20 14.776 20 0 90
258 0.4 40 140 10 20 15.3284 20 0 90
259 0.4 40 160 10 20 15.6102 20 0 90
260 0.4 40 180 10 20 15.7655 20 0 90
261 0.4 60 -200 10 20 15.8291 20 0 90
262 0.4 60 -180 10 20 19.7454 20 0 90
263 0.4 60 -160 10 20 23.5599 20 0 90
264 0.4 60 -140 10 20 25.1582 20 0 90
265 0.4 60 -120 10 20 23.3764 20 0 90
266 0.4 60 -100 10 20 19.0198 20 0 90
267 0.4 60 -80 10 20 15.0267 20 0 90
268 0.4 60 -60 10 20 13.7019 20 0 90
269 0.4 60 -40 10 20 13.7478 20 0 90
270 0.4 60 -20 10 20 13.3501 20 0 90
271 0.4 60 0 10 20 12.5593 20 0 90
272 0.4 60 20 10 20 12.5494 20 0 90
273 0.4 60 40 10 20 13.4934 20 0 90
274 0.4 60 60 10 20 14.3424 20 0 90
275 0.4 60 80 10 20 14.5339 20 0 90
276 0.4 60 100 10 20 14.635 20 0 90
277 0.4 60 120 10 20 15.1596 20 0 90
278 0.4 60 140 10 20 15.8217 20 0 90
279 0.4 60 160 10 20 16.2532 20 0 90
280 0.4 60 180 10 20 16.4363 20 0 90
281 0.4 80 -200 10 20 17.8243 20 0 90
282 0.4 80 -180 10 20 22.3343 20 0 90
283 0.4 80 -160 10 20 25.4789 20 0 90
284 0.4 80 -140 10 20 25.8745 20 0 90
285 0.4 80 -120 10 20 23.0371 20 0 90
286 0.4 80 -100 10 20 18.0622 20 0 90
287 0.4 80 -80 10 20 13.8493 20 0 90
288 0.4 80 -60 10 20 12.3762 20 0 90
289 0.4 80 -40 10 20 12.6493 20 0 90
290 0.4 80 -20 10 20 12.9383 20 0 90
291 0.4 80 0 10 20 12.7874 20 0 90
292 0.4 80 20 10 20 12.8939 20 0 90
293 0.4 80 40 10 20 13.5575 20 0 90
294 0.4 80 60 10 20 14.188 20 0 90
295 0.4 80 80 10 20 14.4169 20 0 90
296 0.4 80 100 10 20 14.7903 20 0 90
297 0.4 80 120 10 20 15.5454 20 0 90
298 0.4 80 140 10 20 16.3232 20 0 90
299 0.4 80 160 10 20 16.8442 20 0 90
300 0.4 80 180 10 20 17.0166 20 0 90
301 0.4 100 -200 10 20 20.106 20 0 90
302 0.4 100 -180 10 20 23.9644 20 0 90
303 0.4 100 -160 10 20 25.6299 20 0 90
304 0.4 100 -140 10 20 25.0032 20 0 90
305 0.4 100 -120 10 20 22.3075 20 0 90
306 0.4 100 -100 10 20 18.299 20 0 90
307 0.4 100 -80 10 20 14.846 20 0 90
308 0.4 100 -60 10 20 13.1411 20 0 90
309 0.4 100 -40 10 20 12.91 20 0 90
310 0.4 100 -20 10 20 13.2081 20 0 90
311 0.4 100 0 10 20 13.3669 20 0 90
312 0.4 100 20 10 20 13.5236 20 0 90
313 0.4 100 40 10 20 13.844 20 0 90
314 0.4 100 60 10 20 14.0868 20 0 90
315 0.4 100 80 10 20 14.3115 20 0 90
316 0.4 100 100 10 20 14.9374 20 0 90
317 0.4 100 120 10 20 15.9667 20 0 90
318 0.4 100 140 10 20 16.9138 20 0 90
319 0.4 100 160 10 20 17.4006 20 0 90
320 0.4 100 180 10 20 17.5199 20 0 90
321 0.4 120 -200 10 20 20.1121 20 0 90
322 0.4 120 -180 10 20 23.0278 20 0 90
323 0.4 120 -160 10 20 23.8543 20 0 90
324 0.4 120 -140 10 20 23.2235 20 0 90
325 0.4 120 -120 10 20 21.5775 20 0 90
326 0.4 120 -100 10 20 19.0543 20 0 90
327 0.4 120 -80 10 20 16.4217 20 0 90
328 0.4 120 -60 10 20 14.5465 20 0 90
329 0.4 120 -40 10 20 13.8331 20 0 90
330 0.4 120 -20 10 20 14.0103 20 0 90
331 0.4 120 0 10 20 14.3535 20 0 90
332 0.4 120 20 10 20 14.5331 20 0 90
333 0.4 120 40 10 20 14.6188 20 0 90
334 0.4 120 60 10 20 14.6439 20 0 90
335 0.4 120 80 10 20 14.8098 20 0 90
336 0.4 120 100 10 20 15.4991 20 0 90
337 0.4 120 120 10 20 16.6223 20 0 90
338 0.4 120 140 10 20 17.5842 20 0 90
339 0.4 120 160 10 20 18.0439 20 0 90
340 0.4 120 180 10 20 18.1136 20 0 90
341 0.4 140 -200 10 20 18.7251 20 0 90
342 0.4 140 -180 10 20 21.3673 20 0 90
343 0.4 140 -160 10 20 22.7189 20 0 90
344 0.4 140 -140 10 20 23.0648 20 0 90
345 0.4 140 -120 10 20 22.3429 20 0 90
346 0.4 140 -100 10 20 20.5518 20 0 90
347 0.4 140 -80 10 20 18.2749 20 0 90
348 0.4 140 -60 10 20 16.3678 20 0 90
349 0.4 140 -40 10 20 15.4197 20 0 90
350 0.4 140 -20 10 20 15.3949 20 0 90
351 0.4 140 0 10 20 15.6616 20 0 90
352 0.4 140 20 10 20 15.7945 20 0 90
353 0.4 140 40 10 20 15.855 20 0 90
354 0.4 140 60 10 20 15.7801 20 0 90
355 0.4 140 80 10 20 15.8023 20 0 90
356 0.4 140 100 10 20 16.2751 20 0 90
357 0.4 140 120 10 20 17.1796 20 0 90
358 0.4 140 140 10 20 18.0419 20 0 90
359 0.4 140 160 10 20 18.516 20 0 90
360 0.4 140 180 10 20 18.5962 20 0 90
361 0.4 160 -200 10 20 19.6792 20 0 90
362 0.4 160 -180 10 20 22.1202 20 0 90
363 0.4 160 -160 10 20 24.1466 20 0 90
364 0.4 160 -140 10 20 24.8839 20 0 90
365 0.4 160 -120 10 20 23.9566 20 0 90
366 0.4 160 -100 10 20 21.8586 20 0 90
367 0.4 160 -80 10 20 19.4819 20 0 90
368 0.4 160 -60 10 20 17.6509 20 0 90
369 0.4 160 -40 10 20 16.7805 20 0 90
370 0.4 160 -20 10 20 16.6725 20 0 90
371 0.4 160 0 10 20 16.7559 20 0 90
372 0.4 160 20 10 20 16.8242 20 0 90
373 0.4 160 40 10 20 16.8386 20 0 90
374 0.4 160 60 10 20 16.7134 20 0 90
375 0.4 160 80 10 20 16.6045 20 0 90
376 0.4 160 100 10 20 16.821 20 0 90
377 0.4 160 120 10 20 17.4178 20 0 90
378 0.4 160 140 10 20 18.0633 20 0 90
379 0.4 160 160 10 20 18.4611 20 0 90
380 0.4 160 180 10 20 18.56 20 0 90
381 0.4 180 -200 10 20 22.5235 20 0 90
382 0.4 180 -180 10 20 24.3074 20 0 90
383 0.4 180 -160 10 20 26.3113 20 0 90
384 0.4 180 -140 10 20 26.6743 20 0 90
385 0.4 180 -120 10 20 24.9541 20 0 90
386 0.4 180 -100 10 20 22.1723 20 0 90
387 0.4 180 -80 10 20 19.3219 20 0 90
388 0.4 180 -60 10 20 17.5024 20 0 90
389 0.4 180 -40 10 20 16.8148 20 0 90
390 0.4 180 -20 10 20 16.8571 20 0 90
391 0.4 180 0 10 20 17.0153 20 0 90
392 0.4 180 20 10 20 17.1223 20 0 90
393 0.4 180 40 10 20 17.182 20 0 90
394 0.4 180 60 10 20 17.1299 20 0 90
395 0.4 180 80 10 20 17.053 20 0 90
396 0.4 180 100 10 20 17.1538 20 0 90
397 0.4 180 120 10 20 17.4617 20 0 90
398 0.4 180 140 10 20 17.8283 20 0 90
399 0.4 180 160 10 20 18.0928 20 0 90
400 0.4 180 180 10 20 18.1983 20 0 90
