#         t         u1         u2         u3        s11        s12        s13        s22        s23        s33
 0.0000e+00  0.000e+00  0.000e+00  0.000e+00  0.000e+00  0.000e+00  0.000e+00  0.000e+00  0.000e+00  0.000e+00
 2.5000e-01  2.262e-03 -5.810e-03 -1.540e-03  2.460e-03  7.590e-03  4.800e-05 -7.900e-03 -4.200e-05 -6.000e-05
 5.0000e-01  4.359e-03 -1.130e-02 -3.028e-03  4.730e-03  1.465e-02  9.300e-05 -1.530e-02 -8.300e-05 -1.170e-04
 7.5000e-01  6.301e-03 -1.650e-02 -4.473e-03  6.810e-03  2.122e-02  1.350e-04 -2.210e-02 -1.230e-04 -1.710e-04
 1.0000e+00  8.102e-03 -2.144e-02 -5.870e-03  8.720e-03  2.734e-02  1.743e-04 -2.840e-02 -1.630e-04 -2.220e-04
 1.2500e+00  9.772e-03 -2.615e-02 -7.220e-03  1.046e-02  3.305e-02  2.112e-04 -3.430e-02 -2.010e-04 -2.710e-04
 1.5000e+00  1.132e-02 -3.063e-02 -8.523e-03  1.203e-02  3.837e-02  2.456e-04 -3.970e-02 -2.380e-04 -3.170e-04
 1.7500e+00  1.276e-02 -3.488e-02 -9.779e-03  1.347e-02  4.335e-02  2.778e-04 -4.480e-02 -2.741e-04 -3.620e-04
 2.0000e+00  1.410e-02 -3.898e-02 -1.099e-02  1.476e-02  4.801e-02  3.079e-04 -4.960e-02 -3.089e-04 -4.040e-04
 2.2500e+00  1.534e-02 -4.298e-02 -1.215e-02  1.592e-02  5.237e-02  3.359e-04 -5.400e-02 -3.428e-04 -4.440e-04
 2.5000e+00  1.650e-02 -4.668e-02 -1.327e-02  1.697e-02  5.647e-02  3.622e-04 -5.810e-02 -3.754e-04 -4.820e-04
 2.7500e+00  1.757e-02 -5.038e-02 -1.435e-02  1.790e-02  6.027e-02  3.868e-04 -6.200e-02 -4.070e-04 -5.180e-04
 3.0000e+00  1.857e-02 -5.378e-02 -1.539e-02  1.873e-02  6.387e-02  4.097e-04 -6.560e-02 -4.375e-04 -5.530e-04
