#         t         u1         u2         u3        s11        s12        s13        s22        s23        s33
 0.0000e+00  0.000e+00  0.000e+00  0.000e+00  0.000e+00  0.000e+00  0.000e+00  0.000e+00  0.000e+00  0.000e+00
 2.5000e-01  4.640e-04 -8.700e-04 -3.750e-04  1.210e-04  8.960e-04 -1.050e-06 -1.570e-03  3.970e-06 -3.210e-05
 5.0000e-01  9.050e-04 -1.720e-03 -7.460e-04  2.340e-04  1.746e-03 -2.010e-06 -3.080e-03  7.640e-06 -6.300e-05
 7.5000e-01  1.325e-03 -2.540e-03 -1.110e-03  3.400e-04  2.554e-03 -2.900e-06 -4.510e-03  1.107e-05 -9.280e-05
 1.0000e+00  1.728e-03 -3.350e-03 -1.467e-03  4.400e-04  3.325e-03 -3.680e-06 -5.890e-03  1.428e-05 -1.214e-04
 1.2500e+00  2.115e-03 -4.130e-03 -1.818e-03  5.350e-04  4.064e-03 -4.400e-06 -7.220e-03  1.729e-05 -1.491e-04
 1.5000e+00  2.488e-03 -4.910e-03 -2.162e-03  6.250e-04  4.770e-03 -5.010e-06 -8.490e-03  2.009e-05 -1.760e-04
 1.7500e+00  2.850e-03 -5.670e-03 -2.498e-03  7.110e-04  5.460e-03 -5.540e-06 -9.720e-03  2.273e-05 -2.020e-04
 2.0000e+00  3.202e-03 -6.420e-03 -2.828e-03  7.930e-04  6.110e-03 -6.000e-06 -1.091e-02  2.512e-05 -2.271e-04
 2.2500e+00  3.543e-03 -7.160e-03 -3.150e-03  8.730e-04  6.750e-03 -6.360e-06 -1.206e-02  2.734e-05 -2.515e-04
 2.5000e+00  3.877e-03 -7.890e-03 -3.466e-03  9.510e-04  7.370e-03 -6.640e-06 -1.318e-02  2.936e-05 -2.751e-04
 2.7500e+00  4.203e-03 -8.610e-03 -3.775e-03  1.026e-03  7.970e-03 -6.850e-06 -1.426e-02  3.122e-05 -2.980e-04
 3.0000e+00  4.522e-03 -9.330e-03 -4.077e-03  1.100e-03  8.550e-03 -6.990e-06 -1.532e-02  3.289e-05 -3.203e-04
