#         t         u1         u2         u3        s11        s12        s13        s22        s23        s33
 0.0000e+00  0.000e+00  0.000e+00  0.000e+00  0.000e+00  0.000e+00  0.000e+00  0.000e+00  0.000e+00  0.000e+00
 2.5000e-01 -5.800e-04  1.757e-03  4.540e-04 -5.196e-03 -3.690e-03  3.940e-05  7.170e-03  7.740e-05  2.390e-05
 5.0000e-01 -1.150e-03  3.353e-03  8.950e-04 -9.996e-03 -7.080e-03  7.610e-05  1.382e-02  1.491e-04  4.690e-05
 7.5000e-01 -1.720e-03  4.798e-03  1.323e-03 -1.443e-02 -1.021e-02  1.099e-04  2.002e-02  2.157e-04  6.920e-05
 1.0000e+00 -2.290e-03  6.105e-03  1.741e-03 -1.852e-02 -1.308e-02  1.414e-04  2.579e-02  2.774e-04  9.090e-05
 1.2500e+00 -2.860e-03  7.284e-03  2.147e-03 -2.231e-02 -1.572e-02  1.704e-04  3.117e-02  3.345e-04  1.120e-04
 1.5000e+00 -3.440e-03  8.344e-03  2.543e-03 -2.581e-02 -1.816e-02  1.973e-04  3.617e-02  3.874e-04  1.326e-04
 1.7500e+00 -4.020e-03  9.295e-03  2.929e-03 -2.906e-02 -2.041e-02  2.222e-04  4.087e-02  4.365e-04  1.527e-04
 2.0000e+00 -4.610e-03  1.015e-02  3.305e-03 -3.207e-02 -2.248e-02  2.453e-04  4.537e-02  4.818e-04  1.724e-04
 2.2500e+00 -5.200e-03  1.090e-02  3.673e-03 -3.487e-02 -2.439e-02  2.666e-04  4.947e-02  5.238e-04  1.916e-04
 2.5000e+00 -5.800e-03  1.157e-02  4.032e-03 -3.747e-02 -2.615e-02  2.865e-04  5.337e-02  5.626e-04  2.104e-04
 2.7500e+00 -6.400e-03  1.217e-02  4.383e-03 -3.989e-02 -2.778e-02  3.048e-04  5.707e-02  5.985e-04  2.288e-04
 3.0000e+00 -7.010e-03  1.269e-02  4.726e-03 -4.215e-02 -2.928e-02  3.219e-04  6.047e-02  6.317e-04  2.469e-04
