#         t         u1         u2         u3        s11        s12        s13        s22        s23        s33
 0.0000e+00  0.000e+00  0.000e+00  0.000e+00  0.000e+00  0.000e+00  0.000e+00  0.000e+00  0.000e+00  0.000e+00
 2.5000e-01 -9.300e-03  1.430e-03  2.670e-03  1.560e-02 -1.020e-03 -1.570e-04 -7.140e-03 -7.440e-05  9.200e-05
 5.0000e-01 -1.790e-02  2.750e-03  5.250e-03  2.990e-02 -1.970e-03 -3.050e-04 -1.357e-02 -1.412e-04  1.800e-04
 7.5000e-01 -2.600e-02  3.980e-03  7.750e-03  4.310e-02 -2.860e-03 -4.440e-04 -1.937e-02 -2.015e-04  2.630e-04
 1.0000e+00 -3.360e-02  5.120e-03  1.017e-02  5.520e-02 -3.690e-03 -5.760e-04 -2.459e-02 -2.557e-04  3.430e-04
 1.2500e+00 -4.070e-02  6.180e-03  1.251e-02  6.630e-02 -4.470e-03 -7.000e-04 -2.926e-02 -3.044e-04  4.200e-04
 1.5000e+00 -4.740e-02  7.170e-03  1.477e-02  7.660e-02 -5.210e-03 -8.180e-04 -3.343e-02 -3.481e-04  4.940e-04
 1.7500e+00 -5.380e-02  8.090e-03  1.695e-02  8.600e-02 -5.900e-03 -9.300e-04 -3.715e-02 -3.875e-04  5.650e-04
 2.0000e+00 -5.970e-02  8.960e-03  1.906e-02  9.480e-02 -6.550e-03 -1.037e-03 -4.043e-02 -4.229e-04  6.340e-04
 2.2500e+00 -6.540e-02  9.770e-03  2.110e-02  1.028e-01 -7.170e-03 -1.138e-03 -4.333e-02 -4.548e-04  7.000e-04
 2.5000e+00 -7.080e-02  1.053e-02  2.306e-02  1.103e-01 -7.760e-03 -1.235e-03 -4.588e-02 -4.834e-04  7.630e-04
 2.7500e+00 -7.590e-02  1.125e-02  2.496e-02  1.172e-01 -8.320e-03 -1.327e-03 -4.810e-02 -5.091e-04  8.250e-04
 3.0000e+00 -8.070e-02  1.192e-02  2.679e-02  1.236e-01 -8.850e-03 -1.416e-03 -5.001e-02 -5.323e-04  8.840e-04
