#         t         u1         u2         u3        s11        s12        s13        s22        s23        s33
 0.0000e+00  0.000e+00  0.000e+00  0.000e+00  0.000e+00  0.000e+00  0.000e+00  0.000e+00  0.000e+00  0.000e+00
 2.5000e-01 -2.350e-03 -2.780e-04  6.700e-04  4.590e-03  1.173e-03  1.080e-05 -9.880e-04 -3.150e-06  5.700e-05
 5.0000e-01 -4.570e-03 -5.380e-04  1.317e-03  8.920e-03  2.269e-03  2.120e-05 -1.898e-03 -6.070e-06  1.114e-04
 7.5000e-01 -6.670e-03 -7.800e-04  1.941e-03  1.302e-02  3.295e-03  3.100e-05 -2.740e-03 -8.850e-06  1.637e-04
 1.0000e+00 -8.670e-03 -1.006e-03  2.543e-03  1.690e-02  4.256e-03  4.040e-05 -3.519e-03 -1.148e-05  2.138e-04
 1.2500e+00 -1.058e-02 -1.218e-03  3.123e-03  2.060e-02  5.158e-03  4.940e-05 -4.245e-03 -1.402e-05  2.620e-04
 1.5000e+00 -1.241e-02 -1.415e-03  3.683e-03  2.411e-02  6.007e-03  5.770e-05 -4.922e-03 -1.646e-05  3.083e-04
 1.7500e+00 -1.417e-02 -1.599e-03  4.224e-03  2.747e-02  6.797e-03  6.550e-05 -5.557e-03 -1.879e-05  3.529e-04
 2.0000e+00 -1.587e-02 -1.770e-03  4.746e-03  3.068e-02  7.547e-03  7.300e-05 -6.154e-03 -2.103e-05  3.959e-04
 2.2500e+00 -1.751e-02 -1.930e-03  5.250e-03  3.376e-02  8.247e-03  7.990e-05 -6.716e-03 -2.320e-05  4.373e-04
 2.5000e+00 -1.911e-02 -2.079e-03  5.737e-03  3.672e-02  8.917e-03  8.640e-05 -7.249e-03 -2.532e-05  4.774e-04
 2.7500e+00 -2.066e-02 -2.218e-03  6.208e-03  3.956e-02  9.537e-03  9.240e-05 -7.754e-03 -2.741e-05  5.160e-04
 3.0000e+00 -2.217e-02 -2.347e-03  6.663e-03  4.230e-02  1.013e-02  9.800e-05 -8.234e-03 -2.941e-05  5.535e-04
