# nb. dgammadot0 x1 x2 x3 length width thickness strike dip
1 0.4 -200 -200 5.06909 20 12.5 20 0 90
2 0.4 -200 -180 6.14351 20 12.5 20 0 90
3 0.4 -200 -160 7.14873 20 12.5 20 0 90
4 0.4 -200 -140 8.00823 20 12.5 20 0 90
5 0.4 -200 -120 8.74116 20 12.5 20 0 90
6 0.4 -200 -100 9.26633 20 12.5 20 0 90
7 0.4 -200 -80 9.59276 20 12.5 20 0 90
8 0.4 -200 -60 9.7471 20 12.5 20 0 90
9 0.4 -200 -40 9.8462 20 12.5 20 0 90
10 0.4 -200 -20 9.91503 20 12.5 20 0 90
11 0.4 -200 0 9.98669 20 12.5 20 0 90
12 0.4 -200 20 9.96369 20 12.5 20 0 90
13 0.4 -200 40 9.8827 20 12.5 20 0 90
14 0.4 -200 60 9.77156 20 12.5 20 0 90
15 0.4 -200 80 9.56158 20 12.5 20 0 90
16 0.4 -200 100 9.18993 20 12.5 20 0 90
17 0.4 -200 120 8.78213 20 12.5 20 0 90
18 0.4 -200 140 8.596 20 12.5 20 0 90
19 0.4 -200 160 8.84698 20 12.5 20 0 90
20 0.4 -200 180 9.5192 20 12.5 20 0 90
21 0.4 -180 -200 5.86751 20 12.5 20 0 90
22 0.4 -180 -180 7.07088 20 12.5 20 0 90
23 0.4 -180 -160 8.20257 20 12.5 20 0 90
24 0.4 -180 -140 9.18198 20 12.5 20 0 90
25 0.4 -180 -120 9.95657 20 12.5 20 0 90
26 0.4 -180 -100 10.4561 20 12.5 20 0 90
27 0.4 -180 -80 10.691 20 12.5 20 0 90
28 0.4 -180 -60 10.7268 20 12.5 20 0 90
29 0.4 -180 -40 10.679 20 12.5 20 0 90
30 0.4 -180 -20 10.6172 20 12.5 20 0 90
31 0.4 -180 0 10.5764 20 12.5 20 0 90
32 0.4 -180 20 10.5038 20 12.5 20 0 90
33 0.4 -180 40 10.4346 20 12.5 20 0 90
34 0.4 -180 60 10.3614 20 12.5 20 0 90
35 0.4 -180 80 10.1295 20 12.5 20 0 90
36 0.4 -180 100 9.6006 20 12.5 20 0 90
37 0.4 -180 120 9.00866 20 12.5 20 0 90
38 0.4 -180 140 8.72903 20 12.5 20 0 90
39 0.4 -180 160 9.05076 20 12.5 20 0 90
40 0.4 -180 180 9.99356 20 12.5 20 0 90
41 0.4 -160 -200 6.7662 20 12.5 20 0 90
42 0.4 -160 -180 8.11233 20 12.5 20 0 90
43 0.4 -160 -160 9.39725 20 12.5 20 0 90
44 0.4 -160 -140 10.5262 20 12.5 20 0 90
45 0.4 -160 -120 11.3649 20 12.5 20 0 90
46 0.4 -160 -100 11.8251 20 12.5 20 0 90
47 0.4 -160 -80 11.9237 20 12.5 20 0 90
48 0.4 -160 -60 11.761 20 12.5 20 0 90
49 0.4 -160 -40 11.4757 20 12.5 20 0 90
50 0.4 -160 -20 11.1819 20 12.5 20 0 90
51 0.4 -160 0 10.9352 20 12.5 20 0 90
52 0.4 -160 20 10.7413 20 12.5 20 0 90
53 0.4 -160 40 10.6434 20 12.5 20 0 90
54 0.4 -160 60 10.6497 20 12.5 20 0 90
55 0.4 -160 80 10.4737 20 12.5 20 0 90
56 0.4 -160 100 9.94519 20 12.5 20 0 90
57 0.4 -160 120 9.38293 20 12.5 20 0 90
58 0.4 -160 140 9.12038 20 12.5 20 0 90
59 0.4 -160 160 9.39525 20 12.5 20 0 90
60 0.4 -160 180 10.3155 20 12.5 20 0 90
61 0.4 -140 -200 7.76089 20 12.5 20 0 90
62 0.4 -140 -180 9.24417 20 12.5 20 0 90
63 0.4 -140 -160 10.6884 20 12.5 20 0 90
64 0.4 -140 -140 11.8576 20 12.5 20 0 90
65 0.4 -140 -120 12.8202 20 12.5 20 0 90
66 0.4 -140 -100 13.2701 20 12.5 20 0 90
67 0.4 -140 -80 13.2056 20 12.5 20 0 90
68 0.4 -140 -60 12.7886 20 12.5 20 0 90
69 0.4 -140 -40 12.2377 20 12.5 20 0 90
70 0.4 -140 -20 11.626 20 12.5 20 0 90
71 0.4 -140 0 11.0678 20 12.5 20 0 90
72 0.4 -140 20 10.5847 20 12.5 20 0 90
73 0.4 -140 40 10.2612 20 12.5 20 0 90
74 0.4 -140 60 10.292 20 12.5 20 0 90
75 0.4 -140 80 10.261 20 12.5 20 0 90
76 0.4 -140 100 10.0163 20 12.5 20 0 90
77 0.4 -140 120 9.79151 20 12.5 20 0 90
78 0.4 -140 140 9.69637 20 12.5 20 0 90
79 0.4 -140 160 9.8648 20 12.5 20 0 90
80 0.4 -140 180 10.5431 20 12.5 20 0 90
81 0.4 -120 -200 8.82558 20 12.5 20 0 90
82 0.4 -120 -180 10.4288 20 12.5 20 0 90
83 0.4 -120 -160 12.0132 20 12.5 20 0 90
84 0.4 -120 -140 13.4039 20 12.5 20 0 90
85 0.4 -120 -120 14.401 20 12.5 20 0 90
86 0.4 -120 -100 14.7956 20 12.5 20 0 90
87 0.4 -120 -80 14.5744 20 12.5 20 0 90
88 0.4 -120 -60 13.9001 20 12.5 20 0 90
89 0.4 -120 -40 13.0015 20 12.5 20 0 90
90 0.4 -120 -20 12.036 20 12.5 20 0 90
91 0.4 -120 0 11.0575 20 12.5 20 0 90
92 0.4 -120 20 10.058 20 12.5 20 0 90
93 0.4 -120 40 9.29892 20 12.5 20 0 90
94 0.4 -120 60 9.09249 20 12.5 20 0 90
95 0.4 -120 80 9.2615 20 12.5 20 0 90
96 0.4 -120 100 9.4976 20 12.5 20 0 90
97 0.4 -120 120 9.79012 20 12.5 20 0 90
98 0.4 -120 140 10.0216 20 12.5 20 0 90
99 0.4 -120 160 10.2313 20 12.5 20 0 90
100 0.4 -120 180 10.7569 20 12.5 20 0 90
101 0.4 -100 -200 9.92286 20 12.5 20 0 90
102 0.4 -100 -180 11.6194 20 12.5 20 0 90
103 0.4 -100 -160 13.3079 20 12.5 20 0 90
104 0.4 -100 -140 14.7594 20 12.5 20 0 90
105 0.4 -100 -120 15.829 20 12.5 20 0 90
106 0.4 -100 -100 16.2094 20 12.5 20 0 90
107 0.4 -100 -80 15.842 20 12.5 20 0 90
108 0.4 -100 -60 14.8877 20 12.5 20 0 90
109 0.4 -100 -40 13.7334 20 12.5 20 0 90
110 0.4 -100 -20 12.4735 20 12.5 20 0 90
111 0.4 -100 0 11.0329 20 12.5 20 0 90
112 0.4 -100 20 9.41226 20 12.5 20 0 90
113 0.4 -100 40 8.08804 20 12.5 20 0 90
114 0.4 -100 60 7.71066 20 12.5 20 0 90
115 0.4 -100 80 8.10101 20 12.5 20 0 90
116 0.4 -100 100 8.75538 20 12.5 20 0 90
117 0.4 -100 120 9.53374 20 12.5 20 0 90
118 0.4 -100 140 10.0792 20 12.5 20 0 90
119 0.4 -100 160 10.5026 20 12.5 20 0 90
120 0.4 -100 180 11.0663 20 12.5 20 0 90
121 0.4 -80 -200 10.9942 20 12.5 20 0 90
122 0.4 -80 -180 12.7562 20 12.5 20 0 90
123 0.4 -80 -160 14.5155 20 12.5 20 0 90
124 0.4 -80 -140 16.0385 20 12.5 20 0 90
125 0.4 -80 -120 17.0568 20 12.5 20 0 90
126 0.4 -80 -100 17.3691 20 12.5 20 0 90
127 0.4 -80 -80 16.8887 20 12.5 20 0 90
128 0.4 -80 -60 15.6461 20 12.5 20 0 90
129 0.4 -80 -40 14.2556 20 12.5 20 0 90
130 0.4 -80 -20 12.8377 20 12.5 20 0 90
131 0.4 -80 0 11.1637 20 12.5 20 0 90
132 0.4 -80 20 9.23857 20 12.5 20 0 90
133 0.4 -80 40 7.7428 20 12.5 20 0 90
134 0.4 -80 60 7.35189 20 12.5 20 0 90
135 0.4 -80 80 7.73526 20 12.5 20 0 90
136 0.4 -80 100 8.52828 20 12.5 20 0 90
137 0.4 -80 120 9.47523 20 12.5 20 0 90
138 0.4 -80 140 10.2947 20 12.5 20 0 90
139 0.4 -80 160 10.9062 20 12.5 20 0 90
140 0.4 -80 180 11.452 20 12.5 20 0 90
141 0.4 -60 -200 11.9757 20 12.5 20 0 90
142 0.4 -60 -180 13.7669 20 12.5 20 0 90
143 0.4 -60 -160 15.5409 20 12.5 20 0 90
144 0.4 -60 -140 16.9927 20 12.5 20 0 90
145 0.4 -60 -120 17.9749 20 12.5 20 0 90
146 0.4 -60 -100 18.2728 20 12.5 20 0 90
147 0.4 -60 -80 17.6935 20 12.5 20 0 90
148 0.4 -60 -60 16.2657 20 12.5 20 0 90
149 0.4 -60 -40 14.5237 20 12.5 20 0 90
150 0.4 -60 -20 13.0264 20 12.5 20 0 90
151 0.4 -60 0 11.5364 20 12.5 20 0 90
152 0.4 -60 20 9.91042 20 12.5 20 0 90
153 0.4 -60 40 8.66971 20 12.5 20 0 90
154 0.4 -60 60 8.29518 20 12.5 20 0 90
155 0.4 -60 80 8.47014 20 12.5 20 0 90
156 0.4 -60 100 9.08456 20 12.5 20 0 90
157 0.4 -60 120 9.93073 20 12.5 20 0 90
158 0.4 -60 140 10.7533 20 12.5 20 0 90
159 0.4 -60 160 11.3925 20 12.5 20 0 90
160 0.4 -60 180 11.8217 20 12.5 20 0 90
161 0.4 -40 -200 12.8246 20 12.5 20 0 90
162 0.4 -40 -180 14.6006 20 12.5 20 0 90
163 0.4 -40 -160 16.3375 20 12.5 20 0 90
164 0.4 -40 -140 17.7419 20 12.5 20 0 90
165 0.4 -40 -120 18.8078 20 12.5 20 0 90
166 0.4 -40 -100 19.2914 20 12.5 20 0 90
167 0.4 -40 -80 18.734 20 12.5 20 0 90
168 0.4 -40 -60 17.0714 20 12.5 20 0 90
169 0.4 -40 -40 14.9814 20 12.5 20 0 90
170 0.4 -40 -20 13.2355 20 12.5 20 0 90
171 0.4 -40 0 11.8071 20 12.5 20 0 90
172 0.4 -40 20 10.5754 20 12.5 20 0 90
173 0.4 -40 40 9.69999 20 12.5 20 0 90
174 0.4 -40 60 9.38078 20 12.5 20 0 90
175 0.4 -40 80 9.49616 20 12.5 20 0 90
176 0.4 -40 100 9.91464 20 12.5 20 0 90
177 0.4 -40 120 10.541 20 12.5 20 0 90
178 0.4 -40 140 11.1781 20 12.5 20 0 90
179 0.4 -40 160 11.6919 20 12.5 20 0 90
180 0.4 -40 180 12.113 20 12.5 20 0 90
181 0.4 -20 -200 13.5161 20 12.5 20 0 90
182 0.4 -20 -180 15.2543 20 12.5 20 0 90
183 0.4 -20 -160 16.9516 20 12.5 20 0 90
184 0.4 -20 -140 18.4809 20 12.5 20 0 90
185 0.4 -20 -120 20.1575 20 12.5 20 0 90
186 0.4 -20 -100 21.43 20 12.5 20 0 90
187 0.4 -20 -80 21.0754 20 12.5 20 0 90
188 0.4 -20 -60 19.0001 20 12.5 20 0 90
189 0.4 -20 -40 16.1562 20 12.5 20 0 90
190 0.4 -20 -20 13.5279 20 12.5 20 0 90
191 0.4 -20 0 11.6232 20 12.5 20 0 90
192 0.4 -20 20 10.4629 20 12.5 20 0 90
193 0.4 -20 40 9.84648 20 12.5 20 0 90
194 0.4 -20 60 9.65361 20 12.5 20 0 90
195 0.4 -20 80 9.81254 20 12.5 20 0 90
196 0.4 -20 100 10.2941 20 12.5 20 0 90
197 0.4 -20 120 10.9317 20 12.5 20 0 90
198 0.4 -20 140 11.4916 20 12.5 20 0 90
199 0.4 -20 160 11.9369 20 12.5 20 0 90
200 0.4 -20 180 12.3449 20 12.5 20 0 90
201 0.4 0 -200 13.9402 20 12.5 20 0 90
202 0.4 0 -180 15.6928 20 12.5 20 0 90
203 0.4 0 -160 17.4647 20 12.5 20 0 90
204 0.4 0 -140 19.1981 20 12.5 20 0 90
205 0.4 0 -120 21.6004 20 12.5 20 0 90
206 0.4 0 -100 23.5216 20 12.5 20 0 90
207 0.4 0 -80 23.2308 20 12.5 20 0 90
208 0.4 0 -60 20.7535 20 12.5 20 0 90
209 0.4 0 -40 17.0974 20 12.5 20 0 90
210 0.4 0 -20 13.4356 20 12.5 20 0 90
211 0.4 0 0 10.9349 20 12.5 20 0 90
212 0.4 0 20 9.84724 20 12.5 20 0 90
213 0.4 0 40 9.58195 20 12.5 20 0 90
214 0.4 0 60 9.66614 20 12.5 20 0 90
215 0.4 0 80 9.96662 20 12.5 20 0 90
216 0.4 0 100 10.5674 20 12.5 20 0 90
217 0.4 0 120 11.3128 20 12.5 20 0 90
218 0.4 0 140 11.8401 20 12.5 20 0 90
219 0.4 0 160 12.18 20 12.5 20 0 90
220 0.4 0 180 12.5133 20 12.5 20 0 90
221 0.4 20 -200 13.8192 20 12.5 20 0 90
222 0.4 20 -180 15.8446 20 12.5 20 0 90
223 0.4 20 -160 18.0733 20 12.5 20 0 90
224 0.4 20 -140 20.259 20 12.5 20 0 90
225 0.4 20 -120 22.2748 20 12.5 20 0 90
226 0.4 20 -100 22.9066 20 12.5 20 0 90
227 0.4 20 -80 21.7368 20 12.5 20 0 90
228 0.4 20 -60 19.447 20 12.5 20 0 90
229 0.4 20 -40 16.4059 20 12.5 20 0 90
230 0.4 20 -20 12.9646 20 12.5 20 0 90
231 0.4 20 0 10.4269 20 12.5 20 0 90
232 0.4 20 20 9.53835 20 12.5 20 0 90
233 0.4 20 40 9.78008 20 12.5 20 0 90
234 0.4 20 60 10.2399 20 12.5 20 0 90
235 0.4 20 80 10.5885 20 12.5 20 0 90
236 0.4 20 100 11.09 20 12.5 20 0 90
237 0.4 20 120 11.8041 20 12.5 20 0 90
238 0.4 20 140 12.3339 20 12.5 20 0 90
239 0.4 20 160 12.5511 20 12.5 20 0 90
240 0.4 20 180 12.7347 20 12.5 20 0 90
241 0.4 40 -200 13.1634 20 12.5 20 0 90
242 0.4 40 -180 15.9742 20 12.5 20 0 90
243 0.4 40 -160 19.168 20 12.5 20 0 90
244 0.4 40 -140 21.3331 20 12.5 20 0 90
245 0.4 40 -120 21.7717 20 12.5 20 0 90
246 0.4 40 -100 19.8232 20 12.5 20 0 90
247 0.4 40 -80 17.0668 20 12.5 20 0 90
248 0.4 40 -60 15.2376 20 12.5 20 0 90
249 0.4 40 -40 13.8296 20 12.5 20 0 90
250 0.4 40 -20 11.8465 20 12.5 20 0 90
251 0.4 40 0 10.1077 20 12.5 20 0 90
252 0.4 40 20 9.73688 20 12.5 20 0 90
253 0.4 40 40 10.5054 20 12.5 20 0 90
254 0.4 40 60 11.2865 20 12.5 20 0 90
255 0.4 40 80 11.5413 20 12.5 20 0 90
256 0.4 40 100 11.7354 20 12.5 20 0 90
257 0.4 40 120 12.276 20 12.5 20 0 90
258 0.4 40 140 12.8284 20 12.5 20 0 90
259 0.4 40 160 13.1102 20 12.5 20 0 90
260 0.4 40 180 13.2655 20 12.5 20 0 90
261 0.4 60 -200 13.3291 20 12.5 20 0 90
262 0.4 60 -180 17.2454 20 12.5 20 0 90
263 0.4 60 -160 21.0599 20 12.5 20 0 90
264 0.4 60 -140 22.6582 20 12.5 20 0 90
265 0.4 60 -120 20.8764 20 12.5 20 0 90
266 0.4 60 -100 16.5198 20 12.5 20 0 90
267 0.4 60 -80 12.5267 20 12.5 20 0 90
268 0.4 60 -60 11.2019 20 12.5 20 0 90
269 0.4 60 -40 11.2478 20 12.5 20 0 90
270 0.4 60 -20 10.8501 20 12.5 20 0 90
271 0.4 60 0 10.0593 20 12.5 20 0 90
272 0.4 60 20 10.0494 20 12.5 20 0 90
273 0.4 60 40 10.9934 20 12.5 20 0 90
274 0.4 60 60 11.8424 20 12.5 20 0 90
275 0.4 60 80 12.0339 20 12.5 20 0 90
276 0.4 60 100 12.135 20 12.5 20 0 90
277 0.4 60 120 12.6596 20 12.5 20 0 90
278 0.4 60 140 13.3217 20 12.5 20 0 90
279 0.4 60 160 13.7532 20 12.5 20 0 90
280 0.4 60 180 13.9363 20 12.5 20 0 90
281 0.4 80 -200 15.3243 20 12.5 20 0 90
282 0.4 80 -180 19.8343 20 12.5 20 0 90
283 0.4 80 -160 22.9789 20 12.5 20 0 90
284 0.4 80 -140 23.3745 20 12.5 20 0 90
285 0.4 80 -120 20.5371 20 12.5 20 0 90
286 0.4 80 -100 15.5622 20 12.5 20 0 90
287 0.4 80 -80 11.3493 20 12.5 20 0 90
288 0.4 80 -60 9.87625 20 12.5 20 0 90
289 0.4 80 -40 10.1493 20 12.5 20 0 90
290 0.4 80 -20 10.4383 20 12.5 20 0 90
291 0.4 80 0 10.2874 20 12.5 20 0 90
292 0.4 80 20 10.3939 20 12.5 20 0 90
293 0.4 80 40 11.0575 20 12.5 20 0 90
294 0.4 80 60 11.688 20 12.5 20 0 90
295 0.4 80 80 11.9169 20 12.5 20 0 90
296 0.4 80 100 12.2903 20 12.5 20 0 90
297 0.4 80 120 13.0454 20 12.5 20 0 90
298 0.4 80 140 13.8232 20 12.5 20 0 90
299 0.4 80 160 14.3442 20 12.5 20 0 90
300 0.4 80 180 14.5166 20 12.5 20 0 90
301 0.4 100 -200 17.606 20 12.5 20 0 90
302 0.4 100 -180 21.4644 20 12.5 20 0 90
303 0.4 100 -160 23.1299 20 12.5 20 0 90
304 0.4 100 -140 22.5032 20 12.5 20 0 90
305 0.4 100 -120 19.8075 20 12.5 20 0 90
306 0.4 100 -100 15.799 20 12.5 20 0 90
307 0.4 100 -80 12.346 20 12.5 20 0 90
308 0.4 100 -60 10.6411 20 12.5 20 0 90
309 0.4 100 -40 10.41 20 12.5 20 0 90
310 0.4 100 -20 10.7081 20 12.5 20 0 90
311 0.4 100 0 10.8669 20 12.5 20 0 90
312 0.4 100 20 11.0236 20 12.5 20 0 90
313 0.4 100 40 11.344 20 12.5 20 0 90
314 0.4 100 60 11.5868 20 12.5 20 0 90
315 0.4 100 80 11.8115 20 12.5 20 0 90
316 0.4 100 100 12.4374 20 12.5 20 0 90
317 0.4 100 120 13.4667 20 12.5 20 0 90
318 0.4 100 140 14.4138 20 12.5 20 0 90
319 0.4 100 160 14.9006 20 12.5 20 0 90
320 0.4 100 180 15.0199 20 12.5 20 0 90
321 0.4 120 -200 17.6121 20 12.5 20 0 90
322 0.4 120 -180 20.5278 20 12.5 20 0 90
323 0.4 120 -160 21.3543 20 12.5 20 0 90
324 0.4 120 -140 20.7235 20 12.5 20 0 90
325 0.4 120 -120 19.0775 20 12.5 20 0 90
326 0.4 120 -100 16.5543 20 12.5 20 0 90
327 0.4 120 -80 13.9217 20 12.5 20 0 90
328 0.4 120 -60 12.0465 20 12.5 20 0 90
329 0.4 120 -40 11.3331 20 12.5 20 0 90
330 0.4 120 -20 11.5103 20 12.5 20 0 90
331 0.4 120 0 11.8535 20 12.5 20 0 90
332 0.4 120 20 12.0331 20 12.5 20 0 90
333 0.4 120 40 12.1188 20 12.5 20 0 90
334 0.4 120 60 12.1439 20 12.5 20 0 90
335 0.4 120 80 12.3098 20 12.5 20 0 90
336 0.4 120 100 12.9991 20 12.5 20 0 90
337 0.4 120 120 14.1223 20 12.5 20 0 90
338 0.4 120 140 15.0842 20 12.5 20 0 90
339 0.4 120 160 15.5439 20 12.5 20 0 90
340 0.4 120 180 15.6136 20 12.5 20 0 90
341 0.4 140 -200 16.2251 20 12.5 20 0 90
342 0.4 140 -180 18.8673 20 12.5 20 0 90
343 0.4 140 -160 20.2189 20 12.5 20 0 90
344 0.4 140 -140 20.5648 20 12.5 20 0 90
345 0.4 140 -120 19.8429 20 12.5 20 0 90
346 0.4 140 -100 18.0518 20 12.5 20 0 90
347 0.4 140 -80 15.7749 20 12.5 20 0 90
348 0.4 140 -60 13.8678 20 12.5 20 0 90
349 0.4 140 -40 12.9197 20 12.5 20 0 90
350 0.4 140 -20 12.8949 20 12.5 20 0 90
351 0.4 140 0 13.1616 20 12.5 20 0 90
352 0.4 140 20 13.2945 20 12.5 20 0 90
353 0.4 140 40 13.355 20 12.5 20 0 90
354 0.4 140 60 13.2801 20 12.5 20 0 90
355 0.4 140 80 13.3023 20 12.5 20 0 90
356 0.4 140 100 13.7751 20 12.5 20 0 90
357 0.4 140 120 14.6796 20 12.5 20 0 90
358 0.4 140 140 15.5419 20 12.5 20 0 90
359 0.4 140 160 16.016 20 12.5 20 0 90
360 0.4 140 180 16.0962 20 12.5 20 0 90
361 0.4 160 -200 17.1792 20 12.5 20 0 90
362 0.4 160 -180 19.6202 20 12.5 20 0 90
363 0.4 160 -160 21.6466 20 12.5 20 0 90
364 0.4 160 -140 22.3839 20 12.5 20 0 90
365 0.4 160 -120 21.4566 20 12.5 20 0 90
366 0.4 160 -100 19.3586 20 12.5 20 0 90
367 0.4 160 -80 16.9819 20 12.5 20 0 90
368 0.4 160 -60 15.1509 20 12.5 20 0 90
369 0.4 160 -40 14.2805 20 12.5 20 0 90
370 0.4 160 -20 14.1725 20 12.5 20 0 90
371 0.4 160 0 14.2559 20 12.5 20 0 90
372 0.4 160 20 14.3242 20 12.5 20 0 90
373 0.4 160 40 14.3386 20 12.5 20 0 90
374 0.4 160 60 14.2134 20 12.5 20 0 90
375 0.4 160 80 14.1045 20 12.5 20 0 90
376 0.4 160 100 14.321 20 12.5 20 0 90
377 0.4 160 120 14.9178 20 12.5 20 0 90
378 0.4 160 140 15.5633 20 12.5 20 0 90
379 0.4 160 160 15.9611 20 12.5 20 0 90
380 0.4 160 180 16.06 20 12.5 20 0 90
381 0.4 180 -200 20.0235 20 12.5 20 0 90
382 0.4 180 -180 21.8074 20 12.5 20 0 90
383 0.4 180 -160 23.8113 20 12.5 20 0 90
384 0.4 180 -140 24.1743 20 12.5 20 0 90
385 0.4 180 -120 22.4541 20 12.5 20 0 90
386 0.4 180 -100 19.6723 20 12.5 20 0 90
387 0.4 180 -80 16.8219 20 12.5 20 0 90
388 0.4 180 -60 15.0024 20 12.5 20 0 90
389 0.4 180 -40 14.3148 20 12.5 20 0 90
390 0.4 180 -20 14.3571 20 12.5 20 0 90
391 0.4 180 0 14.5153 20 12.5 20 0 90
392 0.4 180 20 14.6223 20 12.5 20 0 90
393 0.4 180 40 14.682 20 12.5 20 0 90
394 0.4 180 60 14.6299 20 12.5 20 0 90
395 0.4 180 80 14.553 20 12.5 20 0 90
396 0.4 180 100 14.6538 20 12.5 20 0 90
397 0.4 180 120 14.9617 20 12.5 20 0 90
398 0.4 180 140 15.3283 20 12.5 20 0 90
399 0.4 180 160 15.5928 20 12.5 20 0 90
400 0.4 180 180 15.6983 20 12.5 20 0 90
