#         t         u1         u2         u3        s11        s12        s13        s22        s23        s33
 0.0000e+00  0.000e+00  0.000e+00  0.000e+00  0.000e+00  0.000e+00  0.000e+00  0.000e+00  0.000e+00  0.000e+00
 2.5000e-01  1.127e-03 -3.160e-03 -6.000e-04  5.400e-04  3.810e-03  2.010e-05 -3.100e-03 -1.800e-05 -2.300e-05
 5.0000e-01  2.166e-03 -6.090e-03 -1.170e-03  1.040e-03  7.320e-03  3.880e-05 -6.000e-03 -3.600e-05 -4.400e-05
 7.5000e-01  3.124e-03 -8.830e-03 -1.730e-03  1.500e-03  1.056e-02  5.620e-05 -8.600e-03 -5.200e-05 -6.400e-05
 1.0000e+00  4.010e-03 -1.140e-02 -2.253e-03  1.910e-03  1.357e-02  7.240e-05 -1.100e-02 -6.700e-05 -8.300e-05
 1.2500e+00  4.830e-03 -1.381e-02 -2.756e-03  2.280e-03  1.635e-02  8.750e-05 -1.310e-02 -8.200e-05 -1.000e-04
 1.5000e+00  5.589e-03 -1.608e-02 -3.234e-03  2.610e-03  1.894e-02  1.015e-04 -1.510e-02 -9.600e-05 -1.160e-04
 1.7500e+00  6.293e-03 -1.823e-02 -3.688e-03  2.900e-03  2.136e-02  1.146e-04 -1.690e-02 -1.080e-04 -1.310e-04
 2.0000e+00  6.946e-03 -2.027e-02 -4.119e-03  3.150e-03  2.361e-02  1.269e-04 -1.860e-02 -1.200e-04 -1.450e-04
 2.2500e+00  7.553e-03 -2.221e-02 -4.526e-03  3.360e-03  2.572e-02  1.383e-04 -2.020e-02 -1.320e-04 -1.590e-04
 2.5000e+00  8.112e-03 -2.406e-02 -4.911e-03  3.540e-03  2.769e-02  1.491e-04 -2.160e-02 -1.420e-04 -1.710e-04
 2.7500e+00  8.642e-03 -2.583e-02 -5.273e-03  3.680e-03  2.954e-02  1.592e-04 -2.290e-02 -1.520e-04 -1.830e-04
 3.0000e+00  9.132e-03 -2.752e-02 -5.615e-03  3.800e-03  3.128e-02  1.687e-04 -2.410e-02 -1.620e-04 -1.940e-04
