#         t         u1         u2         u3        s11        s12        s13        s22        s23        s33
 0.0000e+00  0.000e+00  0.000e+00  0.000e+00  0.000e+00  0.000e+00  0.000e+00  0.000e+00  0.000e+00  0.000e+00
 2.5000e-01  3.570e-04 -7.500e-04 -2.090e-04  5.400e-05  5.840e-04  7.000e-07 -9.300e-04  1.260e-06 -1.650e-05
 5.0000e-01  6.920e-04 -1.480e-03 -4.180e-04  1.100e-04  1.132e-03  1.390e-06 -1.810e-03  2.290e-06 -3.210e-05
 7.5000e-01  1.010e-03 -2.170e-03 -6.270e-04  1.660e-04  1.646e-03  2.130e-06 -2.630e-03  3.090e-06 -4.700e-05
 1.0000e+00  1.313e-03 -2.830e-03 -8.340e-04  2.240e-04  2.132e-03  2.890e-06 -3.390e-03  3.670e-06 -6.120e-05
 1.2500e+00  1.601e-03 -3.470e-03 -1.040e-03  2.830e-04  2.593e-03  3.664e-06 -4.110e-03  4.060e-06 -7.480e-05
 1.5000e+00  1.877e-03 -4.100e-03 -1.243e-03  3.420e-04  3.031e-03  4.467e-06 -4.800e-03  4.320e-06 -8.790e-05
 1.7500e+00  2.143e-03 -4.700e-03 -1.444e-03  4.020e-04  3.449e-03  5.288e-06 -5.450e-03  4.410e-06 -1.004e-04
 2.0000e+00  2.399e-03 -5.280e-03 -1.643e-03  4.630e-04  3.850e-03  6.126e-06 -6.060e-03  4.420e-06 -1.124e-04
 2.2500e+00  2.647e-03 -5.860e-03 -1.839e-03  5.250e-04  4.234e-03  6.976e-06 -6.650e-03  4.340e-06 -1.241e-04
 2.5000e+00  2.887e-03 -6.420e-03 -2.031e-03  5.860e-04  4.600e-03  7.843e-06 -7.210e-03  4.050e-06 -1.353e-04
 2.7500e+00  3.121e-03 -6.960e-03 -2.221e-03  6.490e-04  4.960e-03  8.719e-06 -7.740e-03  3.700e-06 -1.461e-04
 3.0000e+00  3.348e-03 -7.500e-03 -2.409e-03  7.110e-04  5.310e-03  9.612e-06 -8.260e-03  3.230e-06 -1.566e-04
