#         t         u1         u2         u3        s11        s12        s13        s22        s23        s33
 0.0000e+00  0.000e+00  0.000e+00  0.000e+00  0.000e+00  0.000e+00  0.000e+00  0.000e+00  0.000e+00  0.000e+00
 2.5000e-01 -9.000e-04  1.204e-03  3.880e-04 -2.399e-03 -2.360e-03  3.260e-05  5.260e-03  2.680e-05  3.660e-05
 5.0000e-01 -1.740e-03  2.306e-03  7.680e-04 -4.618e-03 -4.540e-03  6.210e-05  1.013e-02  5.060e-05  7.150e-05
 7.5000e-01 -2.540e-03  3.316e-03  1.140e-03 -6.676e-03 -6.550e-03  8.900e-05  1.464e-02  7.170e-05  1.048e-04
 1.0000e+00 -3.310e-03  4.241e-03  1.505e-03 -8.587e-03 -8.400e-03  1.134e-04  1.884e-02  9.040e-05  1.368e-04
 1.2500e+00 -4.040e-03  5.088e-03  1.862e-03 -1.037e-02 -1.011e-02  1.354e-04  2.274e-02  1.070e-04  1.674e-04
 1.5000e+00 -4.740e-03  5.864e-03  2.211e-03 -1.203e-02 -1.170e-02  1.555e-04  2.639e-02  1.216e-04  1.969e-04
 1.7500e+00 -5.420e-03  6.575e-03  2.552e-03 -1.358e-02 -1.317e-02  1.735e-04  2.979e-02  1.346e-04  2.251e-04
 2.0000e+00 -6.070e-03  7.227e-03  2.887e-03 -1.502e-02 -1.454e-02  1.898e-04  3.297e-02  1.460e-04  2.523e-04
 2.2500e+00 -6.710e-03  7.824e-03  3.214e-03 -1.638e-02 -1.581e-02  2.047e-04  3.597e-02  1.560e-04  2.785e-04
 2.5000e+00 -7.340e-03  8.371e-03  3.535e-03 -1.766e-02 -1.700e-02  2.179e-04  3.877e-02  1.647e-04  3.038e-04
 2.7500e+00 -7.950e-03  8.872e-03  3.848e-03 -1.885e-02 -1.810e-02  2.299e-04  4.147e-02  1.724e-04  3.283e-04
 3.0000e+00 -8.550e-03  9.331e-03  4.156e-03 -1.998e-02 -1.914e-02  2.409e-04  4.397e-02  1.791e-04  3.518e-04
