#         t         u1         u2         u3        s11        s12        s13        s22        s23        s33
 0.0000e+00  0.000e+00  0.000e+00  0.000e+00  0.000e+00  0.000e+00  0.000e+00  0.000e+00  0.000e+00  0.000e+00
 2.5000e-01 -7.500e-03  1.570e-03  1.910e-03  1.040e-02 -3.150e-03 -1.710e-04 -5.180e-03  8.000e-06  6.500e-05
 5.0000e-01 -1.440e-02  3.050e-03  3.750e-03  1.990e-02 -6.100e-03 -3.270e-04 -9.790e-03  1.490e-05  1.270e-04
 7.5000e-01 -2.080e-02  4.430e-03  5.520e-03  2.860e-02 -8.880e-03 -4.690e-04 -1.390e-02  2.100e-05  1.880e-04
 1.0000e+00 -2.680e-02  5.740e-03  7.230e-03  3.650e-02 -1.150e-02 -5.990e-04 -1.755e-02  2.640e-05  2.480e-04
 1.2500e+00 -3.240e-02  6.970e-03  8.870e-03  4.370e-02 -1.397e-02 -7.180e-04 -2.078e-02  3.130e-05  3.060e-04
 1.5000e+00 -3.760e-02  8.140e-03  1.045e-02  5.040e-02 -1.630e-02 -8.270e-04 -2.362e-02  3.570e-05  3.620e-04
 1.7500e+00 -4.250e-02  9.260e-03  1.198e-02  5.650e-02 -1.852e-02 -9.280e-04 -2.611e-02  3.970e-05  4.170e-04
 2.0000e+00 -4.710e-02  1.032e-02  1.344e-02  6.210e-02 -2.062e-02 -1.020e-03 -2.829e-02  4.350e-05  4.710e-04
 2.2500e+00 -5.150e-02  1.133e-02  1.485e-02  6.720e-02 -2.262e-02 -1.105e-03 -3.018e-02  4.700e-05  5.220e-04
 2.5000e+00 -5.560e-02  1.230e-02  1.621e-02  7.200e-02 -2.452e-02 -1.182e-03 -3.180e-02  5.030e-05  5.720e-04
 2.7500e+00 -5.940e-02  1.323e-02  1.751e-02  7.630e-02 -2.634e-02 -1.254e-03 -3.318e-02  5.350e-05  6.210e-04
 3.0000e+00 -6.310e-02  1.412e-02  1.877e-02  8.030e-02 -2.807e-02 -1.321e-03 -3.435e-02  5.660e-05  6.680e-04
