#         t         u1         u2         u3        s11        s12        s13        s22        s23        s33
 0.0000e+00  0.000e+00  0.000e+00  0.000e+00  0.000e+00  0.000e+00  0.000e+00  0.000e+00  0.000e+00  0.000e+00
 2.5000e-01 -2.080e-03 -2.460e-04  6.530e-04  4.180e-03  1.027e-03  4.600e-06 -9.560e-04 -3.600e-06  5.130e-05
 5.0000e-01 -4.030e-03 -4.690e-04  1.279e-03  8.110e-03  1.972e-03  8.700e-06 -1.829e-03 -6.980e-06  1.004e-04
 7.5000e-01 -5.860e-03 -6.710e-04  1.881e-03  1.181e-02  2.843e-03  1.230e-05 -2.629e-03 -1.011e-05  1.474e-04
 1.0000e+00 -7.580e-03 -8.550e-04  2.458e-03  1.530e-02  3.645e-03  1.540e-05 -3.364e-03 -1.309e-05  1.924e-04
 1.2500e+00 -9.220e-03 -1.020e-03  3.013e-03  1.860e-02  4.386e-03  1.830e-05 -4.043e-03 -1.590e-05  2.356e-04
 1.5000e+00 -1.078e-02 -1.168e-03  3.546e-03  2.174e-02  5.071e-03  2.070e-05 -4.672e-03 -1.859e-05  2.771e-04
 1.7500e+00 -1.227e-02 -1.302e-03  4.058e-03  2.473e-02  5.707e-03  2.260e-05 -5.257e-03 -2.115e-05  3.170e-04
 2.0000e+00 -1.371e-02 -1.421e-03  4.551e-03  2.758e-02  6.287e-03  2.430e-05 -5.802e-03 -2.365e-05  3.554e-04
 2.2500e+00 -1.509e-02 -1.527e-03  5.025e-03  3.031e-02  6.827e-03  2.550e-05 -6.313e-03 -2.606e-05  3.925e-04
 2.5000e+00 -1.642e-02 -1.621e-03  5.482e-03  3.292e-02  7.337e-03  2.630e-05 -6.793e-03 -2.835e-05  4.283e-04
 2.7500e+00 -1.772e-02 -1.703e-03  5.922e-03  3.543e-02  7.797e-03  2.700e-05 -7.245e-03 -3.058e-05  4.630e-04
 3.0000e+00 -1.897e-02 -1.775e-03  6.346e-03  3.784e-02  8.237e-03  2.730e-05 -7.673e-03 -3.277e-05  4.964e-04
