#         t         u1         u2         u3        s11        s12        s13        s22        s23        s33
 0.0000e+00  0.000e+00  0.000e+00  0.000e+00  0.000e+00  0.000e+00  0.000e+00  0.000e+00  0.000e+00  0.000e+00
 1.8430e-04 -1.000e-04  1.000e-05 -1.000e-05 -1.000e-04  0.000e+00 -1.000e-06  1.000e-04  6.000e-07  0.000e+00
 4.2440e-04 -1.000e-04  3.000e-05 -2.000e-05 -1.000e-04  0.000e+00 -1.000e-06  2.000e-04  1.300e-06  0.000e+00
 7.3390e-04 -2.000e-04  5.000e-05 -4.000e-05 -2.000e-04  0.000e+00 -2.000e-06  3.000e-04  2.000e-06  0.000e+00
 1.1210e-03 -2.000e-04  7.000e-05 -7.000e-05 -2.000e-04  0.000e+00 -2.000e-06  4.000e-04  2.800e-06  0.000e+00
 1.5990e-03 -3.000e-04  9.000e-05 -1.000e-04 -2.000e-04  1.000e-05 -3.000e-06  5.000e-04  3.600e-06  0.000e+00
 2.1830e-03 -3.000e-04  1.100e-04 -1.500e-04 -3.000e-04  2.000e-05 -4.000e-06  7.000e-04  4.500e-06  0.000e+00
 2.8920e-03 -4.000e-04  1.400e-04 -2.000e-04 -3.000e-04  4.000e-05 -4.000e-06  9.000e-04  5.500e-06  0.000e+00
 3.7420e-03 -5.000e-04  1.600e-04 -2.700e-04 -3.000e-04  6.000e-05 -5.000e-06  1.200e-03  6.400e-06  0.000e+00
 4.7530e-03 -5.000e-04  1.900e-04 -3.500e-04 -3.000e-04  9.000e-05 -6.000e-06  1.400e-03  7.400e-06  1.000e-06
 5.9490e-03 -6.000e-04  2.200e-04 -4.400e-04 -3.000e-04  1.200e-04 -6.000e-06  1.700e-03  8.300e-06  1.000e-06
 7.3580e-03 -7.000e-04  2.500e-04 -5.500e-04 -2.000e-04  1.600e-04 -7.000e-06  2.000e-03  9.300e-06  2.000e-06
 9.0110e-03 -8.000e-04  2.900e-04 -6.700e-04 -2.000e-04  2.000e-04 -8.000e-06  2.400e-03  1.030e-05  3.000e-06
 1.0940e-02 -9.000e-04  3.200e-04 -8.000e-04 -1.000e-04  2.500e-04 -8.000e-06  2.800e-03  1.120e-05  4.000e-06
 1.3170e-02 -1.000e-03  3.500e-04 -9.400e-04  0.000e+00  3.000e-04 -9.000e-06  3.200e-03  1.210e-05  5.000e-06
 1.5760e-02 -1.100e-03  3.800e-04 -1.100e-03  1.000e-04  3.600e-04 -1.000e-05  3.600e-03  1.300e-05  6.000e-06
 1.8740e-02 -1.200e-03  4.100e-04 -1.280e-03  2.000e-04  4.300e-04 -1.100e-05  4.100e-03  1.380e-05  7.000e-06
 2.2180e-02 -1.300e-03  4.400e-04 -1.460e-03  3.000e-04  5.000e-04 -1.100e-05  4.600e-03  1.460e-05  8.000e-06
 2.6120e-02 -1.400e-03  4.700e-04 -1.660e-03  5.000e-04  5.700e-04 -1.200e-05  5.100e-03  1.530e-05  9.000e-06
 3.0640e-02 -1.500e-03  5.000e-04 -1.870e-03  6.000e-04  6.500e-04 -1.300e-05  5.700e-03  1.590e-05  1.000e-05
 3.5790e-02 -1.600e-03  5.200e-04 -2.100e-03  8.000e-04  7.400e-04 -1.400e-05  6.200e-03  1.650e-05  1.100e-05
 4.1670e-02 -1.800e-03  5.500e-04 -2.330e-03  1.000e-03  8.300e-04 -1.600e-05  6.800e-03  1.700e-05  1.300e-05
 4.8340e-02 -1.900e-03  5.700e-04 -2.580e-03  1.200e-03  9.200e-04 -1.700e-05  7.400e-03  1.740e-05  1.400e-05
 5.5910e-02 -2.000e-03  5.900e-04 -2.840e-03  1.300e-03  1.020e-03 -1.800e-05  8.000e-03  1.770e-05  1.500e-05
 6.4470e-02 -2.200e-03  6.100e-04 -3.100e-03  1.600e-03  1.120e-03 -1.900e-05  8.700e-03  1.790e-05  1.600e-05
 7.4130e-02 -2.300e-03  6.300e-04 -3.380e-03  1.800e-03  1.230e-03 -2.100e-05  9.300e-03  1.810e-05  1.600e-05
 8.5010e-02 -2.500e-03  6.400e-04 -3.660e-03  2.000e-03  1.340e-03 -2.200e-05  1.000e-02  1.810e-05  1.700e-05
 9.7250e-02 -2.600e-03  6.500e-04 -3.960e-03  2.200e-03  1.450e-03 -2.400e-05  1.070e-02  1.810e-05  1.700e-05
 1.1100e-01 -2.800e-03  6.600e-04 -4.260e-03  2.400e-03  1.570e-03 -2.600e-05  1.130e-02  1.800e-05  1.800e-05
 1.2640e-01 -2.900e-03  6.700e-04 -4.560e-03  2.600e-03  1.690e-03 -2.800e-05  1.200e-02  1.780e-05  1.800e-05
 1.4360e-01 -3.100e-03  6.700e-04 -4.880e-03  2.800e-03  1.810e-03 -2.900e-05  1.270e-02  1.760e-05  1.800e-05
 1.6280e-01 -3.300e-03  6.800e-04 -5.200e-03  3.000e-03  1.930e-03 -3.100e-05  1.340e-02  1.720e-05  1.800e-05
 1.8420e-01 -3.400e-03  6.700e-04 -5.530e-03  3.200e-03  2.050e-03 -3.300e-05  1.410e-02  1.690e-05  1.800e-05
 2.0810e-01 -3.600e-03  6.700e-04 -5.860e-03  3.500e-03  2.180e-03 -3.400e-05  1.480e-02  1.640e-05  1.700e-05
 2.3470e-01 -3.800e-03  6.700e-04 -6.190e-03  3.700e-03  2.310e-03 -3.600e-05  1.560e-02  1.580e-05  1.700e-05
 2.6410e-01 -3.900e-03  6.600e-04 -6.540e-03  3.900e-03  2.440e-03 -3.800e-05  1.630e-02  1.520e-05  1.600e-05
 2.9690e-01 -4.100e-03  6.500e-04 -6.880e-03  4.100e-03  2.570e-03 -3.900e-05  1.700e-02  1.450e-05  1.500e-05
 3.3310e-01 -4.200e-03  6.300e-04 -7.240e-03  4.300e-03  2.700e-03 -4.100e-05  1.770e-02  1.380e-05  1.400e-05
 3.7330e-01 -4.400e-03  6.200e-04 -7.590e-03  4.500e-03  2.840e-03 -4.300e-05  1.850e-02  1.310e-05  1.300e-05
 4.1770e-01 -4.600e-03  6.000e-04 -7.960e-03  4.700e-03  2.970e-03 -4.500e-05  1.920e-02  1.230e-05  1.200e-05
 4.6670e-01 -4.700e-03  5.800e-04 -8.320e-03  4.900e-03  3.110e-03 -4.600e-05  1.990e-02  1.140e-05  1.100e-05
 5.2080e-01 -4.900e-03  5.500e-04 -8.690e-03  5.100e-03  3.250e-03 -4.800e-05  2.060e-02  1.040e-05  1.000e-05
 5.8030e-01 -5.000e-03  5.300e-04 -9.060e-03  5.300e-03  3.380e-03 -4.900e-05  2.140e-02  9.500e-06  7.000e-06
 6.4560e-01 -5.200e-03  5.000e-04 -9.440e-03  5.400e-03  3.520e-03 -5.000e-05  2.210e-02  8.400e-06  6.000e-06
 7.1710e-01 -5.300e-03  4.700e-04 -9.820e-03  5.600e-03  3.660e-03 -5.100e-05  2.280e-02  7.200e-06  4.000e-06
 7.9550e-01 -5.500e-03  4.400e-04 -1.020e-02  5.800e-03  3.800e-03 -5.300e-05  2.350e-02  6.100e-06  2.000e-06
 8.8130e-01 -5.600e-03  4.100e-04 -1.058e-02  6.000e-03  3.930e-03 -5.400e-05  2.430e-02  5.000e-06  0.000e+00
 9.7500e-01 -5.800e-03  3.800e-04 -1.096e-02  6.200e-03  4.070e-03 -5.500e-05  2.500e-02  3.800e-06 -3.000e-06
 1.0770e+00 -5.900e-03  3.400e-04 -1.135e-02  6.300e-03  4.210e-03 -5.700e-05  2.570e-02  2.600e-06 -5.000e-06
 1.1890e+00 -6.100e-03  3.000e-04 -1.174e-02  6.500e-03  4.350e-03 -5.800e-05  2.640e-02  1.300e-06 -8.000e-06
 1.3110e+00 -6.200e-03  2.600e-04 -1.213e-02  6.700e-03  4.480e-03 -5.900e-05  2.710e-02  0.000e+00 -1.100e-05
 1.4430e+00 -6.300e-03  2.200e-04 -1.252e-02  6.900e-03  4.620e-03 -6.000e-05  2.780e-02 -1.300e-06 -1.400e-05
 1.5870e+00 -6.500e-03  1.800e-04 -1.292e-02  7.000e-03  4.760e-03 -6.100e-05  2.850e-02 -2.600e-06 -1.700e-05
 1.7430e+00 -6.600e-03  1.400e-04 -1.331e-02  7.200e-03  4.890e-03 -6.200e-05  2.920e-02 -4.100e-06 -2.000e-05
 1.9130e+00 -6.700e-03  9.000e-05 -1.371e-02  7.400e-03  5.030e-03 -6.400e-05  2.990e-02 -5.500e-06 -2.300e-05
 2.0970e+00 -6.800e-03  5.000e-05 -1.411e-02  7.500e-03  5.160e-03 -6.400e-05  3.050e-02 -6.900e-06 -2.600e-05
 2.2960e+00 -6.900e-03  0.000e+00 -1.451e-02  7.700e-03  5.290e-03 -6.500e-05  3.120e-02 -8.300e-06 -3.000e-05
 2.5100e+00 -7.100e-03 -5.000e-05 -1.491e-02  7.900e-03  5.420e-03 -6.600e-05  3.190e-02 -9.800e-06 -3.300e-05
 2.7410e+00 -7.200e-03 -1.000e-04 -1.531e-02  8.000e-03  5.550e-03 -6.700e-05  3.260e-02 -1.130e-05 -3.700e-05
 2.9890e+00 -7.300e-03 -1.500e-04 -1.570e-02  8.200e-03  5.680e-03 -6.900e-05  3.320e-02 -1.270e-05 -4.100e-05
 3.2550e+00 -7.400e-03 -2.000e-04 -1.610e-02  8.400e-03  5.800e-03 -6.900e-05  3.390e-02 -1.410e-05 -4.400e-05
