# nb. dgammadot0 x1 x2 x3 length width thickness strike dip
1 10000000 -200 -200 10 20 7.56909 20 0 90
2 10000000 -200 -180 10 20 8.64351 20 0 90
3 10000000 -200 -160 10 20 9.64873 20 0 90
4 10000000 -200 -140 10 20 10.5082 20 0 90
5 10000000 -200 -120 10 20 11.2412 20 0 90
6 10000000 -200 -100 10 20 11.7663 20 0 90
7 10000000 -200 -80 10 20 12.0928 20 0 90
8 10000000 -200 -60 10 20 12.2471 20 0 90
9 10000000 -200 -40 10 20 12.3462 20 0 90
10 10000000 -200 -20 10 20 12.415 20 0 90
11 10000000 -200 0 10 20 12.4867 20 0 90
12 10000000 -200 20 10 20 12.4637 20 0 90
13 10000000 -200 40 10 20 12.3827 20 0 90
14 10000000 -200 60 10 20 12.2716 20 0 90
15 10000000 -200 80 10 20 12.0616 20 0 90
16 10000000 -200 100 10 20 11.6899 20 0 90
17 10000000 -200 120 10 20 11.2821 20 0 90
18 10000000 -200 140 10 20 11.096 20 0 90
19 10000000 -200 160 10 20 11.347 20 0 90
20 10000000 -200 180 10 20 12.0192 20 0 90
21 10000000 -180 -200 10 20 8.36751 20 0 90
22 10000000 -180 -180 10 20 9.57088 20 0 90
23 10000000 -180 -160 10 20 10.7026 20 0 90
24 10000000 -180 -140 10 20 11.682 20 0 90
25 10000000 -180 -120 10 20 12.4566 20 0 90
26 10000000 -180 -100 10 20 12.9561 20 0 90
27 10000000 -180 -80 10 20 13.191 20 0 90
28 10000000 -180 -60 10 20 13.2268 20 0 90
29 10000000 -180 -40 10 20 13.179 20 0 90
30 10000000 -180 -20 10 20 13.1172 20 0 90
31 10000000 -180 0 10 20 13.0764 20 0 90
32 10000000 -180 20 10 20 13.0038 20 0 90
33 10000000 -180 40 10 20 12.9346 20 0 90
34 10000000 -180 60 10 20 12.8614 20 0 90
35 10000000 -180 80 10 20 12.6295 20 0 90
36 10000000 -180 100 10 20 12.1006 20 0 90
37 10000000 -180 120 10 20 11.5087 20 0 90
38 10000000 -180 140 10 20 11.229 20 0 90
39 10000000 -180 160 10 20 11.5508 20 0 90
40 10000000 -180 180 10 20 12.4936 20 0 90
41 10000000 -160 -200 10 20 9.2662 20 0 90
42 10000000 -160 -180 10 20 10.6123 20 0 90
43 10000000 -160 -160 10 20 11.8973 20 0 90
44 10000000 -160 -140 10 20 13.0262 20 0 90
45 10000000 -160 -120 10 20 13.8649 20 0 90
46 10000000 -160 -100 10 20 14.3251 20 0 90
47 10000000 -160 -80 10 20 14.4237 20 0 90
48 10000000 -160 -60 10 20 14.261 20 0 90
49 10000000 -160 -40 10 20 13.9757 20 0 90
50 10000000 -160 -20 10 20 13.6819 20 0 90
51 10000000 -160 0 10 20 13.4352 20 0 90
52 10000000 -160 20 10 20 13.2413 20 0 90
53 10000000 -160 40 10 20 13.1434 20 0 90
54 10000000 -160 60 10 20 13.1497 20 0 90
55 10000000 -160 80 10 20 12.9737 20 0 90
56 10000000 -160 100 10 20 12.4452 20 0 90
57 10000000 -160 120 10 20 11.8829 20 0 90
58 10000000 -160 140 10 20 11.6204 20 0 90
59 10000000 -160 160 10 20 11.8952 20 0 90
60 10000000 -160 180 10 20 12.8155 20 0 90
61 10000000 -140 -200 10 20 10.2609 20 0 90
62 10000000 -140 -180 10 20 11.7442 20 0 90
63 10000000 -140 -160 10 20 13.1884 20 0 90
64 10000000 -140 -140 10 20 14.3576 20 0 90
65 10000000 -140 -120 10 20 15.3202 20 0 90
66 10000000 -140 -100 10 20 15.7701 20 0 90
67 10000000 -140 -80 10 20 15.7056 20 0 90
68 10000000 -140 -60 10 20 15.2886 20 0 90
69 10000000 -140 -40 10 20 14.7377 20 0 90
70 10000000 -140 -20 10 20 14.126 20 0 90
71 10000000 -140 0 10 20 13.5678 20 0 90
72 10000000 -140 20 10 20 13.0847 20 0 90
73 10000000 -140 40 10 20 12.7612 20 0 90
74 10000000 -140 60 10 20 12.792 20 0 90
75 10000000 -140 80 10 20 12.761 20 0 90
76 10000000 -140 100 10 20 12.5163 20 0 90
77 10000000 -140 120 10 20 12.2915 20 0 90
78 10000000 -140 140 10 20 12.1964 20 0 90
79 10000000 -140 160 10 20 12.3648 20 0 90
80 10000000 -140 180 10 20 13.0431 20 0 90
81 10000000 -120 -200 10 20 11.3256 20 0 90
82 10000000 -120 -180 10 20 12.9288 20 0 90
83 10000000 -120 -160 10 20 14.5132 20 0 90
84 10000000 -120 -140 10 20 15.9039 20 0 90
85 10000000 -120 -120 10 20 16.901 20 0 90
86 10000000 -120 -100 10 20 17.2956 20 0 90
87 10000000 -120 -80 10 20 17.0744 20 0 90
88 10000000 -120 -60 10 20 16.4001 20 0 90
89 10000000 -120 -40 10 20 15.5015 20 0 90
90 10000000 -120 -20 10 20 14.536 20 0 90
91 10000000 -120 0 10 20 13.5575 20 0 90
92 10000000 -120 20 10 20 12.558 20 0 90
93 10000000 -120 40 10 20 11.7989 20 0 90
94 10000000 -120 60 10 20 11.5925 20 0 90
95 10000000 -120 80 10 20 11.7615 20 0 90
96 10000000 -120 100 10 20 11.9976 20 0 90
97 10000000 -120 120 10 20 12.2901 20 0 90
98 10000000 -120 140 10 20 12.5216 20 0 90
99 10000000 -120 160 10 20 12.7313 20 0 90
100 10000000 -120 180 10 20 13.2569 20 0 90
101 10000000 -100 -200 10 20 12.4229 20 0 90
102 10000000 -100 -180 10 20 14.1194 20 0 90
103 10000000 -100 -160 10 20 15.8079 20 0 90
104 10000000 -100 -140 10 20 17.2594 20 0 90
105 10000000 -100 -120 10 20 18.329 20 0 90
106 10000000 -100 -100 10 20 18.7094 20 0 90
107 10000000 -100 -80 10 20 18.342 20 0 90
108 10000000 -100 -60 10 20 17.3877 20 0 90
109 10000000 -100 -40 10 20 16.2334 20 0 90
110 10000000 -100 -20 10 20 14.9735 20 0 90
111 10000000 -100 0 10 20 13.5329 20 0 90
112 10000000 -100 20 10 20 11.9123 20 0 90
113 10000000 -100 40 10 20 10.588 20 0 90
114 10000000 -100 60 10 20 10.2107 20 0 90
115 10000000 -100 80 10 20 10.601 20 0 90
116 10000000 -100 100 10 20 11.2554 20 0 90
117 10000000 -100 120 10 20 12.0337 20 0 90
118 10000000 -100 140 10 20 12.5792 20 0 90
119 10000000 -100 160 10 20 13.0026 20 0 90
120 10000000 -100 180 10 20 13.5663 20 0 90
121 10000000 -80 -200 10 20 13.4942 20 0 90
122 10000000 -80 -180 10 20 15.2562 20 0 90
123 10000000 -80 -160 10 20 17.0155 20 0 90
124 10000000 -80 -140 10 20 18.5385 20 0 90
125 10000000 -80 -120 10 20 19.5568 20 0 90
126 10000000 -80 -100 10 20 19.8691 20 0 90
127 10000000 -80 -80 10 20 19.3887 20 0 90
128 10000000 -80 -60 10 20 18.1461 20 0 90
129 10000000 -80 -40 10 20 16.7556 20 0 90
130 10000000 -80 -20 10 20 15.3377 20 0 90
131 10000000 -80 0 10 20 13.6637 20 0 90
132 10000000 -80 20 10 20 11.7386 20 0 90
133 10000000 -80 40 10 20 10.2428 20 0 90
134 10000000 -80 60 10 20 9.85189 20 0 90
135 10000000 -80 80 10 20 10.2353 20 0 90
136 10000000 -80 100 10 20 11.0283 20 0 90
137 10000000 -80 120 10 20 11.9752 20 0 90
138 10000000 -80 140 10 20 12.7947 20 0 90
139 10000000 -80 160 10 20 13.4062 20 0 90
140 10000000 -80 180 10 20 13.952 20 0 90
141 10000000 -60 -200 10 20 14.4757 20 0 90
142 10000000 -60 -180 10 20 16.2669 20 0 90
143 10000000 -60 -160 10 20 18.0409 20 0 90
144 10000000 -60 -140 10 20 19.4927 20 0 90
145 10000000 -60 -120 10 20 20.4749 20 0 90
146 10000000 -60 -100 10 20 20.7728 20 0 90
147 10000000 -60 -80 10 20 20.1935 20 0 90
148 10000000 -60 -60 10 20 18.7657 20 0 90
149 10000000 -60 -40 10 20 17.0237 20 0 90
150 10000000 -60 -20 10 20 15.5264 20 0 90
151 10000000 -60 0 10 20 14.0364 20 0 90
152 10000000 -60 20 10 20 12.4104 20 0 90
153 10000000 -60 40 10 20 11.1697 20 0 90
154 10000000 -60 60 10 20 10.7952 20 0 90
155 10000000 -60 80 10 20 10.9701 20 0 90
156 10000000 -60 100 10 20 11.5846 20 0 90
157 10000000 -60 120 10 20 12.4307 20 0 90
158 10000000 -60 140 10 20 13.2533 20 0 90
159 10000000 -60 160 10 20 13.8925 20 0 90
160 10000000 -60 180 10 20 14.3217 20 0 90
161 10000000 -40 -200 10 20 15.3246 20 0 90
162 10000000 -40 -180 10 20 17.1006 20 0 90
163 10000000 -40 -160 10 20 18.8375 20 0 90
164 10000000 -40 -140 10 20 20.2419 20 0 90
165 10000000 -40 -120 10 20 21.3078 20 0 90
166 10000000 -40 -100 10 20 21.7914 20 0 90
167 10000000 -40 -80 10 20 21.234 20 0 90
168 10000000 -40 -60 10 20 19.5714 20 0 90
169 10000000 -40 -40 10 20 17.4814 20 0 90
170 10000000 -40 -20 10 20 15.7355 20 0 90
171 10000000 -40 0 10 20 14.3071 20 0 90
172 10000000 -40 20 10 20 13.0754 20 0 90
173 10000000 -40 40 10 20 12.2 20 0 90
174 10000000 -40 60 10 20 11.8808 20 0 90
175 10000000 -40 80 10 20 11.9962 20 0 90
176 10000000 -40 100 10 20 12.4146 20 0 90
177 10000000 -40 120 10 20 13.041 20 0 90
178 10000000 -40 140 10 20 13.6781 20 0 90
179 10000000 -40 160 10 20 14.1919 20 0 90
180 10000000 -40 180 10 20 14.613 20 0 90
181 10000000 -20 -200 10 20 16.0161 20 0 90
182 10000000 -20 -180 10 20 17.7543 20 0 90
183 10000000 -20 -160 10 20 19.4516 20 0 90
184 10000000 -20 -140 10 20 20.9809 20 0 90
185 10000000 -20 -120 10 20 22.6575 20 0 90
186 10000000 -20 -100 10 20 23.93 20 0 90
187 10000000 -20 -80 10 20 23.5754 20 0 90
188 10000000 -20 -60 10 20 21.5001 20 0 90
189 10000000 -20 -40 10 20 18.6562 20 0 90
190 10000000 -20 -20 10 20 16.0279 20 0 90
191 10000000 -20 0 10 20 14.1232 20 0 90
192 10000000 -20 20 10 20 12.9629 20 0 90
193 10000000 -20 40 10 20 12.3465 20 0 90
194 10000000 -20 60 10 20 12.1536 20 0 90
195 10000000 -20 80 10 20 12.3125 20 0 90
196 10000000 -20 100 10 20 12.7941 20 0 90
197 10000000 -20 120 10 20 13.4317 20 0 90
198 10000000 -20 140 10 20 13.9916 20 0 90
199 10000000 -20 160 10 20 14.4369 20 0 90
200 10000000 -20 180 10 20 14.8449 20 0 90
201 10000000 0 -200 10 20 16.4402 20 0 90
202 10000000 0 -180 10 20 18.1928 20 0 90
203 10000000 0 -160 10 20 19.9647 20 0 90
204 10000000 0 -140 10 20 21.6981 20 0 90
205 10000000 0 -120 10 20 24.1004 20 0 90
206 10000000 0 -100 10 20 26.0216 20 0 90
207 10000000 0 -80 10 20 25.7308 20 0 90
208 10000000 0 -60 10 20 23.2535 20 0 90
209 10000000 0 -40 10 20 19.5974 20 0 90
210 10000000 0 -20 10 20 15.9356 20 0 90
211 10000000 0 0 10 20 13.4349 20 0 90
212 10000000 0 20 10 20 12.3472 20 0 90
213 10000000 0 40 10 20 12.082 20 0 90
214 10000000 0 60 10 20 12.1661 20 0 90
215 10000000 0 80 10 20 12.4666 20 0 90
216 10000000 0 100 10 20 13.0674 20 0 90
217 10000000 0 120 10 20 13.8128 20 0 90
218 10000000 0 140 10 20 14.3401 20 0 90
219 10000000 0 160 10 20 14.68 20 0 90
220 10000000 0 180 10 20 15.0133 20 0 90
221 10000000 20 -200 10 20 16.3192 20 0 90
222 10000000 20 -180 10 20 18.3446 20 0 90
223 10000000 20 -160 10 20 20.5733 20 0 90
224 10000000 20 -140 10 20 22.759 20 0 90
225 10000000 20 -120 10 20 24.7748 20 0 90
226 10000000 20 -100 10 20 25.4066 20 0 90
227 10000000 20 -80 10 20 24.2368 20 0 90
228 10000000 20 -60 10 20 21.947 20 0 90
229 10000000 20 -40 10 20 18.9059 20 0 90
230 10000000 20 -20 10 20 15.4646 20 0 90
231 10000000 20 0 10 20 12.9269 20 0 90
232 10000000 20 20 10 20 12.0384 20 0 90
233 10000000 20 40 10 20 12.2801 20 0 90
234 10000000 20 60 10 20 12.7399 20 0 90
235 10000000 20 80 10 20 13.0885 20 0 90
236 10000000 20 100 10 20 13.59 20 0 90
237 10000000 20 120 10 20 14.3041 20 0 90
238 10000000 20 140 10 20 14.8339 20 0 90
239 10000000 20 160 10 20 15.0511 20 0 90
240 10000000 20 180 10 20 15.2347 20 0 90
241 10000000 40 -200 10 20 15.6634 20 0 90
242 10000000 40 -180 10 20 18.4742 20 0 90
243 10000000 40 -160 10 20 21.668 20 0 90
244 10000000 40 -140 10 20 23.8331 20 0 90
245 10000000 40 -120 10 20 24.2717 20 0 90
246 10000000 40 -100 10 20 22.3232 20 0 90
247 10000000 40 -80 10 20 19.5668 20 0 90
248 10000000 40 -60 10 20 17.7376 20 0 90
249 10000000 40 -40 10 20 16.3296 20 0 90
250 10000000 40 -20 10 20 14.3465 20 0 90
251 10000000 40 0 10 20 12.6077 20 0 90
252 10000000 40 20 10 20 12.2369 20 0 90
253 10000000 40 40 10 20 13.0054 20 0 90
254 10000000 40 60 10 20 13.7865 20 0 90
255 10000000 40 80 10 20 14.0413 20 0 90
256 10000000 40 100 10 20 14.2354 20 0 90
257 10000000 40 120 10 20 14.776 20 0 90
258 10000000 40 140 10 20 15.3284 20 0 90
259 10000000 40 160 10 20 15.6102 20 0 90
260 10000000 40 180 10 20 15.7655 20 0 90
261 10000000 60 -200 10 20 15.8291 20 0 90
262 10000000 60 -180 10 20 19.7454 20 0 90
263 10000000 60 -160 10 20 23.5599 20 0 90
264 10000000 60 -140 10 20 25.1582 20 0 90
265 10000000 60 -120 10 20 23.3764 20 0 90
266 10000000 60 -100 10 20 19.0198 20 0 90
267 10000000 60 -80 10 20 15.0267 20 0 90
268 10000000 60 -60 10 20 13.7019 20 0 90
269 10000000 60 -40 10 20 13.7478 20 0 90
270 10000000 60 -20 10 20 13.3501 20 0 90
271 10000000 60 0 10 20 12.5593 20 0 90
272 10000000 60 20 10 20 12.5494 20 0 90
273 10000000 60 40 10 20 13.4934 20 0 90
274 10000000 60 60 10 20 14.3424 20 0 90
275 10000000 60 80 10 20 14.5339 20 0 90
276 10000000 60 100 10 20 14.635 20 0 90
277 10000000 60 120 10 20 15.1596 20 0 90
278 10000000 60 140 10 20 15.8217 20 0 90
279 10000000 60 160 10 20 16.2532 20 0 90
280 10000000 60 180 10 20 16.4363 20 0 90
281 10000000 80 -200 10 20 17.8243 20 0 90
282 10000000 80 -180 10 20 22.3343 20 0 90
283 10000000 80 -160 10 20 25.4789 20 0 90
284 10000000 80 -140 10 20 25.8745 20 0 90
285 10000000 80 -120 10 20 23.0371 20 0 90
286 10000000 80 -100 10 20 18.0622 20 0 90
287 10000000 80 -80 10 20 13.8493 20 0 90
288 10000000 80 -60 10 20 12.3762 20 0 90
289 10000000 80 -40 10 20 12.6493 20 0 90
290 10000000 80 -20 10 20 12.9383 20 0 90
291 10000000 80 0 10 20 12.7874 20 0 90
292 10000000 80 20 10 20 12.8939 20 0 90
293 10000000 80 40 10 20 13.5575 20 0 90
294 10000000 80 60 10 20 14.188 20 0 90
295 10000000 80 80 10 20 14.4169 20 0 90
296 10000000 80 100 10 20 14.7903 20 0 90
297 10000000 80 120 10 20 15.5454 20 0 90
298 10000000 80 140 10 20 16.3232 20 0 90
299 10000000 80 160 10 20 16.8442 20 0 90
300 10000000 80 180 10 20 17.0166 20 0 90
301 10000000 100 -200 10 20 20.106 20 0 90
302 10000000 100 -180 10 20 23.9644 20 0 90
303 10000000 100 -160 10 20 25.6299 20 0 90
304 10000000 100 -140 10 20 25.0032 20 0 90
305 10000000 100 -120 10 20 22.3075 20 0 90
306 10000000 100 -100 10 20 18.299 20 0 90
307 10000000 100 -80 10 20 14.846 20 0 90
308 10000000 100 -60 10 20 13.1411 20 0 90
309 10000000 100 -40 10 20 12.91 20 0 90
310 10000000 100 -20 10 20 13.2081 20 0 90
311 10000000 100 0 10 20 13.3669 20 0 90
312 10000000 100 20 10 20 13.5236 20 0 90
313 10000000 100 40 10 20 13.844 20 0 90
314 10000000 100 60 10 20 14.0868 20 0 90
315 10000000 100 80 10 20 14.3115 20 0 90
316 10000000 100 100 10 20 14.9374 20 0 90
317 10000000 100 120 10 20 15.9667 20 0 90
318 10000000 100 140 10 20 16.9138 20 0 90
319 10000000 100 160 10 20 17.4006 20 0 90
320 10000000 100 180 10 20 17.5199 20 0 90
321 10000000 120 -200 10 20 20.1121 20 0 90
322 10000000 120 -180 10 20 23.0278 20 0 90
323 10000000 120 -160 10 20 23.8543 20 0 90
324 10000000 120 -140 10 20 23.2235 20 0 90
325 10000000 120 -120 10 20 21.5775 20 0 90
326 10000000 120 -100 10 20 19.0543 20 0 90
327 10000000 120 -80 10 20 16.4217 20 0 90
328 10000000 120 -60 10 20 14.5465 20 0 90
329 10000000 120 -40 10 20 13.8331 20 0 90
330 10000000 120 -20 10 20 14.0103 20 0 90
331 10000000 120 0 10 20 14.3535 20 0 90
332 10000000 120 20 10 20 14.5331 20 0 90
333 10000000 120 40 10 20 14.6188 20 0 90
334 10000000 120 60 10 20 14.6439 20 0 90
335 10000000 120 80 10 20 14.8098 20 0 90
336 10000000 120 100 10 20 15.4991 20 0 90
337 10000000 120 120 10 20 16.6223 20 0 90
338 10000000 120 140 10 20 17.5842 20 0 90
339 10000000 120 160 10 20 18.0439 20 0 90
340 10000000 120 180 10 20 18.1136 20 0 90
341 10000000 140 -200 10 20 18.7251 20 0 90
342 10000000 140 -180 10 20 21.3673 20 0 90
343 10000000 140 -160 10 20 22.7189 20 0 90
344 10000000 140 -140 10 20 23.0648 20 0 90
345 10000000 140 -120 10 20 22.3429 20 0 90
346 10000000 140 -100 10 20 20.5518 20 0 90
347 10000000 140 -80 10 20 18.2749 20 0 90
348 10000000 140 -60 10 20 16.3678 20 0 90
349 10000000 140 -40 10 20 15.4197 20 0 90
350 10000000 140 -20 10 20 15.3949 20 0 90
351 10000000 140 0 10 20 15.6616 20 0 90
352 10000000 140 20 10 20 15.7945 20 0 90
353 10000000 140 40 10 20 15.855 20 0 90
354 10000000 140 60 10 20 15.7801 20 0 90
355 10000000 140 80 10 20 15.8023 20 0 90
356 10000000 140 100 10 20 16.2751 20 0 90
357 10000000 140 120 10 20 17.1796 20 0 90
358 10000000 140 140 10 20 18.0419 20 0 90
359 10000000 140 160 10 20 18.516 20 0 90
360 10000000 140 180 10 20 18.5962 20 0 90
361 10000000 160 -200 10 20 19.6792 20 0 90
362 10000000 160 -180 10 20 22.1202 20 0 90
363 10000000 160 -160 10 20 24.1466 20 0 90
364 10000000 160 -140 10 20 24.8839 20 0 90
365 10000000 160 -120 10 20 23.9566 20 0 90
366 10000000 160 -100 10 20 21.8586 20 0 90
367 10000000 160 -80 10 20 19.4819 20 0 90
368 10000000 160 -60 10 20 17.6509 20 0 90
369 10000000 160 -40 10 20 16.7805 20 0 90
370 10000000 160 -20 10 20 16.6725 20 0 90
371 10000000 160 0 10 20 16.7559 20 0 90
372 10000000 160 20 10 20 16.8242 20 0 90
373 10000000 160 40 10 20 16.8386 20 0 90
374 10000000 160 60 10 20 16.7134 20 0 90
375 10000000 160 80 10 20 16.6045 20 0 90
376 10000000 160 100 10 20 16.821 20 0 90
377 10000000 160 120 10 20 17.4178 20 0 90
378 10000000 160 140 10 20 18.0633 20 0 90
379 10000000 160 160 10 20 18.4611 20 0 90
380 10000000 160 180 10 20 18.56 20 0 90
381 10000000 180 -200 10 20 22.5235 20 0 90
382 10000000 180 -180 10 20 24.3074 20 0 90
383 10000000 180 -160 10 20 26.3113 20 0 90
384 10000000 180 -140 10 20 26.6743 20 0 90
385 10000000 180 -120 10 20 24.9541 20 0 90
386 10000000 180 -100 10 20 22.1723 20 0 90
387 10000000 180 -80 10 20 19.3219 20 0 90
388 10000000 180 -60 10 20 17.5024 20 0 90
389 10000000 180 -40 10 20 16.8148 20 0 90
390 10000000 180 -20 10 20 16.8571 20 0 90
391 10000000 180 0 10 20 17.0153 20 0 90
392 10000000 180 20 10 20 17.1223 20 0 90
393 10000000 180 40 10 20 17.182 20 0 90
394 10000000 180 60 10 20 17.1299 20 0 90
395 10000000 180 80 10 20 17.053 20 0 90
396 10000000 180 100 10 20 17.1538 20 0 90
397 10000000 180 120 10 20 17.4617 20 0 90
398 10000000 180 140 10 20 17.8283 20 0 90
399 10000000 180 160 10 20 18.0928 20 0 90
400 10000000 180 180 10 20 18.1983 20 0 90
