SITE    LON      LAT       de(cm) dn(cm)  se(cm)  sn(cm)    source
GOLD  -116.8893 35.4252     3.54   0.16    -0.71  -1.29 WdowinskiEtAl,1997
JPLM  -118.1732 34.2048     3.42   0.15    -0.61   0.53 WdowinskiEtAl,1997
PIN1  -116.4582 33.6122     3.36   0.12     1.61   4.15 WdowinskiEtAl,1997
PIN2  -116.4576 33.6121     3.36   0.17     1.65   4.00 WdowinskiEtAl,1997
ROCH  -116.6098 33.6110     3.36   0.17     2.14   5.70 WdowinskiEtAl,1997
SIO1  -117.2520 32.8670     3.29   0.13     0.92   1.57 WdowinskiEtAl,1997
VNDP  -120.6164 34.5561     3.46   0.23     0.11   0.52 WdowinskiEtAl,1997
PIN1  -116.4582 33.6122     1.40   4.60     0.20   0.10 HudnetEtAl,1994
GOLD  -116.8890 35.4250    -0.80  -1.50     0.20   0.10 HudnetEtAl,1994
JPL1  -118.1730 34.2050    -1.50   0.30     0.20   0.10 HudnetEtAl,1994
SIO2  -117.2520 32.8670     1.00   1.30     0.30   0.20 HudnetEtAl,1994
VNDP  -116.4063 33.9314    -0.40   0.50     0.30   0.20 HudnetEtAl,1994
0618  -118.8681 34.8253    -0.10   1.40     3.00   1.40 HudnetEtAl,1994
0704  -118.5400 34.4072    -5.40   0.40     2.40   1.00 HudnetEtAl,1994
0705  -117.7650 34.4928    -3.00  -1.00     0.80   0.90 HudnetEtAl,1994
0803  -116.4147 35.0719    -1.00 -12.00     1.70   0.90 HudnetEtAl,1994
0805  -117.5292 35.0072    -3.30  -0.30     2.20   1.00 HudnetEtAl,1994
0806  -117.6142 35.3661    -1.50  -1.40     2.40   1.00 HudnetEtAl,1994
0808  -115.9331 34.7278    -1.80  -9.80     2.00   1.00 HudnetEtAl,1994
0818  -117.1042 34.0222     0.60   5.60     0.70   0.80 HudnetEtAl,1994
0819  -117.5475 33.8842    -1.50   3.30     1.00   1.20 HudnetEtAl,1994
0821  -116.5706 33.5614     2.30   5.00     0.70   0.80 HudnetEtAl,1994
1106  -116.8019 32.8444    -1.40   1.90     0.80   0.80 HudnetEtAl,1994
1107  -117.2769 33.1294     0.10   3.00     0.70   0.80 HudnetEtAl,1994
1108  -116.6933 33.2339    -4.30   3.10     0.70   0.80 HudnetEtAl,1994
1109  -116.2469 33.1597    -0.30   1.00     1.00   1.00 HudnetEtAl,1994
1112  -114.5122 33.2572    -0.50  -3.00     2.60   1.30 HudnetEtAl,1994
1113  -115.9639 33.6772     5.90  -5.50     0.90   1.00 HudnetEtAl,1994
1114  -115.2431 33.6808     2.50  -4.20     2.40   1.30 HudnetEtAl,1994
6050  -116.3340 34.2660    49.50 -48.00     9.50   3.70 HudnetEtAl,1994
6052  -116.8400 34.5169   -37.40   2.90     7.40   5.20 HudnetEtAl,1994
6054  -116.4420 34.2040    10.10 129.30     8.00   3.50 HudnetEtAl,1994
6056  -116.6470 34.3700    -9.70  66.30     7.00   3.60 HudnetEtAl,1994
6058  -116.5850 34.0400    13.60  33.30     9.00   5.30 HudnetEtAl,1994
6060  -116.3292 34.1356    42.90 -28.40     9.90   7.40 HudnetEtAl,1994
7000  -116.7160 34.6760   -95.50  15.40    17.70   5.70 HudnetEtAl,1994
7001  -116.4690 34.5600    38.30 -120.20     5.30   3.00 HudnetEtAl,1994
7002  -116.4040 34.3670    57.40 -115.80     7.70   3.10 HudnetEtAl,1994
7007  -116.2250 34.7050     1.70 -22.70     6.20   3.50 HudnetEtAl,1994
AMBO  -115.7422 34.5586     4.60  -7.40     2.20   1.10 HudnetEtAl,1994
ANZA  -116.6618 33.5560    -0.60   7.60     0.90   1.10 HudnetEtAl,1994
BEAR  -116.8840 34.2640    -4.20   9.90     0.30   0.30 HudnetEtAl,1994
BLAC  -115.7200 33.6640     2.10  -3.40     0.40   0.40 HudnetEtAl,1994
BRIN  -117.1390 34.0140    -1.80   3.50     4.90   1.40 HudnetEtAl,1994
CABA  -116.7755 33.9159     6.10  19.80     1.50   1.50 HudnetEtAl,1994
CAJO  -117.4510 34.3470    -6.10  -0.70     0.70   0.90 HudnetEtAl,1994
CHAP  -117.3089 34.1538    -0.10  -0.40     1.50   1.50 HudnetEtAl,1994
CHER  -116.9518 34.0028     4.10  15.40     1.50   2.10 HudnetEtAl,1994
COCH  -116.1583 33.7403     3.80  -1.80     2.70   2.40 HudnetEtAl,1994
CRAF  -117.0855 34.0614     2.70   6.60     1.70   2.10 HudnetEtAl,1994
CRIS  -115.2183 34.0442     2.70  -4.40     2.40   1.20 HudnetEtAl,1994
DASH  -117.0861 33.6356     1.80   5.10     2.20   1.10 HudnetEtAl,1994
DUMP  -116.6630 34.7930   -28.40 -10.00    16.80   5.80 HudnetEtAl,1994
EDM2  -116.4300 33.8700     5.40   5.00     1.70   1.60 HudnetEtAl,1994
ENDD  -114.4814 34.0441     0.00  -5.00     2.50   1.30 HudnetEtAl,1994
GAP  -116.1740 33.7470     3.20  -0.70     2.10   0.90 HudnetEtAl,1994
GARN  -116.5377 33.8978    -5.50  14.40     0.30   0.30 HudnetEtAl,1994
GODW  -115.9315 34.1846     9.80  -7.50     0.70   0.80 HudnetEtAl,1994
HECT  -116.4210 34.7850    -6.80 -32.40     0.50   0.50 HudnetEtAl,1994
HIGH  -117.1693 34.1339     0.60   3.00     1.20   1.50 HudnetEtAl,1994
INA5  -116.5154 34.0041    10.10  26.70     0.80   0.80 HudnetEtAl,1994
INDO  -116.7770 33.7945     2.50  13.40     0.70   0.90 HudnetEtAl,1994
INYO  -117.8117 35.6475    -0.60  -1.60     2.40   1.00 HudnetEtAl,1994
JURU  -117.4430 34.0320     1.30   0.80     1.80   1.10 HudnetEtAl,1994
L290  -117.3286 35.9781     3.20  -1.00     2.00   2.40 HudnetEtAl,1994
LAST  -117.3092 33.8372    -0.50   3.40     0.80   0.90 HudnetEtAl,1994
LAZY  -116.5139 34.3439   -10.30 169.70     0.30   0.30 HudnetEtAl,1994
LIMP  -117.5489 33.9752     1.20   7.80     2.00   2.40 HudnetEtAl,1994
LUCS  -118.8819 34.4394   -25.10  -0.20     1.00   1.20 HudnetEtAl,1994
MATH  -117.4367 33.8566    -1.20   2.30     0.80   0.90 HudnetEtAl,1994
MAUM  -116.4580 34.4190    57.60 -166.70     0.50   0.50 HudnetEtAl,1994
MDAY  -117.7058 34.7429    -2.60   0.10     1.50   1.80 HudnetEtAl,1994
MEEK  -116.6170 34.2580    23.90  65.60     0.70   0.60 HudnetEtAl,1994
MILL  -117.0106 34.0907     5.80   5.70     2.10   2.40 HudnetEtAl,1994
MILU  -117.2920 34.2810    -4.30   0.40     1.90   1.00 HudnetEtAl,1994
NIGU  -117.7303 33.5145    -1.30   2.00     0.80   1.00 HudnetEtAl,1994
OCOT  -115.7961 32.7900    -2.30  -0.30     0.90   0.90 HudnetEtAl,1994
ONYX  -116.7100 34.1930    23.50  33.90     5.20   2.30 HudnetEtAl,1994
PARK  -116.3003 35.8669     1.20  -2.30     3.40   4.20 HudnetEtAl,1994
PAVE  -114.7468 33.4504     2.10  -3.40     2.10   2.50 HudnetEtAl,1994
PEAR  -117.9224 34.5121    -2.10  -0.90     0.80   0.90 HudnetEtAl,1994
PINY  -116.4588 33.6092    -1.30   5.10     1.00   1.20 HudnetEtAl,1994
POIN  -117.0680 34.4540   -14.00  -0.20     0.70   0.90 HudnetEtAl,1994
PORT  -118.1569 35.0872     1.60  -1.30     1.50   1.80 HudnetEtAl,1994
PVER  -118.4035 33.7438    -3.80   1.50     0.50   0.60 HudnetEtAl,1994
PESO  -116.3920 33.6880     3.10   4.60     2.00   0.70 HudnetEtAl,1994
ROCH  -116.6100 33.6080     3.20   5.60     0.50   0.20 HudnetEtAl,1994
ROD2  -114.8280 35.1130     2.10  -3.80     2.70   3.30 HudnetEtAl,1994
ROSA  -117.1889 33.5052    -1.70   6.60     0.90   1.20 HudnetEtAl,1994
ROUN  -118.4769 35.6417     6.80  -1.40     2.40  27.00 HudnetEtAl,1994
SAND  -116.2786 34.2550    41.10 -30.90     0.50   0.40 HudnetEtAl,1994
SANO  -117.5130 34.0182     3.50   2.20     1.50   1.50 HudnetEtAl,1994
SOAP  -116.9810 34.9040    -6.50   2.70     0.80   0.70 HudnetEtAl,1994
STIM  -117.2418 34.5431    -4.00   4.50     1.30   1.50 HudnetEtAl,1994
THOU  -116.2717 33.8893    11.70 -13.50     5.40   5.70 HudnetEtAl,1994
TOM2  -116.6337 33.9249     5.00  19.70     0.80   0.90 HudnetEtAl,1994
VIEW  -116.1880 33.9260     7.00  -9.50     0.40   0.40 HudnetEtAl,1994
WIDE  -116.4063 33.9314     4.30   8.90     0.30   0.30 HudnetEtAl,1994
