#         t         u1         u2         u3        s11        s12        s13        s22        s23        s33
 0.0000e+00  0.000e+00  0.000e+00  0.000e+00  0.000e+00  0.000e+00  0.000e+00  0.000e+00  0.000e+00  0.000e+00
 8.3280e-06  1.000e-06 -1.000e-05  4.000e-06 -4.000e-06  5.000e-06 -2.000e-08 -2.000e-05  0.000e+00 -3.000e-07
 1.8530e-05  3.000e-06 -3.000e-05  9.000e-06 -8.000e-06  1.200e-05 -4.000e-08 -4.000e-05  9.000e-08 -6.000e-07
 3.0980e-05  4.000e-06 -5.000e-05  1.400e-05 -1.200e-05  2.100e-05 -6.000e-08 -6.000e-05  1.200e-07 -9.000e-07
 4.6110e-05  6.000e-06 -8.000e-05  2.000e-05 -1.700e-05  3.000e-05 -9.000e-08 -9.000e-05  2.100e-07 -1.300e-06
 6.4050e-05  8.000e-06 -1.100e-04  2.700e-05 -2.300e-05  4.100e-05 -1.200e-07 -1.200e-04  2.800e-07 -1.700e-06
 8.5090e-05  1.000e-05 -1.400e-04  3.400e-05 -3.000e-05  5.400e-05 -1.500e-07 -1.600e-04  3.800e-07 -2.200e-06
 1.0970e-04  1.200e-05 -1.700e-04  4.200e-05 -3.700e-05  6.800e-05 -2.000e-07 -1.900e-04  4.800e-07 -2.800e-06
 1.3860e-04  1.500e-05 -2.100e-04  5.100e-05 -4.500e-05  8.300e-05 -2.500e-07 -2.400e-04  6.100e-07 -3.400e-06
 1.7240e-04  1.800e-05 -2.500e-04  6.000e-05 -5.400e-05  1.000e-04 -2.900e-07 -2.800e-04  7.600e-07 -4.000e-06
 2.1210e-04  2.100e-05 -3.000e-04  7.000e-05 -6.300e-05  1.190e-04 -3.500e-07 -3.400e-04  9.200e-07 -4.800e-06
 2.5830e-04  2.400e-05 -3.500e-04  8.100e-05 -7.300e-05  1.400e-04 -3.900e-07 -3.900e-04  1.090e-06 -5.700e-06
 3.1240e-04  2.800e-05 -4.100e-04  9.200e-05 -8.400e-05  1.620e-04 -4.600e-07 -4.500e-04  1.260e-06 -6.600e-06
 3.7540e-04  3.200e-05 -4.700e-04  1.040e-04 -9.600e-05  1.870e-04 -5.200e-07 -5.200e-04  1.470e-06 -7.600e-06
 4.4910e-04  3.700e-05 -5.300e-04  1.170e-04 -1.080e-04  2.130e-04 -6.000e-07 -5.800e-04  1.650e-06 -8.600e-06
 5.3510e-04  4.200e-05 -5.900e-04  1.300e-04 -1.210e-04  2.410e-04 -6.700e-07 -6.600e-04  1.850e-06 -9.700e-06
 6.3540e-04  4.700e-05 -6.700e-04  1.440e-04 -1.350e-04  2.710e-04 -7.500e-07 -7.400e-04  2.080e-06 -1.090e-05
 7.5270e-04  5.200e-05 -7.400e-04  1.580e-04 -1.490e-04  3.020e-04 -8.500e-07 -8.200e-04  2.340e-06 -1.220e-05
 8.8960e-04  5.800e-05 -8.200e-04  1.720e-04 -1.640e-04  3.360e-04 -9.400e-07 -9.000e-04  2.590e-06 -1.360e-05
 1.0490e-03  6.500e-05 -9.000e-04  1.870e-04 -1.790e-04  3.710e-04 -1.030e-06 -9.900e-04  2.900e-06 -1.510e-05
 1.2340e-03  7.100e-05 -9.800e-04  2.020e-04 -1.950e-04  4.080e-04 -1.120e-06 -1.090e-03  3.220e-06 -1.660e-05
 1.4490e-03  7.800e-05 -1.070e-03  2.170e-04 -2.110e-04  4.470e-04 -1.230e-06 -1.180e-03  3.540e-06 -1.820e-05
 1.6890e-03  8.500e-05 -1.160e-03  2.320e-04 -2.270e-04  4.850e-04 -1.330e-06 -1.280e-03  3.840e-06 -1.970e-05
 1.9550e-03  9.200e-05 -1.240e-03  2.460e-04 -2.420e-04  5.230e-04 -1.440e-06 -1.370e-03  4.150e-06 -2.130e-05
 2.2500e-03  9.900e-05 -1.320e-03  2.590e-04 -2.570e-04  5.600e-04 -1.540e-06 -1.460e-03  4.480e-06 -2.280e-05
 2.5760e-03  1.060e-04 -1.400e-03  2.720e-04 -2.720e-04  5.970e-04 -1.630e-06 -1.550e-03  4.770e-06 -2.430e-05
 2.9350e-03  1.130e-04 -1.480e-03  2.840e-04 -2.860e-04  6.340e-04 -1.740e-06 -1.640e-03  5.130e-06 -2.580e-05
 3.3290e-03  1.200e-04 -1.560e-03  2.960e-04 -2.990e-04  6.700e-04 -1.840e-06 -1.730e-03  5.450e-06 -2.730e-05
 3.7610e-03  1.270e-04 -1.630e-03  3.060e-04 -3.120e-04  7.050e-04 -1.950e-06 -1.810e-03  5.740e-06 -2.870e-05
 4.2350e-03  1.340e-04 -1.700e-03  3.160e-04 -3.240e-04  7.390e-04 -2.030e-06 -1.890e-03  6.010e-06 -3.010e-05
 4.7520e-03  1.410e-04 -1.770e-03  3.250e-04 -3.360e-04  7.730e-04 -2.130e-06 -1.970e-03  6.260e-06 -3.150e-05
 5.3170e-03  1.480e-04 -1.830e-03  3.340e-04 -3.470e-04  8.060e-04 -2.220e-06 -2.050e-03  6.510e-06 -3.280e-05
 5.9320e-03  1.540e-04 -1.900e-03  3.420e-04 -3.580e-04  8.380e-04 -2.310e-06 -2.120e-03  6.750e-06 -3.410e-05
 6.6020e-03  1.610e-04 -1.960e-03  3.500e-04 -3.680e-04  8.700e-04 -2.400e-06 -2.200e-03  6.990e-06 -3.540e-05
 7.3300e-03  1.670e-04 -2.010e-03  3.560e-04 -3.770e-04  9.010e-04 -2.490e-06 -2.270e-03  7.250e-06 -3.670e-05
 8.1200e-03  1.740e-04 -2.070e-03  3.630e-04 -3.860e-04  9.310e-04 -2.580e-06 -2.330e-03  7.530e-06 -3.790e-05
 8.9770e-03  1.800e-04 -2.120e-03  3.680e-04 -3.950e-04  9.600e-04 -2.670e-06 -2.400e-03  7.740e-06 -3.900e-05
 9.9010e-03  1.870e-04 -2.170e-03  3.730e-04 -4.030e-04  9.880e-04 -2.760e-06 -2.460e-03  7.900e-06 -4.020e-05
 1.0890e-02  1.930e-04 -2.220e-03  3.780e-04 -4.100e-04  1.016e-03 -2.840e-06 -2.520e-03  8.110e-06 -4.130e-05
 1.1950e-02  1.990e-04 -2.260e-03  3.820e-04 -4.170e-04  1.043e-03 -2.930e-06 -2.580e-03  8.300e-06 -4.230e-05
 1.3090e-02  2.050e-04 -2.310e-03  3.860e-04 -4.230e-04  1.068e-03 -3.010e-06 -2.630e-03  8.450e-06 -4.330e-05
 1.4310e-02  2.120e-04 -2.350e-03  3.890e-04 -4.290e-04  1.093e-03 -3.080e-06 -2.690e-03  8.680e-06 -4.420e-05
 1.5600e-02  2.180e-04 -2.380e-03  3.920e-04 -4.340e-04  1.117e-03 -3.160e-06 -2.740e-03  8.930e-06 -4.510e-05
 1.6990e-02  2.240e-04 -2.420e-03  3.940e-04 -4.390e-04  1.141e-03 -3.230e-06 -2.790e-03  9.170e-06 -4.600e-05
 1.8460e-02  2.300e-04 -2.450e-03  3.960e-04 -4.440e-04  1.163e-03 -3.310e-06 -2.830e-03  9.330e-06 -4.670e-05
 2.0030e-02  2.360e-04 -2.480e-03  3.980e-04 -4.480e-04  1.185e-03 -3.390e-06 -2.880e-03  9.530e-06 -4.760e-05
 2.1700e-02  2.420e-04 -2.510e-03  4.000e-04 -4.520e-04  1.207e-03 -3.470e-06 -2.920e-03  9.770e-06 -4.830e-05
 2.3470e-02  2.480e-04 -2.540e-03  4.010e-04 -4.560e-04  1.228e-03 -3.540e-06 -2.960e-03  9.950e-06 -4.910e-05
 2.5350e-02  2.550e-04 -2.560e-03  4.030e-04 -4.590e-04  1.248e-03 -3.620e-06 -3.000e-03  1.009e-05 -4.980e-05
 2.7340e-02  2.610e-04 -2.590e-03  4.040e-04 -4.620e-04  1.267e-03 -3.680e-06 -3.040e-03  1.030e-05 -5.040e-05
 2.9460e-02  2.670e-04 -2.610e-03  4.050e-04 -4.650e-04  1.286e-03 -3.760e-06 -3.070e-03  1.048e-05 -5.100e-05
 3.1690e-02  2.730e-04 -2.630e-03  4.060e-04 -4.680e-04  1.305e-03 -3.830e-06 -3.110e-03  1.064e-05 -5.150e-05
 3.4060e-02  2.800e-04 -2.650e-03  4.070e-04 -4.700e-04  1.323e-03 -3.900e-06 -3.140e-03  1.078e-05 -5.200e-05
 3.6560e-02  2.860e-04 -2.670e-03  4.070e-04 -4.720e-04  1.341e-03 -3.960e-06 -3.170e-03  1.091e-05 -5.250e-05
 3.9200e-02  2.930e-04 -2.680e-03  4.080e-04 -4.740e-04  1.358e-03 -4.020e-06 -3.200e-03  1.113e-05 -5.310e-05
 4.1990e-02  2.990e-04 -2.700e-03  4.090e-04 -4.760e-04  1.375e-03 -4.090e-06 -3.230e-03  1.126e-05 -5.360e-05
 4.4920e-02  3.060e-04 -2.710e-03  4.100e-04 -4.780e-04  1.391e-03 -4.160e-06 -3.260e-03  1.140e-05 -5.390e-05
 4.8020e-02  3.120e-04 -2.730e-03  4.100e-04 -4.800e-04  1.407e-03 -4.220e-06 -3.290e-03  1.154e-05 -5.430e-05
 5.1280e-02  3.190e-04 -2.740e-03  4.110e-04 -4.810e-04  1.423e-03 -4.280e-06 -3.320e-03  1.159e-05 -5.470e-05
 5.4720e-02  3.260e-04 -2.750e-03  4.120e-04 -4.830e-04  1.438e-03 -4.340e-06 -3.340e-03  1.166e-05 -5.490e-05
 5.8330e-02  3.320e-04 -2.760e-03  4.130e-04 -4.840e-04  1.453e-03 -4.390e-06 -3.370e-03  1.176e-05 -5.520e-05
 6.2110e-02  3.390e-04 -2.770e-03  4.140e-04 -4.850e-04  1.468e-03 -4.440e-06 -3.390e-03  1.187e-05 -5.550e-05
 6.6060e-02  3.460e-04 -2.780e-03  4.150e-04 -4.860e-04  1.482e-03 -4.500e-06 -3.410e-03  1.202e-05 -5.570e-05
 7.0160e-02  3.530e-04 -2.790e-03  4.160e-04 -4.870e-04  1.496e-03 -4.550e-06 -3.430e-03  1.211e-05 -5.590e-05
 7.4440e-02  3.590e-04 -2.800e-03  4.180e-04 -4.880e-04  1.510e-03 -4.600e-06 -3.460e-03  1.222e-05 -5.610e-05
 7.8890e-02  3.660e-04 -2.800e-03  4.190e-04 -4.890e-04  1.523e-03 -4.650e-06 -3.480e-03  1.237e-05 -5.620e-05
 8.3510e-02  3.730e-04 -2.810e-03  4.210e-04 -4.900e-04  1.535e-03 -4.700e-06 -3.490e-03  1.247e-05 -5.630e-05
 8.8310e-02  3.790e-04 -2.810e-03  4.220e-04 -4.910e-04  1.548e-03 -4.750e-06 -3.510e-03  1.261e-05 -5.630e-05
 9.3300e-02  3.860e-04 -2.820e-03  4.240e-04 -4.920e-04  1.560e-03 -4.810e-06 -3.530e-03  1.277e-05 -5.640e-05
 9.8470e-02  3.920e-04 -2.820e-03  4.260e-04 -4.920e-04  1.572e-03 -4.850e-06 -3.550e-03  1.279e-05 -5.640e-05
 1.0380e-01  3.990e-04 -2.820e-03  4.280e-04 -4.930e-04  1.583e-03 -4.900e-06 -3.560e-03  1.285e-05 -5.640e-05
 1.0940e-01  4.050e-04 -2.830e-03  4.300e-04 -4.940e-04  1.594e-03 -4.950e-06 -3.580e-03  1.294e-05 -5.640e-05
 1.1520e-01  4.110e-04 -2.830e-03  4.320e-04 -4.950e-04  1.605e-03 -5.000e-06 -3.590e-03  1.307e-05 -5.640e-05
 1.2110e-01  4.180e-04 -2.830e-03  4.350e-04 -4.950e-04  1.616e-03 -5.040e-06 -3.610e-03  1.314e-05 -5.640e-05
 1.2730e-01  4.240e-04 -2.830e-03  4.370e-04 -4.960e-04  1.627e-03 -5.080e-06 -3.620e-03  1.325e-05 -5.630e-05
 1.3370e-01  4.300e-04 -2.830e-03  4.400e-04 -4.970e-04  1.637e-03 -5.120e-06 -3.630e-03  1.329e-05 -5.620e-05
 1.4030e-01  4.360e-04 -2.830e-03  4.430e-04 -4.970e-04  1.647e-03 -5.170e-06 -3.650e-03  1.329e-05 -5.610e-05
 1.4720e-01  4.420e-04 -2.830e-03  4.460e-04 -4.980e-04  1.657e-03 -5.210e-06 -3.660e-03  1.333e-05 -5.600e-05
 1.5420e-01  4.480e-04 -2.830e-03  4.490e-04 -4.980e-04  1.666e-03 -5.250e-06 -3.670e-03  1.339e-05 -5.580e-05
 1.6150e-01  4.540e-04 -2.830e-03  4.520e-04 -4.990e-04  1.675e-03 -5.290e-06 -3.680e-03  1.348e-05 -5.570e-05
 1.6910e-01  4.600e-04 -2.830e-03  4.550e-04 -5.000e-04  1.685e-03 -5.330e-06 -3.690e-03  1.353e-05 -5.550e-05
 1.7680e-01  4.660e-04 -2.830e-03  4.590e-04 -5.000e-04  1.694e-03 -5.360e-06 -3.700e-03  1.360e-05 -5.530e-05
 1.8490e-01  4.710e-04 -2.830e-03  4.620e-04 -5.010e-04  1.702e-03 -5.390e-06 -3.710e-03  1.370e-05 -5.510e-05
 1.9310e-01  4.770e-04 -2.820e-03  4.660e-04 -5.010e-04  1.711e-03 -5.430e-06 -3.720e-03  1.375e-05 -5.480e-05
 2.0170e-01  4.830e-04 -2.820e-03  4.690e-04 -5.020e-04  1.719e-03 -5.460e-06 -3.730e-03  1.383e-05 -5.460e-05
 2.1040e-01  4.880e-04 -2.820e-03  4.730e-04 -5.030e-04  1.727e-03 -5.500e-06 -3.740e-03  1.384e-05 -5.430e-05
 2.1940e-01  4.940e-04 -2.820e-03  4.770e-04 -5.030e-04  1.735e-03 -5.540e-06 -3.750e-03  1.389e-05 -5.400e-05
 2.2860e-01  4.990e-04 -2.810e-03  4.810e-04 -5.040e-04  1.743e-03 -5.560e-06 -3.750e-03  1.397e-05 -5.370e-05
 2.3810e-01  5.040e-04 -2.810e-03  4.850e-04 -5.040e-04  1.751e-03 -5.600e-06 -3.760e-03  1.407e-05 -5.340e-05
 2.4780e-01  5.090e-04 -2.810e-03  4.900e-04 -5.050e-04  1.758e-03 -5.620e-06 -3.770e-03  1.412e-05 -5.320e-05
 2.5780e-01  5.140e-04 -2.800e-03  4.940e-04 -5.050e-04  1.765e-03 -5.640e-06 -3.780e-03  1.418e-05 -5.290e-05
 2.6800e-01  5.190e-04 -2.800e-03  4.980e-04 -5.060e-04  1.772e-03 -5.660e-06 -3.780e-03  1.427e-05 -5.250e-05
 2.7850e-01  5.240e-04 -2.790e-03  5.030e-04 -5.070e-04  1.779e-03 -5.680e-06 -3.790e-03  1.429e-05 -5.210e-05
 2.8920e-01  5.290e-04 -2.790e-03  5.070e-04 -5.070e-04  1.786e-03 -5.710e-06 -3.790e-03  1.434e-05 -5.180e-05
 3.0010e-01  5.330e-04 -2.780e-03  5.120e-04 -5.080e-04  1.793e-03 -5.740e-06 -3.800e-03  1.433e-05 -5.140e-05
 3.1140e-01  5.380e-04 -2.780e-03  5.160e-04 -5.080e-04  1.799e-03 -5.750e-06 -3.800e-03  1.433e-05 -5.110e-05
 3.2290e-01  5.430e-04 -2.770e-03  5.210e-04 -5.090e-04  1.806e-03 -5.770e-06 -3.810e-03  1.435e-05 -5.070e-05
 3.3460e-01  5.470e-04 -2.770e-03  5.260e-04 -5.090e-04  1.812e-03 -5.780e-06 -3.810e-03  1.440e-05 -5.030e-05
 3.4670e-01  5.510e-04 -2.760e-03  5.310e-04 -5.100e-04  1.818e-03 -5.810e-06 -3.820e-03  1.438e-05 -4.990e-05
 3.5900e-01  5.560e-04 -2.760e-03  5.360e-04 -5.100e-04  1.824e-03 -5.830e-06 -3.820e-03  1.438e-05 -4.960e-05
 3.7150e-01  5.600e-04 -2.750e-03  5.410e-04 -5.110e-04  1.830e-03 -5.850e-06 -3.820e-03  1.439e-05 -4.920e-05
 3.8440e-01  5.640e-04 -2.750e-03  5.460e-04 -5.120e-04  1.835e-03 -5.870e-06 -3.830e-03  1.441e-05 -4.890e-05
 3.9750e-01  5.680e-04 -2.740e-03  5.510e-04 -5.120e-04  1.841e-03 -5.900e-06 -3.830e-03  1.447e-05 -4.840e-05
 4.1090e-01  5.720e-04 -2.730e-03  5.560e-04 -5.130e-04  1.846e-03 -5.920e-06 -3.830e-03  1.454e-05 -4.800e-05
 4.2460e-01  5.760e-04 -2.730e-03  5.610e-04 -5.130e-04  1.852e-03 -5.930e-06 -3.840e-03  1.453e-05 -4.760e-05
 4.3860e-01  5.800e-04 -2.720e-03  5.660e-04 -5.140e-04  1.857e-03 -5.950e-06 -3.840e-03  1.453e-05 -4.720e-05
 4.5290e-01  5.830e-04 -2.710e-03  5.710e-04 -5.140e-04  1.862e-03 -5.960e-06 -3.840e-03  1.455e-05 -4.680e-05
 4.6750e-01  5.870e-04 -2.710e-03  5.760e-04 -5.150e-04  1.867e-03 -5.980e-06 -3.850e-03  1.459e-05 -4.630e-05
 4.8240e-01  5.910e-04 -2.700e-03  5.820e-04 -5.150e-04  1.872e-03 -5.990e-06 -3.850e-03  1.464e-05 -4.590e-05
 4.9750e-01  5.940e-04 -2.690e-03  5.870e-04 -5.160e-04  1.877e-03 -6.000e-06 -3.850e-03  1.470e-05 -4.540e-05
 5.1300e-01  5.980e-04 -2.690e-03  5.930e-04 -5.160e-04  1.881e-03 -6.020e-06 -3.850e-03  1.469e-05 -4.500e-05
 5.2880e-01  6.010e-04 -2.680e-03  5.980e-04 -5.170e-04  1.886e-03 -6.030e-06 -3.850e-03  1.469e-05 -4.460e-05
 5.4490e-01  6.040e-04 -2.670e-03  6.030e-04 -5.180e-04  1.891e-03 -6.050e-06 -3.860e-03  1.470e-05 -4.410e-05
 5.6140e-01  6.080e-04 -2.670e-03  6.090e-04 -5.180e-04  1.895e-03 -6.060e-06 -3.860e-03  1.472e-05 -4.370e-05
 5.7810e-01  6.110e-04 -2.660e-03  6.140e-04 -5.190e-04  1.899e-03 -6.070e-06 -3.860e-03  1.477e-05 -4.320e-05
 5.9520e-01  6.140e-04 -2.650e-03  6.200e-04 -5.190e-04  1.904e-03 -6.090e-06 -3.860e-03  1.472e-05 -4.270e-05
 6.1260e-01  6.170e-04 -2.640e-03  6.250e-04 -5.200e-04  1.908e-03 -6.100e-06 -3.860e-03  1.470e-05 -4.220e-05
 6.3030e-01  6.200e-04 -2.640e-03  6.310e-04 -5.200e-04  1.912e-03 -6.120e-06 -3.860e-03  1.469e-05 -4.170e-05
 6.4840e-01  6.230e-04 -2.630e-03  6.370e-04 -5.210e-04  1.916e-03 -6.130e-06 -3.860e-03  1.468e-05 -4.130e-05
 6.6680e-01  6.260e-04 -2.620e-03  6.420e-04 -5.210e-04  1.920e-03 -6.160e-06 -3.860e-03  1.468e-05 -4.080e-05
 6.8560e-01  6.290e-04 -2.610e-03  6.480e-04 -5.220e-04  1.924e-03 -6.170e-06 -3.860e-03  1.469e-05 -4.040e-05
 7.0470e-01  6.320e-04 -2.610e-03  6.540e-04 -5.220e-04  1.928e-03 -6.190e-06 -3.860e-03  1.471e-05 -3.990e-05
 7.2410e-01  6.340e-04 -2.600e-03  6.590e-04 -5.230e-04  1.932e-03 -6.210e-06 -3.870e-03  1.475e-05 -3.940e-05
 7.4400e-01  6.370e-04 -2.590e-03  6.650e-04 -5.240e-04  1.936e-03 -6.210e-06 -3.870e-03  1.479e-05 -3.890e-05
 7.6410e-01  6.400e-04 -2.580e-03  6.710e-04 -5.240e-04  1.939e-03 -6.210e-06 -3.870e-03  1.475e-05 -3.850e-05
 7.8470e-01  6.420e-04 -2.580e-03  6.760e-04 -5.250e-04  1.943e-03 -6.240e-06 -3.870e-03  1.479e-05 -3.790e-05
 8.0560e-01  6.450e-04 -2.570e-03  6.820e-04 -5.250e-04  1.946e-03 -6.250e-06 -3.870e-03  1.486e-05 -3.750e-05
 8.2680e-01  6.470e-04 -2.560e-03  6.880e-04 -5.260e-04  1.950e-03 -6.270e-06 -3.870e-03  1.484e-05 -3.690e-05
 8.4850e-01  6.500e-04 -2.550e-03  6.940e-04 -5.260e-04  1.953e-03 -6.270e-06 -3.870e-03  1.483e-05 -3.640e-05
 8.7050e-01  6.520e-04 -2.540e-03  6.990e-04 -5.270e-04  1.957e-03 -6.270e-06 -3.870e-03  1.482e-05 -3.590e-05
 8.9290e-01  6.550e-04 -2.540e-03  7.050e-04 -5.270e-04  1.960e-03 -6.280e-06 -3.870e-03  1.481e-05 -3.540e-05
 9.1570e-01  6.570e-04 -2.530e-03  7.110e-04 -5.280e-04  1.963e-03 -6.290e-06 -3.870e-03  1.481e-05 -3.490e-05
 9.3890e-01  6.590e-04 -2.520e-03  7.170e-04 -5.280e-04  1.966e-03 -6.300e-06 -3.870e-03  1.482e-05 -3.440e-05
 9.6250e-01  6.620e-04 -2.510e-03  7.230e-04 -5.290e-04  1.970e-03 -6.300e-06 -3.860e-03  1.483e-05 -3.390e-05
 9.8640e-01  6.640e-04 -2.500e-03  7.280e-04 -5.300e-04  1.973e-03 -6.310e-06 -3.860e-03  1.485e-05 -3.350e-05
 1.0110e+00  6.660e-04 -2.500e-03  7.340e-04 -5.300e-04  1.976e-03 -6.310e-06 -3.860e-03  1.488e-05 -3.300e-05
 1.0360e+00  6.680e-04 -2.490e-03  7.400e-04 -5.310e-04  1.979e-03 -6.310e-06 -3.860e-03  1.491e-05 -3.250e-05
 1.0610e+00  6.700e-04 -2.480e-03  7.460e-04 -5.310e-04  1.982e-03 -6.320e-06 -3.860e-03  1.495e-05 -3.200e-05
 1.0860e+00  6.720e-04 -2.470e-03  7.520e-04 -5.320e-04  1.985e-03 -6.340e-06 -3.860e-03  1.498e-05 -3.150e-05
 1.1130e+00  6.740e-04 -2.470e-03  7.570e-04 -5.320e-04  1.988e-03 -6.340e-06 -3.860e-03  1.503e-05 -3.100e-05
 1.1390e+00  6.760e-04 -2.460e-03  7.630e-04 -5.330e-04  1.990e-03 -6.350e-06 -3.860e-03  1.507e-05 -3.050e-05
 1.1660e+00  6.780e-04 -2.450e-03  7.690e-04 -5.330e-04  1.993e-03 -6.360e-06 -3.860e-03  1.504e-05 -3.000e-05
 1.1930e+00  6.800e-04 -2.440e-03  7.750e-04 -5.340e-04  1.996e-03 -6.370e-06 -3.860e-03  1.500e-05 -2.950e-05
 1.2210e+00  6.820e-04 -2.430e-03  7.810e-04 -5.340e-04  1.999e-03 -6.380e-06 -3.860e-03  1.497e-05 -2.900e-05
 1.2490e+00  6.840e-04 -2.420e-03  7.870e-04 -5.350e-04  2.001e-03 -6.380e-06 -3.860e-03  1.493e-05 -2.850e-05
 1.2780e+00  6.860e-04 -2.420e-03  7.920e-04 -5.350e-04  2.004e-03 -6.380e-06 -3.860e-03  1.491e-05 -2.800e-05
 1.3070e+00  6.880e-04 -2.410e-03  7.980e-04 -5.360e-04  2.007e-03 -6.380e-06 -3.850e-03  1.489e-05 -2.750e-05
 1.3370e+00  6.900e-04 -2.400e-03  8.040e-04 -5.360e-04  2.009e-03 -6.390e-06 -3.850e-03  1.486e-05 -2.700e-05
 1.3670e+00  6.910e-04 -2.390e-03  8.100e-04 -5.370e-04  2.012e-03 -6.390e-06 -3.850e-03  1.484e-05 -2.650e-05
 1.3970e+00  6.930e-04 -2.380e-03  8.160e-04 -5.370e-04  2.014e-03 -6.400e-06 -3.850e-03  1.482e-05 -2.600e-05
 1.4280e+00  6.950e-04 -2.380e-03  8.210e-04 -5.380e-04  2.017e-03 -6.410e-06 -3.850e-03  1.481e-05 -2.550e-05
 1.4600e+00  6.960e-04 -2.370e-03  8.270e-04 -5.390e-04  2.019e-03 -6.410e-06 -3.850e-03  1.479e-05 -2.500e-05
 1.4920e+00  6.980e-04 -2.360e-03  8.330e-04 -5.390e-04  2.021e-03 -6.420e-06 -3.850e-03  1.478e-05 -2.450e-05
 1.5240e+00  7.000e-04 -2.350e-03  8.390e-04 -5.400e-04  2.024e-03 -6.440e-06 -3.850e-03  1.477e-05 -2.400e-05
 1.5570e+00  7.010e-04 -2.340e-03  8.440e-04 -5.400e-04  2.026e-03 -6.430e-06 -3.840e-03  1.476e-05 -2.360e-05
 1.5910e+00  7.030e-04 -2.340e-03  8.500e-04 -5.410e-04  2.028e-03 -6.440e-06 -3.840e-03  1.475e-05 -2.310e-05
 1.6250e+00  7.040e-04 -2.330e-03  8.560e-04 -5.410e-04  2.030e-03 -6.430e-06 -3.840e-03  1.474e-05 -2.270e-05
 1.6590e+00  7.060e-04 -2.320e-03  8.620e-04 -5.420e-04  2.033e-03 -6.440e-06 -3.840e-03  1.473e-05 -2.220e-05
 1.6940e+00  7.070e-04 -2.310e-03  8.670e-04 -5.420e-04  2.035e-03 -6.440e-06 -3.840e-03  1.471e-05 -2.170e-05
 1.7300e+00  7.090e-04 -2.300e-03  8.730e-04 -5.430e-04  2.037e-03 -6.440e-06 -3.840e-03  1.471e-05 -2.120e-05
 1.7660e+00  7.100e-04 -2.300e-03  8.790e-04 -5.430e-04  2.039e-03 -6.440e-06 -3.830e-03  1.470e-05 -2.070e-05
 1.8020e+00  7.120e-04 -2.290e-03  8.850e-04 -5.440e-04  2.041e-03 -6.450e-06 -3.830e-03  1.470e-05 -2.020e-05
 1.8390e+00  7.130e-04 -2.280e-03  8.900e-04 -5.440e-04  2.043e-03 -6.450e-06 -3.830e-03  1.461e-05 -1.960e-05
 1.8770e+00  7.150e-04 -2.270e-03  8.960e-04 -5.450e-04  2.045e-03 -6.460e-06 -3.830e-03  1.461e-05 -1.920e-05
 1.9150e+00  7.160e-04 -2.260e-03  9.020e-04 -5.450e-04  2.047e-03 -6.450e-06 -3.830e-03  1.461e-05 -1.870e-05
 1.9540e+00  7.170e-04 -2.260e-03  9.070e-04 -5.460e-04  2.049e-03 -6.450e-06 -3.830e-03  1.461e-05 -1.820e-05
 1.9930e+00  7.190e-04 -2.250e-03  9.130e-04 -5.460e-04  2.051e-03 -6.460e-06 -3.820e-03  1.461e-05 -1.770e-05
 2.0330e+00  7.200e-04 -2.240e-03  9.180e-04 -5.470e-04  2.053e-03 -6.460e-06 -3.820e-03  1.461e-05 -1.730e-05
 2.0740e+00  7.210e-04 -2.230e-03  9.240e-04 -5.470e-04  2.055e-03 -6.460e-06 -3.820e-03  1.461e-05 -1.670e-05
 2.1150e+00  7.220e-04 -2.220e-03  9.300e-04 -5.480e-04  2.057e-03 -6.460e-06 -3.820e-03  1.461e-05 -1.630e-05
 2.1560e+00  7.240e-04 -2.220e-03  9.350e-04 -5.480e-04  2.059e-03 -6.470e-06 -3.820e-03  1.461e-05 -1.580e-05
 2.1990e+00  7.250e-04 -2.210e-03  9.410e-04 -5.490e-04  2.060e-03 -6.480e-06 -3.810e-03  1.461e-05 -1.530e-05
 2.2410e+00  7.260e-04 -2.200e-03  9.460e-04 -5.500e-04  2.062e-03 -6.480e-06 -3.810e-03  1.461e-05 -1.490e-05
 2.2850e+00  7.270e-04 -2.190e-03  9.520e-04 -5.500e-04  2.064e-03 -6.480e-06 -3.810e-03  1.461e-05 -1.440e-05
 2.3290e+00  7.290e-04 -2.180e-03  9.570e-04 -5.510e-04  2.066e-03 -6.480e-06 -3.810e-03  1.461e-05 -1.390e-05
 2.3730e+00  7.300e-04 -2.180e-03  9.630e-04 -5.510e-04  2.067e-03 -6.490e-06 -3.810e-03  1.460e-05 -1.340e-05
 2.4190e+00  7.310e-04 -2.170e-03  9.680e-04 -5.520e-04  2.069e-03 -6.490e-06 -3.800e-03  1.460e-05 -1.290e-05
 2.4640e+00  7.320e-04 -2.160e-03  9.740e-04 -5.520e-04  2.071e-03 -6.490e-06 -3.800e-03  1.460e-05 -1.240e-05
 2.5110e+00  7.330e-04 -2.150e-03  9.790e-04 -5.530e-04  2.072e-03 -6.490e-06 -3.800e-03  1.460e-05 -1.200e-05
 2.5580e+00  7.340e-04 -2.150e-03  9.850e-04 -5.530e-04  2.074e-03 -6.480e-06 -3.800e-03  1.459e-05 -1.160e-05
 2.6060e+00  7.350e-04 -2.140e-03  9.900e-04 -5.540e-04  2.076e-03 -6.480e-06 -3.800e-03  1.457e-05 -1.110e-05
 2.6540e+00  7.370e-04 -2.130e-03  9.960e-04 -5.540e-04  2.077e-03 -6.470e-06 -3.790e-03  1.447e-05 -1.060e-05
 2.7030e+00  7.380e-04 -2.120e-03  1.001e-03 -5.550e-04  2.079e-03 -6.470e-06 -3.790e-03  1.446e-05 -1.020e-05
 2.7530e+00  7.390e-04 -2.110e-03  1.006e-03 -5.550e-04  2.080e-03 -6.460e-06 -3.790e-03  1.445e-05 -9.700e-06
 2.8030e+00  7.400e-04 -2.110e-03  1.012e-03 -5.560e-04  2.082e-03 -6.470e-06 -3.790e-03  1.443e-05 -9.200e-06
 2.8540e+00  7.410e-04 -2.100e-03  1.017e-03 -5.560e-04  2.084e-03 -6.470e-06 -3.780e-03  1.441e-05 -8.700e-06
 2.9060e+00  7.420e-04 -2.090e-03  1.022e-03 -5.570e-04  2.085e-03 -6.460e-06 -3.780e-03  1.440e-05 -8.200e-06
 2.9590e+00  7.430e-04 -2.080e-03  1.028e-03 -5.570e-04  2.087e-03 -6.460e-06 -3.780e-03  1.438e-05 -7.800e-06
 3.0120e+00  7.440e-04 -2.080e-03  1.033e-03 -5.580e-04  2.088e-03 -6.460e-06 -3.780e-03  1.435e-05 -7.300e-06
