#         t         u1         u2         u3        s11        s12        s13        s22        s23        s33
 0.0000e+00  0.000e+00  0.000e+00  0.000e+00  0.000e+00  0.000e+00  0.000e+00  0.000e+00  0.000e+00  0.000e+00
 8.3280e-06 -2.000e-04  1.000e-05  2.000e-05  5.000e-04 -3.000e-05  0.000e+00  0.000e+00 -1.100e-06  3.000e-06
 1.8530e-05 -4.000e-04  2.000e-05  3.000e-05  1.000e-03 -7.000e-05  0.000e+00  0.000e+00 -2.400e-06  6.000e-06
 3.0980e-05 -6.000e-04  4.000e-05  5.000e-05  1.600e-03 -1.100e-04  1.000e-06  0.000e+00 -3.900e-06  1.000e-05
 4.6110e-05 -9.000e-04  6.000e-05  8.000e-05  2.300e-03 -1.600e-04  1.000e-06 -1.000e-04 -5.800e-06  1.500e-05
 6.4050e-05 -1.200e-03  8.000e-05  1.100e-04  3.100e-03 -2.200e-04  2.000e-06 -1.000e-04 -7.900e-06  2.100e-05
 8.5090e-05 -1.500e-03  1.100e-04  1.400e-04  4.000e-03 -2.800e-04  3.000e-06 -1.000e-04 -1.020e-05  2.700e-05
 1.0970e-04 -1.900e-03  1.400e-04  1.800e-04  5.000e-03 -3.500e-04  4.000e-06 -1.000e-04 -1.270e-05  3.500e-05
 1.3860e-04 -2.300e-03  1.700e-04  2.200e-04  6.100e-03 -4.200e-04  5.000e-06 -1.000e-04 -1.560e-05  4.300e-05
 1.7240e-04 -2.800e-03  2.100e-04  2.700e-04  7.400e-03 -4.900e-04  7.000e-06 -1.000e-04 -1.880e-05  5.300e-05
 2.1210e-04 -3.300e-03  2.500e-04  3.300e-04  8.700e-03 -5.600e-04  9.000e-06 -2.000e-04 -2.240e-05  6.300e-05
 2.5830e-04 -3.800e-03  2.900e-04  4.000e-04  1.020e-02 -6.400e-04  1.100e-05 -2.000e-04 -2.630e-05  7.500e-05
 3.1240e-04 -4.400e-03  3.400e-04  4.800e-04  1.180e-02 -7.200e-04  1.300e-05 -2.000e-04 -3.070e-05  8.800e-05
 3.7540e-04 -5.000e-03  4.000e-04  5.700e-04  1.350e-02 -8.000e-04  1.600e-05 -3.000e-04 -3.560e-05  1.030e-04
 4.4910e-04 -5.700e-03  4.500e-04  6.700e-04  1.540e-02 -8.800e-04  1.800e-05 -3.000e-04 -4.100e-05  1.180e-04
 5.3510e-04 -6.400e-03  5.100e-04  7.900e-04  1.740e-02 -9.500e-04  2.100e-05 -4.000e-04 -4.710e-05  1.350e-04
 6.3540e-04 -7.200e-03  5.800e-04  9.300e-04  1.950e-02 -1.020e-03  2.300e-05 -5.000e-04 -5.380e-05  1.540e-04
 7.5270e-04 -8.000e-03  6.500e-04  1.080e-03  2.180e-02 -1.090e-03  2.500e-05 -6.000e-04 -6.130e-05  1.740e-04
 8.8960e-04 -8.900e-03  7.300e-04  1.260e-03  2.420e-02 -1.150e-03  2.700e-05 -7.000e-04 -6.970e-05  1.960e-04
 1.0490e-03 -9.800e-03  8.000e-04  1.450e-03  2.680e-02 -1.200e-03  3.000e-05 -9.000e-04 -7.910e-05  2.190e-04
 1.2340e-03 -1.080e-02  8.900e-04  1.670e-03  2.950e-02 -1.240e-03  3.100e-05 -1.100e-03 -8.960e-05  2.440e-04
 1.4490e-03 -1.180e-02  9.700e-04  1.920e-03  3.230e-02 -1.260e-03  3.200e-05 -1.300e-03 -1.012e-04  2.700e-04
 1.6890e-03 -1.280e-02  1.060e-03  2.180e-03  3.520e-02 -1.280e-03  3.200e-05 -1.600e-03 -1.136e-04  2.970e-04
 1.9550e-03 -1.380e-02  1.150e-03  2.470e-03  3.800e-02 -1.270e-03  3.200e-05 -1.900e-03 -1.269e-04  3.240e-04
 2.2500e-03 -1.480e-02  1.240e-03  2.770e-03  4.090e-02 -1.260e-03  3.000e-05 -2.210e-03 -1.411e-04  3.520e-04
 2.5760e-03 -1.580e-02  1.320e-03  3.090e-03  4.380e-02 -1.240e-03  2.700e-05 -2.570e-03 -1.561e-04  3.800e-04
 2.9350e-03 -1.680e-02  1.410e-03  3.430e-03  4.670e-02 -1.200e-03  2.400e-05 -2.960e-03 -1.722e-04  4.080e-04
 3.3290e-03 -1.780e-02  1.500e-03  3.780e-03  4.960e-02 -1.150e-03  1.900e-05 -3.390e-03 -1.891e-04  4.360e-04
 3.7610e-03 -1.880e-02  1.590e-03  4.160e-03  5.250e-02 -1.100e-03  1.400e-05 -3.860e-03 -2.070e-04  4.650e-04
 4.2350e-03 -1.980e-02  1.680e-03  4.550e-03  5.540e-02 -1.030e-03  6.000e-06 -4.370e-03 -2.260e-04  4.940e-04
 4.7520e-03 -2.090e-02  1.780e-03  4.960e-03  5.840e-02 -9.600e-04 -2.000e-06 -4.920e-03 -2.458e-04  5.220e-04
 5.3170e-03 -2.190e-02  1.870e-03  5.390e-03  6.130e-02 -8.900e-04 -1.200e-05 -5.510e-03 -2.667e-04  5.510e-04
 5.9320e-03 -2.290e-02  1.970e-03  5.840e-03  6.420e-02 -8.100e-04 -2.200e-05 -6.140e-03 -2.887e-04  5.790e-04
 6.6020e-03 -2.390e-02  2.060e-03  6.310e-03  6.710e-02 -7.400e-04 -3.500e-05 -6.810e-03 -3.116e-04  6.070e-04
 7.3300e-03 -2.490e-02  2.160e-03  6.800e-03  7.010e-02 -6.600e-04 -4.900e-05 -7.530e-03 -3.356e-04  6.350e-04
 8.1200e-03 -2.590e-02  2.270e-03  7.300e-03  7.300e-02 -5.900e-04 -6.400e-05 -8.290e-03 -3.605e-04  6.630e-04
 8.9770e-03 -2.690e-02  2.370e-03  7.830e-03  7.590e-02 -5.200e-04 -8.100e-05 -9.100e-03 -3.863e-04  6.910e-04
 9.9010e-03 -2.800e-02  2.480e-03  8.370e-03  7.880e-02 -4.600e-04 -1.000e-04 -9.950e-03 -4.131e-04  7.180e-04
 1.0890e-02 -2.900e-02  2.590e-03  8.930e-03  8.170e-02 -4.000e-04 -1.210e-04 -1.083e-02 -4.404e-04  7.440e-04
 1.1950e-02 -3.000e-02  2.710e-03  9.500e-03  8.450e-02 -3.600e-04 -1.420e-04 -1.175e-02 -4.683e-04  7.700e-04
 1.3090e-02 -3.100e-02  2.830e-03  1.009e-02  8.740e-02 -3.300e-04 -1.650e-04 -1.271e-02 -4.969e-04  7.950e-04
 1.4310e-02 -3.200e-02  2.950e-03  1.069e-02  9.020e-02 -3.100e-04 -1.900e-04 -1.370e-02 -5.259e-04  8.200e-04
 1.5600e-02 -3.310e-02  3.080e-03  1.130e-02  9.290e-02 -3.100e-04 -2.170e-04 -1.473e-02 -5.553e-04  8.440e-04
 1.6990e-02 -3.410e-02  3.210e-03  1.192e-02  9.570e-02 -3.300e-04 -2.440e-04 -1.578e-02 -5.851e-04  8.670e-04
 1.8460e-02 -3.510e-02  3.350e-03  1.256e-02  9.840e-02 -3.600e-04 -2.740e-04 -1.687e-02 -6.151e-04  8.890e-04
 2.0030e-02 -3.610e-02  3.490e-03  1.321e-02  1.011e-01 -4.100e-04 -3.050e-04 -1.799e-02 -6.454e-04  9.100e-04
 2.1700e-02 -3.710e-02  3.640e-03  1.387e-02  1.037e-01 -4.800e-04 -3.370e-04 -1.914e-02 -6.758e-04  9.310e-04
 2.3470e-02 -3.820e-02  3.800e-03  1.454e-02  1.063e-01 -5.800e-04 -3.710e-04 -2.031e-02 -7.062e-04  9.510e-04
 2.5350e-02 -3.920e-02  3.960e-03  1.523e-02  1.089e-01 -6.900e-04 -4.050e-04 -2.150e-02 -7.366e-04  9.700e-04
 2.7340e-02 -4.020e-02  4.130e-03  1.592e-02  1.115e-01 -8.300e-04 -4.410e-04 -2.272e-02 -7.670e-04  9.890e-04
 2.9460e-02 -4.130e-02  4.300e-03  1.662e-02  1.140e-01 -9.800e-04 -4.780e-04 -2.396e-02 -7.971e-04  1.007e-03
 3.1690e-02 -4.230e-02  4.490e-03  1.733e-02  1.165e-01 -1.170e-03 -5.170e-04 -2.521e-02 -8.269e-04  1.023e-03
 3.4060e-02 -4.340e-02  4.680e-03  1.805e-02  1.189e-01 -1.370e-03 -5.560e-04 -2.648e-02 -8.564e-04  1.039e-03
 3.6560e-02 -4.440e-02  4.870e-03  1.878e-02  1.213e-01 -1.600e-03 -5.960e-04 -2.776e-02 -8.855e-04  1.054e-03
 3.9200e-02 -4.550e-02  5.080e-03  1.951e-02  1.237e-01 -1.850e-03 -6.370e-04 -2.906e-02 -9.142e-04  1.069e-03
 4.1990e-02 -4.650e-02  5.290e-03  2.025e-02  1.260e-01 -2.130e-03 -6.790e-04 -3.036e-02 -9.423e-04  1.083e-03
 4.4920e-02 -4.760e-02  5.510e-03  2.100e-02  1.283e-01 -2.430e-03 -7.220e-04 -3.167e-02 -9.698e-04  1.096e-03
 4.8020e-02 -4.870e-02  5.740e-03  2.175e-02  1.306e-01 -2.750e-03 -7.660e-04 -3.298e-02 -9.966e-04  1.108e-03
 5.1280e-02 -4.970e-02  5.970e-03  2.250e-02  1.328e-01 -3.090e-03 -8.100e-04 -3.430e-02 -1.023e-03  1.120e-03
 5.4720e-02 -5.080e-02  6.220e-03  2.326e-02  1.350e-01 -3.460e-03 -8.540e-04 -3.561e-02 -1.048e-03  1.131e-03
 5.8330e-02 -5.190e-02  6.470e-03  2.403e-02  1.372e-01 -3.850e-03 -8.990e-04 -3.692e-02 -1.073e-03  1.142e-03
 6.2110e-02 -5.300e-02  6.730e-03  2.479e-02  1.393e-01 -4.260e-03 -9.440e-04 -3.822e-02 -1.097e-03  1.152e-03
 6.6060e-02 -5.410e-02  6.990e-03  2.555e-02  1.413e-01 -4.690e-03 -9.890e-04 -3.950e-02 -1.120e-03  1.162e-03
 7.0160e-02 -5.520e-02  7.260e-03  2.631e-02  1.433e-01 -5.130e-03 -1.034e-03 -4.077e-02 -1.141e-03  1.171e-03
 7.4440e-02 -5.630e-02  7.530e-03  2.706e-02  1.452e-01 -5.590e-03 -1.079e-03 -4.201e-02 -1.162e-03  1.180e-03
 7.8890e-02 -5.730e-02  7.820e-03  2.781e-02  1.471e-01 -6.060e-03 -1.123e-03 -4.324e-02 -1.182e-03  1.188e-03
 8.3510e-02 -5.840e-02  8.100e-03  2.855e-02  1.490e-01 -6.550e-03 -1.168e-03 -4.444e-02 -1.201e-03  1.197e-03
 8.8310e-02 -5.950e-02  8.390e-03  2.929e-02  1.508e-01 -7.050e-03 -1.212e-03 -4.562e-02 -1.219e-03  1.204e-03
 9.3300e-02 -6.050e-02  8.690e-03  3.002e-02  1.525e-01 -7.560e-03 -1.257e-03 -4.677e-02 -1.236e-03  1.212e-03
 9.8470e-02 -6.160e-02  8.990e-03  3.074e-02  1.542e-01 -8.080e-03 -1.300e-03 -4.790e-02 -1.252e-03  1.219e-03
 1.0380e-01 -6.270e-02  9.290e-03  3.146e-02  1.559e-01 -8.610e-03 -1.343e-03 -4.901e-02 -1.267e-03  1.225e-03
 1.0940e-01 -6.370e-02  9.600e-03  3.218e-02  1.575e-01 -9.150e-03 -1.386e-03 -5.009e-02 -1.281e-03  1.232e-03
 1.1520e-01 -6.480e-02  9.910e-03  3.289e-02  1.591e-01 -9.690e-03 -1.429e-03 -5.114e-02 -1.294e-03  1.238e-03
 1.2110e-01 -6.580e-02  1.023e-02  3.359e-02  1.606e-01 -1.025e-02 -1.470e-03 -5.217e-02 -1.307e-03  1.245e-03
 1.2730e-01 -6.680e-02  1.055e-02  3.428e-02  1.621e-01 -1.081e-02 -1.511e-03 -5.317e-02 -1.319e-03  1.251e-03
 1.3370e-01 -6.790e-02  1.087e-02  3.497e-02  1.636e-01 -1.138e-02 -1.552e-03 -5.414e-02 -1.330e-03  1.257e-03
 1.4030e-01 -6.890e-02  1.120e-02  3.565e-02  1.650e-01 -1.195e-02 -1.592e-03 -5.509e-02 -1.340e-03  1.263e-03
 1.4720e-01 -7.000e-02  1.153e-02  3.632e-02  1.664e-01 -1.253e-02 -1.632e-03 -5.600e-02 -1.350e-03  1.269e-03
 1.5420e-01 -7.100e-02  1.186e-02  3.699e-02  1.678e-01 -1.311e-02 -1.671e-03 -5.689e-02 -1.359e-03  1.275e-03
 1.6150e-01 -7.200e-02  1.220e-02  3.765e-02  1.691e-01 -1.369e-02 -1.709e-03 -5.776e-02 -1.367e-03  1.281e-03
 1.6910e-01 -7.300e-02  1.254e-02  3.830e-02  1.704e-01 -1.428e-02 -1.748e-03 -5.859e-02 -1.375e-03  1.286e-03
 1.7680e-01 -7.400e-02  1.288e-02  3.894e-02  1.717e-01 -1.486e-02 -1.785e-03 -5.940e-02 -1.382e-03  1.292e-03
 1.8490e-01 -7.500e-02  1.322e-02  3.958e-02  1.729e-01 -1.546e-02 -1.821e-03 -6.018e-02 -1.389e-03  1.298e-03
 1.9310e-01 -7.610e-02  1.357e-02  4.020e-02  1.741e-01 -1.605e-02 -1.858e-03 -6.094e-02 -1.395e-03  1.304e-03
 2.0170e-01 -7.710e-02  1.391e-02  4.082e-02  1.753e-01 -1.664e-02 -1.893e-03 -6.167e-02 -1.401e-03  1.310e-03
 2.1040e-01 -7.800e-02  1.426e-02  4.143e-02  1.764e-01 -1.723e-02 -1.928e-03 -6.236e-02 -1.406e-03  1.316e-03
 2.1940e-01 -7.900e-02  1.461e-02  4.203e-02  1.775e-01 -1.781e-02 -1.963e-03 -6.304e-02 -1.410e-03  1.322e-03
 2.2860e-01 -8.000e-02  1.496e-02  4.262e-02  1.786e-01 -1.840e-02 -1.996e-03 -6.368e-02 -1.414e-03  1.328e-03
 2.3810e-01 -8.100e-02  1.531e-02  4.320e-02  1.797e-01 -1.898e-02 -2.029e-03 -6.430e-02 -1.418e-03  1.334e-03
 2.4780e-01 -8.190e-02  1.565e-02  4.378e-02  1.807e-01 -1.956e-02 -2.060e-03 -6.489e-02 -1.422e-03  1.340e-03
 2.5780e-01 -8.290e-02  1.600e-02  4.434e-02  1.817e-01 -2.014e-02 -2.092e-03 -6.546e-02 -1.425e-03  1.346e-03
 2.6800e-01 -8.380e-02  1.635e-02  4.489e-02  1.827e-01 -2.071e-02 -2.123e-03 -6.600e-02 -1.427e-03  1.353e-03
 2.7850e-01 -8.480e-02  1.670e-02  4.544e-02  1.836e-01 -2.128e-02 -2.153e-03 -6.652e-02 -1.430e-03  1.359e-03
 2.8920e-01 -8.570e-02  1.705e-02  4.597e-02  1.846e-01 -2.185e-02 -2.183e-03 -6.701e-02 -1.432e-03  1.365e-03
 3.0010e-01 -8.670e-02  1.740e-02  4.650e-02  1.855e-01 -2.241e-02 -2.213e-03 -6.748e-02 -1.433e-03  1.371e-03
 3.1140e-01 -8.760e-02  1.774e-02  4.701e-02  1.863e-01 -2.296e-02 -2.242e-03 -6.793e-02 -1.435e-03  1.378e-03
 3.2290e-01 -8.850e-02  1.809e-02  4.752e-02  1.872e-01 -2.352e-02 -2.271e-03 -6.836e-02 -1.436e-03  1.385e-03
 3.3460e-01 -8.940e-02  1.843e-02  4.802e-02  1.880e-01 -2.406e-02 -2.299e-03 -6.876e-02 -1.437e-03  1.391e-03
 3.4670e-01 -9.030e-02  1.878e-02  4.851e-02  1.889e-01 -2.461e-02 -2.326e-03 -6.915e-02 -1.438e-03  1.397e-03
 3.5900e-01 -9.120e-02  1.912e-02  4.900e-02  1.897e-01 -2.515e-02 -2.353e-03 -6.952e-02 -1.439e-03  1.404e-03
 3.7150e-01 -9.210e-02  1.947e-02  4.947e-02  1.904e-01 -2.568e-02 -2.380e-03 -6.986e-02 -1.439e-03  1.411e-03
 3.8440e-01 -9.290e-02  1.981e-02  4.994e-02  1.912e-01 -2.621e-02 -2.406e-03 -7.019e-02 -1.440e-03  1.418e-03
 3.9750e-01 -9.380e-02  2.015e-02  5.039e-02  1.920e-01 -2.673e-02 -2.432e-03 -7.050e-02 -1.440e-03  1.424e-03
 4.1090e-01 -9.470e-02  2.049e-02  5.085e-02  1.927e-01 -2.725e-02 -2.456e-03 -7.080e-02 -1.440e-03  1.431e-03
 4.2460e-01 -9.550e-02  2.083e-02  5.129e-02  1.934e-01 -2.777e-02 -2.481e-03 -7.107e-02 -1.440e-03  1.438e-03
 4.3860e-01 -9.640e-02  2.117e-02  5.172e-02  1.941e-01 -2.828e-02 -2.505e-03 -7.133e-02 -1.440e-03  1.445e-03
 4.5290e-01 -9.720e-02  2.150e-02  5.215e-02  1.948e-01 -2.878e-02 -2.528e-03 -7.158e-02 -1.440e-03  1.452e-03
 4.6750e-01 -9.810e-02  2.184e-02  5.257e-02  1.954e-01 -2.928e-02 -2.552e-03 -7.181e-02 -1.439e-03  1.459e-03
 4.8240e-01 -9.890e-02  2.217e-02  5.298e-02  1.961e-01 -2.978e-02 -2.575e-03 -7.202e-02 -1.439e-03  1.466e-03
 4.9750e-01 -9.970e-02  2.250e-02  5.339e-02  1.967e-01 -3.027e-02 -2.598e-03 -7.222e-02 -1.438e-03  1.473e-03
 5.1300e-01 -1.005e-01  2.284e-02  5.379e-02  1.973e-01 -3.075e-02 -2.620e-03 -7.241e-02 -1.438e-03  1.481e-03
 5.2880e-01 -1.013e-01  2.317e-02  5.418e-02  1.980e-01 -3.123e-02 -2.642e-03 -7.258e-02 -1.437e-03  1.488e-03
 5.4490e-01 -1.021e-01  2.349e-02  5.457e-02  1.986e-01 -3.171e-02 -2.664e-03 -7.274e-02 -1.436e-03  1.496e-03
 5.6140e-01 -1.029e-01  2.382e-02  5.495e-02  1.991e-01 -3.218e-02 -2.685e-03 -7.289e-02 -1.436e-03  1.503e-03
 5.7810e-01 -1.037e-01  2.415e-02  5.532e-02  1.997e-01 -3.264e-02 -2.706e-03 -7.302e-02 -1.434e-03  1.510e-03
 5.9520e-01 -1.045e-01  2.447e-02  5.569e-02  2.003e-01 -3.310e-02 -2.726e-03 -7.315e-02 -1.434e-03  1.517e-03
 6.1260e-01 -1.053e-01  2.479e-02  5.605e-02  2.008e-01 -3.356e-02 -2.747e-03 -7.326e-02 -1.433e-03  1.524e-03
 6.3030e-01 -1.061e-01  2.512e-02  5.640e-02  2.013e-01 -3.401e-02 -2.767e-03 -7.336e-02 -1.431e-03  1.532e-03
 6.4840e-01 -1.069e-01  2.544e-02  5.675e-02  2.019e-01 -3.446e-02 -2.786e-03 -7.346e-02 -1.430e-03  1.539e-03
 6.6680e-01 -1.076e-01  2.575e-02  5.709e-02  2.024e-01 -3.490e-02 -2.806e-03 -7.354e-02 -1.429e-03  1.546e-03
 6.8560e-01 -1.084e-01  2.607e-02  5.743e-02  2.029e-01 -3.534e-02 -2.825e-03 -7.361e-02 -1.428e-03  1.553e-03
 7.0470e-01 -1.092e-01  2.639e-02  5.776e-02  2.034e-01 -3.577e-02 -2.844e-03 -7.367e-02 -1.427e-03  1.560e-03
 7.2410e-01 -1.099e-01  2.670e-02  5.808e-02  2.039e-01 -3.620e-02 -2.863e-03 -7.373e-02 -1.426e-03  1.567e-03
 7.4400e-01 -1.106e-01  2.701e-02  5.840e-02  2.043e-01 -3.662e-02 -2.881e-03 -7.377e-02 -1.425e-03  1.574e-03
 7.6410e-01 -1.114e-01  2.732e-02  5.871e-02  2.048e-01 -3.704e-02 -2.899e-03 -7.381e-02 -1.424e-03  1.582e-03
 7.8470e-01 -1.121e-01  2.763e-02  5.902e-02  2.052e-01 -3.746e-02 -2.917e-03 -7.384e-02 -1.422e-03  1.589e-03
 8.0560e-01 -1.129e-01  2.794e-02  5.933e-02  2.057e-01 -3.787e-02 -2.935e-03 -7.386e-02 -1.421e-03  1.596e-03
 8.2680e-01 -1.136e-01  2.825e-02  5.962e-02  2.061e-01 -3.828e-02 -2.952e-03 -7.387e-02 -1.420e-03  1.604e-03
 8.4850e-01 -1.143e-01  2.855e-02  5.992e-02  2.065e-01 -3.868e-02 -2.969e-03 -7.387e-02 -1.419e-03  1.611e-03
 8.7050e-01 -1.150e-01  2.886e-02  6.021e-02  2.069e-01 -3.908e-02 -2.985e-03 -7.387e-02 -1.418e-03  1.618e-03
 8.9290e-01 -1.157e-01  2.916e-02  6.049e-02  2.074e-01 -3.947e-02 -3.002e-03 -7.386e-02 -1.417e-03  1.625e-03
 9.1570e-01 -1.164e-01  2.946e-02  6.077e-02  2.077e-01 -3.986e-02 -3.019e-03 -7.385e-02 -1.415e-03  1.632e-03
 9.3890e-01 -1.171e-01  2.976e-02  6.104e-02  2.081e-01 -4.025e-02 -3.035e-03 -7.383e-02 -1.414e-03  1.638e-03
 9.6250e-01 -1.178e-01  3.006e-02  6.131e-02  2.085e-01 -4.063e-02 -3.051e-03 -7.380e-02 -1.413e-03  1.645e-03
 9.8640e-01 -1.185e-01  3.035e-02  6.158e-02  2.089e-01 -4.101e-02 -3.067e-03 -7.377e-02 -1.412e-03  1.651e-03
 1.0110e+00 -1.192e-01  3.065e-02  6.184e-02  2.093e-01 -4.138e-02 -3.082e-03 -7.373e-02 -1.411e-03  1.658e-03
 1.0360e+00 -1.199e-01  3.094e-02  6.209e-02  2.096e-01 -4.176e-02 -3.097e-03 -7.369e-02 -1.410e-03  1.665e-03
 1.0610e+00 -1.206e-01  3.123e-02  6.235e-02  2.100e-01 -4.212e-02 -3.113e-03 -7.364e-02 -1.409e-03  1.671e-03
 1.0860e+00 -1.212e-01  3.152e-02  6.259e-02  2.103e-01 -4.249e-02 -3.129e-03 -7.358e-02 -1.408e-03  1.678e-03
 1.1130e+00 -1.219e-01  3.181e-02  6.284e-02  2.106e-01 -4.285e-02 -3.144e-03 -7.353e-02 -1.407e-03  1.685e-03
 1.1390e+00 -1.226e-01  3.209e-02  6.308e-02  2.110e-01 -4.320e-02 -3.159e-03 -7.346e-02 -1.406e-03  1.692e-03
 1.1660e+00 -1.232e-01  3.238e-02  6.331e-02  2.113e-01 -4.355e-02 -3.174e-03 -7.339e-02 -1.405e-03  1.699e-03
 1.1930e+00 -1.239e-01  3.266e-02  6.354e-02  2.116e-01 -4.390e-02 -3.188e-03 -7.332e-02 -1.404e-03  1.705e-03
 1.2210e+00 -1.245e-01  3.295e-02  6.377e-02  2.119e-01 -4.425e-02 -3.202e-03 -7.325e-02 -1.403e-03  1.712e-03
 1.2490e+00 -1.252e-01  3.323e-02  6.400e-02  2.122e-01 -4.459e-02 -3.216e-03 -7.317e-02 -1.402e-03  1.718e-03
 1.2780e+00 -1.258e-01  3.350e-02  6.422e-02  2.125e-01 -4.493e-02 -3.230e-03 -7.308e-02 -1.401e-03  1.725e-03
 1.3070e+00 -1.265e-01  3.378e-02  6.444e-02  2.128e-01 -4.526e-02 -3.243e-03 -7.299e-02 -1.400e-03  1.731e-03
 1.3370e+00 -1.271e-01  3.406e-02  6.465e-02  2.131e-01 -4.560e-02 -3.257e-03 -7.290e-02 -1.399e-03  1.737e-03
 1.3670e+00 -1.277e-01  3.433e-02  6.486e-02  2.134e-01 -4.592e-02 -3.270e-03 -7.281e-02 -1.398e-03  1.744e-03
 1.3970e+00 -1.284e-01  3.461e-02  6.507e-02  2.136e-01 -4.625e-02 -3.283e-03 -7.271e-02 -1.397e-03  1.750e-03
 1.4280e+00 -1.290e-01  3.488e-02  6.527e-02  2.139e-01 -4.657e-02 -3.297e-03 -7.261e-02 -1.396e-03  1.757e-03
 1.4600e+00 -1.296e-01  3.515e-02  6.547e-02  2.142e-01 -4.689e-02 -3.309e-03 -7.251e-02 -1.395e-03  1.763e-03
 1.4920e+00 -1.302e-01  3.542e-02  6.567e-02  2.144e-01 -4.721e-02 -3.322e-03 -7.240e-02 -1.394e-03  1.770e-03
 1.5240e+00 -1.308e-01  3.568e-02  6.586e-02  2.147e-01 -4.752e-02 -3.335e-03 -7.229e-02 -1.393e-03  1.776e-03
 1.5570e+00 -1.314e-01  3.595e-02  6.605e-02  2.149e-01 -4.783e-02 -3.348e-03 -7.218e-02 -1.392e-03  1.782e-03
 1.5910e+00 -1.321e-01  3.622e-02  6.624e-02  2.152e-01 -4.814e-02 -3.361e-03 -7.206e-02 -1.391e-03  1.788e-03
 1.6250e+00 -1.327e-01  3.648e-02  6.642e-02  2.154e-01 -4.844e-02 -3.372e-03 -7.195e-02 -1.390e-03  1.793e-03
 1.6590e+00 -1.332e-01  3.674e-02  6.661e-02  2.156e-01 -4.874e-02 -3.384e-03 -7.183e-02 -1.389e-03  1.799e-03
 1.6940e+00 -1.338e-01  3.700e-02  6.679e-02  2.158e-01 -4.904e-02 -3.396e-03 -7.171e-02 -1.388e-03  1.805e-03
 1.7300e+00 -1.344e-01  3.726e-02  6.696e-02  2.161e-01 -4.934e-02 -3.409e-03 -7.159e-02 -1.387e-03  1.811e-03
 1.7660e+00 -1.350e-01  3.752e-02  6.714e-02  2.163e-01 -4.963e-02 -3.420e-03 -7.146e-02 -1.387e-03  1.816e-03
 1.8020e+00 -1.356e-01  3.777e-02  6.731e-02  2.165e-01 -4.992e-02 -3.430e-03 -7.133e-02 -1.386e-03  1.822e-03
 1.8390e+00 -1.362e-01  3.803e-02  6.747e-02  2.167e-01 -5.020e-02 -3.441e-03 -7.121e-02 -1.385e-03  1.827e-03
 1.8770e+00 -1.368e-01  3.828e-02  6.764e-02  2.169e-01 -5.049e-02 -3.453e-03 -7.107e-02 -1.384e-03  1.833e-03
 1.9150e+00 -1.373e-01  3.853e-02  6.780e-02  2.171e-01 -5.077e-02 -3.465e-03 -7.094e-02 -1.383e-03  1.839e-03
 1.9540e+00 -1.379e-01  3.878e-02  6.796e-02  2.173e-01 -5.105e-02 -3.476e-03 -7.081e-02 -1.383e-03  1.844e-03
 1.9930e+00 -1.385e-01  3.903e-02  6.812e-02  2.174e-01 -5.133e-02 -3.487e-03 -7.067e-02 -1.382e-03  1.850e-03
 2.0330e+00 -1.390e-01  3.928e-02  6.828e-02  2.176e-01 -5.160e-02 -3.499e-03 -7.054e-02 -1.381e-03  1.855e-03
 2.0740e+00 -1.396e-01  3.953e-02  6.843e-02  2.178e-01 -5.187e-02 -3.510e-03 -7.040e-02 -1.380e-03  1.861e-03
 2.1150e+00 -1.401e-01  3.977e-02  6.858e-02  2.180e-01 -5.214e-02 -3.521e-03 -7.026e-02 -1.380e-03  1.867e-03
 2.1560e+00 -1.407e-01  4.002e-02  6.873e-02  2.181e-01 -5.241e-02 -3.532e-03 -7.012e-02 -1.379e-03  1.872e-03
 2.1990e+00 -1.412e-01  4.026e-02  6.887e-02  2.183e-01 -5.267e-02 -3.542e-03 -6.998e-02 -1.378e-03  1.877e-03
 2.2410e+00 -1.418e-01  4.050e-02  6.902e-02  2.185e-01 -5.293e-02 -3.552e-03 -6.984e-02 -1.377e-03  1.883e-03
 2.2850e+00 -1.423e-01  4.074e-02  6.916e-02  2.186e-01 -5.319e-02 -3.563e-03 -6.969e-02 -1.377e-03  1.888e-03
 2.3290e+00 -1.429e-01  4.098e-02  6.930e-02  2.188e-01 -5.345e-02 -3.573e-03 -6.955e-02 -1.376e-03  1.894e-03
 2.3730e+00 -1.434e-01  4.122e-02  6.944e-02  2.189e-01 -5.371e-02 -3.583e-03 -6.940e-02 -1.375e-03  1.899e-03
 2.4190e+00 -1.439e-01  4.145e-02  6.957e-02  2.191e-01 -5.396e-02 -3.593e-03 -6.926e-02 -1.375e-03  1.904e-03
 2.4640e+00 -1.444e-01  4.169e-02  6.971e-02  2.192e-01 -5.421e-02 -3.603e-03 -6.911e-02 -1.374e-03  1.909e-03
 2.5110e+00 -1.450e-01  4.192e-02  6.984e-02  2.194e-01 -5.446e-02 -3.612e-03 -6.896e-02 -1.374e-03  1.914e-03
 2.5580e+00 -1.455e-01  4.215e-02  6.997e-02  2.195e-01 -5.470e-02 -3.622e-03 -6.882e-02 -1.373e-03  1.919e-03
 2.6060e+00 -1.460e-01  4.238e-02  7.009e-02  2.196e-01 -5.495e-02 -3.631e-03 -6.867e-02 -1.372e-03  1.923e-03
 2.6540e+00 -1.465e-01  4.261e-02  7.022e-02  2.198e-01 -5.519e-02 -3.640e-03 -6.852e-02 -1.372e-03  1.928e-03
 2.7030e+00 -1.470e-01  4.284e-02  7.034e-02  2.199e-01 -5.543e-02 -3.651e-03 -6.837e-02 -1.371e-03  1.933e-03
 2.7530e+00 -1.475e-01  4.307e-02  7.046e-02  2.200e-01 -5.567e-02 -3.660e-03 -6.822e-02 -1.370e-03  1.937e-03
 2.8030e+00 -1.481e-01  4.329e-02  7.058e-02  2.201e-01 -5.590e-02 -3.670e-03 -6.807e-02 -1.370e-03  1.942e-03
 2.8540e+00 -1.486e-01  4.352e-02  7.070e-02  2.202e-01 -5.614e-02 -3.680e-03 -6.792e-02 -1.369e-03  1.946e-03
 2.9060e+00 -1.491e-01  4.374e-02  7.082e-02  2.203e-01 -5.637e-02 -3.689e-03 -6.777e-02 -1.368e-03  1.950e-03
 2.9590e+00 -1.496e-01  4.396e-02  7.094e-02  2.205e-01 -5.660e-02 -3.698e-03 -6.762e-02 -1.368e-03  1.955e-03
 3.0120e+00 -1.500e-01  4.419e-02  7.105e-02  2.206e-01 -5.682e-02 -3.707e-03 -6.747e-02 -1.367e-03  1.959e-03
