0.000E+00 0 0 0 0 0 0 0 0 0
9.926E-04 1.4e-05 -8e-05 -1e-05 -6e-05 8e-05 0 -0.0001 0 -1e-06
2.258E-03 3.1e-05 -0.00018 -3e-05 -0.00013 0.00018 1e-07 -0.0001 -1e-06 -3e-06
3.852E-03 5e-05 -0.0003 -5e-05 -0.00021 0.0003 1e-07 -0.0002 -1e-06 -5e-06
5.833E-03 7.1e-05 -0.00043 -7e-05 -0.00031 0.00043 1e-07 -0.0003 -1e-06 -8e-06
8.267E-03 9.4e-05 -0.00058 -9e-05 -0.00041 0.00057 2e-07 -0.0005 -2e-06 -1e-05
1.122E-02 0.00012 -0.00075 -0.00011 -0.00053 0.00073 3e-07 -0.0006 -2e-06 -1.3e-05
1.477E-02 0.000146 -0.00093 -0.00014 -0.00066 0.0009 3e-07 -0.0007 -3e-06 -1.6e-05
1.898E-02 0.000174 -0.00114 -0.00016 -0.0008 0.00109 5e-07 -0.0009 -4e-06 -2e-05
2.393E-02 0.000202 -0.00135 -0.00019 -0.00095 0.00129 6e-07 -0.0011 -5e-06 -2.3e-05
2.972E-02 0.000231 -0.00159 -0.00022 -0.00111 0.0015 7e-07 -0.0013 -6e-06 -2.7e-05
3.643E-02 0.000259 -0.00184 -0.00025 -0.00128 0.00172 8e-07 -0.0015 -8e-06 -3e-05
4.415E-02 0.000287 -0.0021 -0.00028 -0.00146 0.00195 1e-06 -0.0017 -9e-06 -3.4e-05
5.297E-02 0.000313 -0.00238 -0.00031 -0.00164 0.00218 1.1e-06 -0.0019 -1.1e-05 -3.8e-05
6.295E-02 0.000338 -0.00268 -0.00033 -0.00184 0.00242 1.2e-06 -0.0021 -1.3e-05 -4.2e-05
7.416E-02 0.000361 -0.00298 -0.00036 -0.00204 0.00267 1.3e-06 -0.0023 -1.5e-05 -4.6e-05
8.665E-02 0.000381 -0.0033 -0.00038 -0.00225 0.00292 1.4e-06 -0.0025 -1.8e-05 -5e-05
1.004E-01 0.000399 -0.00363 -0.00041 -0.00247 0.00317 1.5e-06 -0.0027 -2.1e-05 -5.4e-05
1.156E-01 0.000414 -0.00396 -0.00043 -0.00269 0.00342 1.5e-06 -0.003 -2.4e-05 -5.8e-05
1.320E-01 0.000426 -0.00431 -0.00045 -0.00292 0.00367 1.5e-06 -0.0032 -2.7e-05 -6.2e-05
1.498E-01 0.000436 -0.00466 -0.00047 -0.00314 0.00392 1.5e-06 -0.0034 -3.1e-05 -6.5e-05
1.690E-01 0.000442 -0.00501 -0.00049 -0.00338 0.00417 1.4e-06 -0.0036 -3.4e-05 -6.9e-05
1.896E-01 0.000446 -0.00537 -0.0005 -0.00361 0.00442 1.3e-06 -0.0038 -3.7e-05 -7.2e-05
2.115E-01 0.000448 -0.00574 -0.00051 -0.00385 0.00466 1.2e-06 -0.004 -4.1e-05 -7.5e-05
2.348E-01 0.000447 -0.00611 -0.00052 -0.00409 0.0049 1e-06 -0.0042 -4.5e-05 -7.9e-05
2.594E-01 0.000444 -0.00649 -0.00053 -0.00433 0.00514 8e-07 -0.0044 -4.8e-05 -8.2e-05
2.855E-01 0.000439 -0.00686 -0.00054 -0.00458 0.00538 6e-07 -0.0046 -5.2e-05 -8.5e-05
3.129E-01 0.000432 -0.00725 -0.00054 -0.00483 0.00561 3e-07 -0.0047 -5.6e-05 -8.7e-05
3.416E-01 0.000424 -0.00763 -0.00055 -0.00507 0.00584 1e-07 -0.0049 -6e-05 -9e-05
3.718E-01 0.000414 -0.00802 -0.00055 -0.00532 0.00607 -2e-07 -0.0051 -6.4e-05 -9.3e-05
4.033E-01 0.000404 -0.00841 -0.00055 -0.00558 0.0063 -6e-07 -0.0052 -6.7e-05 -9.5e-05
4.363E-01 0.000392 -0.0088 -0.00055 -0.00583 0.00653 -9e-07 -0.0054 -7.1e-05 -9.7e-05
4.706E-01 0.00038 -0.00919 -0.00055 -0.00608 0.00675 -1.3e-06 -0.0055 -7.5e-05 -0.0001
5.062E-01 0.000367 -0.00958 -0.00054 -0.00633 0.00697 -1.7e-06 -0.0057 -7.9e-05 -0.000102
5.433E-01 0.000354 -0.00998 -0.00054 -0.00659 0.00719 -2.1e-06 -0.0058 -8.3e-05 -0.000104
5.817E-01 0.000341 -0.01038 -0.00053 -0.00684 0.00741 -2.5e-06 -0.006 -8.6e-05 -0.000106
6.215E-01 0.000328 -0.01078 -0.00053 -0.0071 0.00762 -2.9e-06 -0.0061 -9e-05 -0.000108
6.627E-01 0.000315 -0.01118 -0.00052 -0.00735 0.00784 -3.3e-06 -0.0062 -9.4e-05 -0.00011
7.052E-01 0.000302 -0.01158 -0.00052 -0.00761 0.00805 -3.7e-06 -0.0064 -9.7e-05 -0.000112
7.491E-01 0.000291 -0.01198 -0.00051 -0.00786 0.00826 -4.2e-06 -0.0065 -0.000101 -0.000113
7.944E-01 0.00028 -0.01238 -0.0005 -0.00811 0.00847 -4.6e-06 -0.0066 -0.000104 -0.000115
8.410E-01 0.00027 -0.01278 -0.0005 -0.00837 0.00868 -5e-06 -0.0067 -0.000108 -0.000117
8.888E-01 0.000261 -0.01318 -0.00049 -0.00862 0.00889 -5.4e-06 -0.0068 -0.000112 -0.000118
9.378E-01 0.000253 -0.01358 -0.00049 -0.00886 0.00909 -5.8e-06 -0.007 -0.000115 -0.00012
9.879E-01 0.000246 -0.01397 -0.00048 -0.00911 0.00929 -6.2e-06 -0.0071 -0.000119 -0.000121
1.039E+00 0.000241 -0.01436 -0.00047 -0.00935 0.0095 -6.5e-06 -0.0072 -0.000122 -0.000123
1.091E+00 0.000238 -0.01475 -0.00047 -0.00959 0.00969 -6.9e-06 -0.0073 -0.000125 -0.000125
1.143E+00 0.000236 -0.01513 -0.00046 -0.00982 0.00989 -7.3e-06 -0.0074 -0.000128 -0.000126
1.195E+00 0.000236 -0.0155 -0.00046 -0.01005 0.01007 -7.6e-06 -0.0075 -0.000131 -0.000127
1.248E+00 0.000237 -0.01586 -0.00046 -0.01027 0.01026 -8e-06 -0.0076 -0.000134 -0.000128
1.302E+00 0.00024 -0.01622 -0.00045 -0.01049 0.01044 -8.3e-06 -0.0077 -0.000137 -0.000129
1.355E+00 0.000245 -0.01658 -0.00045 -0.0107 0.01062 -8.6e-06 -0.0078 -0.00014 -0.000131
1.409E+00 0.000251 -0.01692 -0.00045 -0.01091 0.0108 -8.8e-06 -0.0079 -0.000142 -0.000132
1.464E+00 0.000259 -0.01727 -0.00045 -0.01112 0.01097 -9.1e-06 -0.0079 -0.000145 -0.000133
1.519E+00 0.000269 -0.0176 -0.00045 -0.01132 0.01114 -9.3e-06 -0.008 -0.000147 -0.000134
1.574E+00 0.00028 -0.01793 -0.00045 -0.01151 0.01131 -9.5e-06 -0.0081 -0.00015 -0.000135
1.629E+00 0.000293 -0.01826 -0.00045 -0.0117 0.01147 -9.7e-06 -0.0082 -0.000152 -0.000136
1.685E+00 0.000308 -0.01858 -0.00045 -0.01189 0.01164 -9.9e-06 -0.0083 -0.000154 -0.000137
1.741E+00 0.000323 -0.01889 -0.00045 -0.01207 0.0118 -1.01e-05 -0.0083 -0.000156 -0.000138
1.798E+00 0.000341 -0.0192 -0.00045 -0.01225 0.01195 -1.03e-05 -0.0084 -0.000159 -0.000139
1.854E+00 0.00036 -0.0195 -0.00046 -0.01243 0.01211 -1.04e-05 -0.0085 -0.000161 -0.00014
1.911E+00 0.000381 -0.0198 -0.00046 -0.0126 0.01226 -1.06e-05 -0.0086 -0.000163 -0.000141
1.969E+00 0.000403 -0.0201 -0.00047 -0.01277 0.01241 -1.07e-05 -0.0086 -0.000165 -0.000142
2.026E+00 0.000426 -0.02039 -0.00047 -0.01293 0.01256 -1.08e-05 -0.0087 -0.000167 -0.000143
2.084E+00 0.000451 -0.02068 -0.00048 -0.01309 0.01271 -1.08e-05 -0.0088 -0.000168 -0.000144
2.143E+00 0.000477 -0.02096 -0.00049 -0.01325 0.01286 -1.09e-05 -0.0089 -0.00017 -0.000145
2.201E+00 0.000505 -0.02123 -0.00049 -0.01341 0.013 -1.1e-05 -0.0089 -0.000171 -0.000145
2.260E+00 0.000534 -0.02151 -0.0005 -0.01356 0.01314 -1.1e-05 -0.009 -0.000173 -0.000146
2.319E+00 0.000564 -0.02178 -0.00051 -0.01371 0.01328 -1.1e-05 -0.0091 -0.000174 -0.000147
2.379E+00 0.000596 -0.02204 -0.00052 -0.01385 0.01342 -1.1e-05 -0.0091 -0.000176 -0.000148
2.438E+00 0.000629 -0.0223 -0.00053 -0.01399 0.01356 -1.1e-05 -0.0092 -0.000178 -0.000149
2.498E+00 0.000663 -0.02256 -0.00054 -0.01413 0.01369 -1.1e-05 -0.0093 -0.000179 -0.00015
2.559E+00 0.000699 -0.02282 -0.00055 -0.01427 0.01382 -1.1e-05 -0.0093 -0.000181 -0.00015
2.619E+00 0.000736 -0.02307 -0.00056 -0.01441 0.01396 -1.1e-05 -0.0094 -0.000182 -0.000151
2.680E+00 0.000774 -0.02331 -0.00057 -0.01454 0.01409 -1.09e-05 -0.0095 -0.000184 -0.000152
2.741E+00 0.000813 -0.02356 -0.00058 -0.01467 0.01422 -1.09e-05 -0.0095 -0.000185 -0.000153
2.803E+00 0.000853 -0.0238 -0.0006 -0.01479 0.01434 -1.08e-05 -0.0096 -0.000186 -0.000154
2.864E+00 0.000894 -0.02403 -0.00061 -0.01492 0.01447 -1.07e-05 -0.0097 -0.000188 -0.000155
2.926E+00 0.000937 -0.02427 -0.00062 -0.01504 0.01459 -1.07e-05 -0.0097 -0.000189 -0.000156
2.988E+00 0.00098 -0.0245 -0.00064 -0.01516 0.01471 -1.06e-05 -0.0098 -0.00019 -0.000157
3.051E+00 0.001025 -0.02472 -0.00065 -0.01528 0.01484 -1.05e-05 -0.0098 -0.000191 -0.000158
