0.000E+00 0 0 0 0 0 0 0 0 0
9.926E-04 4e-06 -3e-05 6e-06 -9e-06 1.5e-05 -3e-08 -3e-05 4e-08 -4e-07
2.258E-03 9e-06 -7e-05 1.4e-05 -1.9e-05 3.1e-05 -5e-08 -6e-05 8e-08 -8e-07
3.852E-03 1.6e-05 -0.00011 2.4e-05 -3.1e-05 5.1e-05 -8e-08 -9e-05 1.5e-07 -1.3e-06
5.833E-03 2.3e-05 -0.00016 3.6e-05 -4.5e-05 7.4e-05 -1.4e-07 -0.00013 2.3e-07 -1.9e-06
8.267E-03 3e-05 -0.00021 5e-05 -6.1e-05 9.9e-05 -1.8e-07 -0.00018 3.1e-07 -2.6e-06
1.122E-02 3.9e-05 -0.00027 6.7e-05 -7.9e-05 0.000126 -2.4e-07 -0.00023 4.2e-07 -3.2e-06
1.477E-02 4.9e-05 -0.00034 8.6e-05 -9.9e-05 0.000157 -3.1e-07 -0.00029 5.1e-07 -3.9e-06
1.898E-02 6e-05 -0.00041 0.00011 -0.000121 0.00019 -3.8e-07 -0.00035 6.1e-07 -4.5e-06
2.393E-02 7.1e-05 -0.00048 0.000136 -0.000144 0.000224 -4.6e-07 -0.00042 7.4e-07 -5.1e-06
2.972E-02 8.3e-05 -0.00057 0.000167 -0.00017 0.000262 -5.5e-07 -0.0005 8.8e-07 -5.8e-06
3.643E-02 9.6e-05 -0.00066 0.000203 -0.000198 0.000301 -6.5e-07 -0.00057 1.03e-06 -6.4e-06
4.415E-02 0.000109 -0.00075 0.000243 -0.000229 0.000342 -7.6e-07 -0.00066 1.19e-06 -6.8e-06
5.297E-02 0.000123 -0.00085 0.000288 -0.000261 0.000384 -8.9e-07 -0.00075 1.37e-06 -7.3e-06
6.295E-02 0.000137 -0.00096 0.000338 -0.000295 0.000428 -1.03e-06 -0.00084 1.56e-06 -7.6e-06
7.416E-02 0.000152 -0.00107 0.000394 -0.000332 0.000473 -1.17e-06 -0.00093 1.76e-06 -7.9e-06
8.665E-02 0.000166 -0.00118 0.000455 -0.000371 0.000518 -1.31e-06 -0.00104 2e-06 -8.1e-06
1.004E-01 0.000181 -0.0013 0.000521 -0.000412 0.000565 -1.47e-06 -0.00114 2.17e-06 -8.1e-06
1.156E-01 0.000196 -0.00143 0.000594 -0.000454 0.000611 -1.66e-06 -0.00125 2.42e-06 -8.1e-06
1.320E-01 0.000211 -0.00155 0.000671 -0.000499 0.000658 -1.84e-06 -0.00136 2.76e-06 -8e-06
1.498E-01 0.000226 -0.00169 0.000754 -0.000545 0.000705 -2.03e-06 -0.00148 3.04e-06 -7.7e-06
1.690E-01 0.00024 -0.00182 0.000842 -0.000593 0.000752 -2.24e-06 -0.0016 3.27e-06 -7.3e-06
1.896E-01 0.000255 -0.00196 0.000935 -0.000643 0.000799 -2.46e-06 -0.00172 3.48e-06 -6.8e-06
2.115E-01 0.000269 -0.0021 0.001034 -0.000695 0.000846 -2.69e-06 -0.00185 3.76e-06 -6.2e-06
2.348E-01 0.000282 -0.00225 0.001137 -0.000748 0.000892 -2.93e-06 -0.00198 4.13e-06 -5.5e-06
2.594E-01 0.000296 -0.00239 0.001244 -0.000802 0.000938 -3.2e-06 -0.00211 4.42e-06 -4.7e-06
2.855E-01 0.000309 -0.00255 0.001357 -0.000858 0.000984 -3.45e-06 -0.00224 4.74e-06 -3.7e-06
3.129E-01 0.000323 -0.0027 0.001473 -0.000916 0.00103 -3.74e-06 -0.00238 5.09e-06 -2.7e-06
3.416E-01 0.000335 -0.00285 0.001594 -0.000975 0.001075 -4.02e-06 -0.00252 5.4e-06 -1.6e-06
3.718E-01 0.000348 -0.00301 0.001719 -0.001035 0.00112 -4.34e-06 -0.00267 5.7e-06 -4e-07
4.033E-01 0.000361 -0.00317 0.001848 -0.001097 0.001165 -4.65e-06 -0.00281 6.1e-06 9e-07
4.363E-01 0.000373 -0.00334 0.001981 -0.00116 0.00121 -4.97e-06 -0.00296 6.52e-06 2.3e-06
4.706E-01 0.000386 -0.0035 0.002118 -0.001225 0.001254 -5.29e-06 -0.00311 6.9e-06 3.7e-06
5.062E-01 0.000398 -0.00367 0.002258 -0.001291 0.001298 -5.64e-06 -0.00327 7.29e-06 5.2e-06
5.433E-01 0.00041 -0.00384 0.002402 -0.001358 0.001342 -5.99e-06 -0.00343 7.59e-06 6.8e-06
5.817E-01 0.000422 -0.00401 0.002548 -0.001426 0.001386 -6.36e-06 -0.00358 7.95e-06 8.5e-06
6.215E-01 0.000434 -0.00418 0.002698 -0.001495 0.001429 -6.75e-06 -0.00375 8.31e-06 1.03e-05
6.627E-01 0.000447 -0.00435 0.00285 -0.001566 0.001472 -7.13e-06 -0.00391 8.71e-06 1.21e-05
7.052E-01 0.000459 -0.00452 0.003005 -0.001637 0.001516 -7.53e-06 -0.00407 9.09e-06 1.39e-05
7.491E-01 0.000472 -0.0047 0.003163 -0.001709 0.001559 -7.94e-06 -0.00424 9.49e-06 1.58e-05
7.944E-01 0.000484 -0.00487 0.003323 -0.001783 0.001602 -8.36e-06 -0.00441 9.87e-06 1.77e-05
8.410E-01 0.000497 -0.00505 0.003485 -0.001857 0.001645 -8.76e-06 -0.00458 1.018e-05 1.97e-05
8.888E-01 0.00051 -0.00522 0.003648 -0.001931 0.001687 -9.18e-06 -0.00475 1.056e-05 2.18e-05
9.378E-01 0.000524 -0.0054 0.003813 -0.002006 0.00173 -9.6e-06 -0.00492 1.095e-05 2.38e-05
9.879E-01 0.000537 -0.00557 0.003979 -0.002081 0.001772 -1.001e-05 -0.0051 1.121e-05 2.58e-05
1.039E+00 0.000551 -0.00574 0.004145 -0.002157 0.001814 -1.045e-05 -0.00527 1.153e-05 2.8e-05
1.091E+00 0.000566 -0.00592 0.00431 -0.002232 0.001855 -1.087e-05 -0.00544 1.188e-05 3.01e-05
1.143E+00 0.00058 -0.00608 0.004473 -0.002306 0.001896 -1.128e-05 -0.00561 1.221e-05 3.22e-05
1.195E+00 0.000595 -0.00625 0.004636 -0.002379 0.001936 -1.171e-05 -0.00578 1.249e-05 3.43e-05
1.248E+00 0.00061 -0.00641 0.004796 -0.002452 0.001976 -1.214e-05 -0.00594 1.277e-05 3.63e-05
1.302E+00 0.000625 -0.00657 0.004956 -0.002524 0.002015 -1.256e-05 -0.00611 1.307e-05 3.83e-05
1.355E+00 0.000641 -0.00673 0.005113 -0.002595 0.002053 -1.295e-05 -0.00627 1.337e-05 4.04e-05
1.409E+00 0.000657 -0.00689 0.005269 -0.002666 0.002091 -1.338e-05 -0.00643 1.365e-05 4.25e-05
1.464E+00 0.000673 -0.00704 0.005424 -0.002735 0.002128 -1.38e-05 -0.00659 1.398e-05 4.45e-05
1.519E+00 0.00069 -0.00719 0.00558 -0.002804 0.002165 -1.42e-05 -0.00675 1.431e-05 4.64e-05
1.574E+00 0.000707 -0.00734 0.00573 -0.002872 0.002202 -1.461e-05 -0.0069 1.456e-05 4.84e-05
1.629E+00 0.000725 -0.00748 0.00588 -0.00294 0.002238 -1.5e-05 -0.00705 1.484e-05 5.03e-05
1.685E+00 0.000743 -0.00763 0.00602 -0.003006 0.002274 -1.54e-05 -0.0072 1.507e-05 5.23e-05
1.741E+00 0.000761 -0.00777 0.00617 -0.003072 0.00231 -1.579e-05 -0.00735 1.538e-05 5.43e-05
1.798E+00 0.00078 -0.00791 0.00632 -0.003137 0.002345 -1.617e-05 -0.0075 1.559e-05 5.62e-05
1.854E+00 0.0008 -0.00805 0.00646 -0.003201 0.00238 -1.657e-05 -0.00765 1.58e-05 5.8e-05
1.911E+00 0.00082 -0.00818 0.0066 -0.003265 0.002414 -1.695e-05 -0.00779 1.603e-05 5.98e-05
1.969E+00 0.00084 -0.00831 0.00674 -0.003328 0.002449 -1.731e-05 -0.00794 1.621e-05 6.17e-05
2.026E+00 0.000861 -0.00844 0.00688 -0.00339 0.002483 -1.769e-05 -0.00808 1.635e-05 6.35e-05
2.084E+00 0.000882 -0.00857 0.00701 -0.003451 0.002517 -1.804e-05 -0.00822 1.656e-05 6.53e-05
2.143E+00 0.000904 -0.0087 0.00715 -0.003511 0.00255 -1.839e-05 -0.00835 1.68e-05 6.72e-05
2.201E+00 0.000927 -0.00883 0.00728 -0.003571 0.002583 -1.875e-05 -0.00849 1.696e-05 6.9e-05
2.260E+00 0.00095 -0.00895 0.00741 -0.00363 0.002616 -1.911e-05 -0.00862 1.715e-05 7.08e-05
2.319E+00 0.000973 -0.00907 0.00754 -0.003688 0.002649 -1.945e-05 -0.00876 1.729e-05 7.26e-05
2.379E+00 0.000997 -0.00919 0.00767 -0.003745 0.002682 -1.978e-05 -0.00889 1.74e-05 7.43e-05
2.438E+00 0.001022 -0.00931 0.0078 -0.003802 0.002714 -2.012e-05 -0.00902 1.749e-05 7.61e-05
2.498E+00 0.001047 -0.00943 0.00793 -0.003858 0.002746 -2.045e-05 -0.00914 1.759e-05 7.79e-05
2.559E+00 0.001072 -0.00954 0.00805 -0.003913 0.002779 -2.078e-05 -0.00927 1.78e-05 7.96e-05
2.619E+00 0.001098 -0.00965 0.00817 -0.003968 0.00281 -2.111e-05 -0.00939 1.787e-05 8.14e-05
2.680E+00 0.001125 -0.00976 0.00829 -0.004022 0.002842 -2.144e-05 -0.00952 1.805e-05 8.31e-05
2.741E+00 0.001152 -0.00987 0.00841 -0.004075 0.002874 -2.178e-05 -0.00964 1.822e-05 8.47e-05
2.803E+00 0.00118 -0.00998 0.00853 -0.004127 0.002905 -2.212e-05 -0.00976 1.838e-05 8.632e-05
2.864E+00 0.001208 -0.01009 0.00865 -0.004179 0.002936 -2.242e-05 -0.00988 1.845e-05 8.781e-05
2.926E+00 0.001237 -0.0102 0.00876 -0.00423 0.002967 -2.272e-05 -0.00999 1.864e-05 8.947e-05
2.988E+00 0.001267 -0.0103 0.00888 -0.00428 0.002998 -2.302e-05 -0.01011 1.873e-05 9.109e-05
3.051E+00 0.001297 -0.0104 0.00899 -0.004329 0.003029 -2.334e-05 -0.01022 1.887e-05 9.264e-05
