0.000E+00 0 0 0 0 0 0 0 0 0
9.926E-04 -4e-05 -1e-06 0 -8.1e-05 -1e-05 -2e-07 6e-05 1e-07 -4e-07
2.258E-03 -8e-05 -3e-06 0 -0.000176 -3e-05 -5e-07 0.00014 3e-07 -9e-07
3.852E-03 -0.00014 -5e-06 -1e-06 -0.000287 -4e-05 -8e-07 0.00023 5e-07 -1.4e-06
5.833E-03 -0.0002 -8e-06 -3e-06 -0.000412 -6e-05 -1.1e-06 0.00033 6e-07 -2e-06
8.267E-03 -0.00027 -1.1e-05 -7e-06 -0.000551 -8e-05 -1.5e-06 0.00044 8e-07 -2.7e-06
1.122E-02 -0.00035 -1.6e-05 -1.2e-05 -0.000705 -0.00011 -1.8e-06 0.00057 8e-07 -3.4e-06
1.477E-02 -0.00044 -2.1e-05 -2e-05 -0.000872 -0.00013 -2.2e-06 0.00072 8e-07 -4.3e-06
1.898E-02 -0.00054 -2.7e-05 -3e-05 -0.001051 -0.00016 -2.6e-06 0.00088 7e-07 -5.1e-06
2.393E-02 -0.00064 -3.5e-05 -4.3e-05 -0.001241 -0.00019 -3e-06 0.00106 5e-07 -6e-06
2.972E-02 -0.00076 -4.4e-05 -6e-05 -0.001441 -0.00023 -3.6e-06 0.00125 3e-07 -7.1e-06
3.643E-02 -0.00088 -5.5e-05 -8e-05 -0.001651 -0.00026 -4.1e-06 0.00145 -1e-07 -8.1e-06
4.415E-02 -0.00102 -6.8e-05 -0.000104 -0.001868 -0.0003 -4.6e-06 0.00167 -5e-07 -9.2e-06
5.297E-02 -0.00116 -8.4e-05 -0.000132 -0.002093 -0.00034 -5.1e-06 0.0019 -1.1e-06 -1.04e-05
6.295E-02 -0.00131 -0.000102 -0.000164 -0.002323 -0.00038 -5.8e-06 0.00215 -1.8e-06 -1.16e-05
7.416E-02 -0.00147 -0.000123 -0.0002 -0.002557 -0.00042 -6.4e-06 0.00241 -2.6e-06 -1.28e-05
8.665E-02 -0.00164 -0.000148 -0.00024 -0.002795 -0.00046 -6.9e-06 0.00267 -3.5e-06 -1.41e-05
1.004E-01 -0.00181 -0.000176 -0.000285 -0.003033 -0.0005 -7.5e-06 0.00295 -4.4e-06 -1.53e-05
1.156E-01 -0.00199 -0.000207 -0.000334 -0.003273 -0.00054 -8e-06 0.00324 -5.5e-06 -1.65e-05
1.320E-01 -0.00218 -0.000242 -0.000387 -0.003511 -0.00057 -8.7e-06 0.00353 -6.6e-06 -1.78e-05
1.498E-01 -0.00237 -0.000281 -0.000443 -0.003749 -0.00061 -9.3e-06 0.00383 -7.7e-06 -1.91e-05
1.690E-01 -0.00256 -0.000323 -0.000503 -0.003984 -0.00065 -9.9e-06 0.00414 -9e-06 -2.04e-05
1.896E-01 -0.00276 -0.00037 -0.000567 -0.004218 -0.00068 -1.05e-05 0.00445 -1.03e-05 -2.17e-05
2.115E-01 -0.00296 -0.00042 -0.000634 -0.004449 -0.00071 -1.12e-05 0.00476 -1.16e-05 -2.31e-05
2.348E-01 -0.00316 -0.000473 -0.000704 -0.004677 -0.00074 -1.17e-05 0.00508 -1.3e-05 -2.45e-05
2.594E-01 -0.00337 -0.000531 -0.000777 -0.004902 -0.00076 -1.24e-05 0.0054 -1.44e-05 -2.58e-05
2.855E-01 -0.00358 -0.000592 -0.000853 -0.005123 -0.00079 -1.3e-05 0.00572 -1.58e-05 -2.71e-05
3.129E-01 -0.00379 -0.000656 -0.000931 -0.005342 -0.00081 -1.36e-05 0.00605 -1.73e-05 -2.85e-05
3.416E-01 -0.004 -0.000724 -0.001012 -0.005558 -0.00083 -1.4e-05 0.00637 -1.88e-05 -2.98e-05
3.718E-01 -0.00421 -0.000795 -0.001096 -0.00577 -0.00084 -1.45e-05 0.0067 -2.03e-05 -3.12e-05
4.033E-01 -0.00442 -0.000869 -0.001181 -0.005979 -0.00085 -1.5e-05 0.00703 -2.19e-05 -3.25e-05
4.363E-01 -0.00463 -0.000946 -0.001269 -0.006185 -0.00086 -1.53e-05 0.00735 -2.35e-05 -3.38e-05
4.706E-01 -0.00483 -0.001025 -0.001359 -0.006388 -0.00087 -1.58e-05 0.00768 -2.51e-05 -3.52e-05
5.062E-01 -0.00504 -0.001108 -0.00145 -0.006588 -0.00087 -1.62e-05 0.00801 -2.68e-05 -3.64e-05
5.433E-01 -0.00525 -0.001193 -0.001544 -0.006784 -0.00087 -1.67e-05 0.00834 -2.84e-05 -3.78e-05
5.817E-01 -0.00546 -0.001281 -0.001639 -0.006978 -0.00087 -1.7e-05 0.00866 -3.02e-05 -3.92e-05
6.215E-01 -0.00566 -0.001371 -0.001735 -0.007169 -0.00087 -1.73e-05 0.00899 -3.19e-05 -4.06e-05
6.627E-01 -0.00587 -0.001463 -0.001833 -0.007357 -0.00086 -1.76e-05 0.00931 -3.37e-05 -4.21e-05
7.052E-01 -0.00607 -0.001557 -0.001932 -0.007542 -0.00085 -1.79e-05 0.00963 -3.55e-05 -4.34e-05
7.491E-01 -0.00627 -0.001653 -0.002033 -0.007724 -0.00084 -1.8e-05 0.00995 -3.73e-05 -4.48e-05
7.944E-01 -0.00647 -0.001751 -0.002134 -0.007904 -0.00082 -1.82e-05 0.01027 -3.92e-05 -4.62e-05
8.410E-01 -0.00666 -0.001851 -0.002237 -0.00808 -0.0008 -1.82e-05 0.01058 -4.1e-05 -4.76e-05
8.888E-01 -0.00685 -0.001952 -0.00234 -0.008254 -0.00078 -1.84e-05 0.01089 -4.29e-05 -4.9e-05
9.378E-01 -0.00704 -0.002054 -0.002443 -0.008424 -0.00076 -1.83e-05 0.0112 -4.48e-05 -5.04e-05
9.879E-01 -0.00722 -0.002157 -0.002547 -0.008591 -0.00074 -1.84e-05 0.0115 -4.67e-05 -5.18e-05
1.039E+00 -0.0074 -0.00226 -0.002651 -0.008754 -0.00071 -1.84e-05 0.01179 -4.87e-05 -5.32e-05
1.091E+00 -0.00758 -0.002363 -0.002754 -0.008914 -0.00068 -1.84e-05 0.01208 -5.06e-05 -5.46e-05
1.143E+00 -0.00774 -0.002465 -0.002855 -0.009074 -0.00066 -1.84e-05 0.01237 -5.25e-05 -5.59e-05
1.195E+00 -0.00791 -0.002567 -0.002955 -0.009224 -0.00063 -1.82e-05 0.01264 -5.45e-05 -5.73e-05
1.248E+00 -0.00806 -0.002668 -0.003054 -0.009364 -0.00059 -1.8e-05 0.01291 -5.63e-05 -5.86e-05
1.302E+00 -0.00821 -0.002768 -0.003152 -0.009504 -0.00056 -1.79e-05 0.01316 -5.82e-05 -6.01e-05
1.355E+00 -0.00836 -0.002867 -0.003249 -0.009644 -0.00053 -1.75e-05 0.01342 -6.01e-05 -6.15e-05
1.409E+00 -0.0085 -0.002966 -0.003345 -0.009784 -0.0005 -1.73e-05 0.01366 -6.2e-05 -6.27e-05
1.464E+00 -0.00863 -0.003063 -0.003435 -0.009914 -0.00046 -1.7e-05 0.0139 -6.39e-05 -6.41e-05
1.519E+00 -0.00876 -0.00316 -0.003535 -0.010044 -0.00042 -1.66e-05 0.01413 -6.58e-05 -6.55e-05
1.574E+00 -0.00889 -0.003256 -0.003625 -0.010174 -0.00039 -1.61e-05 0.01436 -6.76e-05 -6.68e-05
1.629E+00 -0.00901 -0.00335 -0.003715 -0.010294 -0.00035 -1.57e-05 0.01458 -6.94e-05 -6.8e-05
1.685E+00 -0.00913 -0.003444 -0.003805 -0.010414 -0.00031 -1.53e-05 0.01479 -7.12e-05 -6.93e-05
1.741E+00 -0.00924 -0.003537 -0.003885 -0.010534 -0.00028 -1.49e-05 0.015 -7.3e-05 -7.05e-05
1.798E+00 -0.00935 -0.003629 -0.003975 -0.010654 -0.00024 -1.44e-05 0.0152 -7.48e-05 -7.17e-05
1.854E+00 -0.00945 -0.00372 -0.004055 -0.010764 -0.0002 -1.38e-05 0.0154 -7.66e-05 -7.29e-05
1.911E+00 -0.00955 -0.00381 -0.004145 -0.010884 -0.00016 -1.35e-05 0.01559 -7.83e-05 -7.41e-05
1.969E+00 -0.00965 -0.003899 -0.004225 -0.010994 -0.00012 -1.3e-05 0.01578 -8.01e-05 -7.52e-05
2.026E+00 -0.00974 -0.003987 -0.004305 -0.011104 -8e-05 -1.24e-05 0.01596 -8.19e-05 -7.65e-05
2.084E+00 -0.00982 -0.004074 -0.004385 -0.011204 -4e-05 -1.18e-05 0.01614 -8.36e-05 -7.77e-05
2.143E+00 -0.00991 -0.004161 -0.004465 -0.011314 0 -1.13e-05 0.01631 -8.53e-05 -7.89e-05
2.201E+00 -0.00999 -0.004249 -0.004545 -0.011414 4e-05 -1.08e-05 0.01648 -8.7e-05 -8e-05
2.260E+00 -0.01007 -0.004329 -0.004615 -0.011514 8e-05 -1.02e-05 0.01664 -8.87e-05 -8.12e-05
2.319E+00 -0.01014 -0.004409 -0.004695 -0.011614 0.00012 -9.7e-06 0.0168 -9.04e-05 -8.25e-05
2.379E+00 -0.01021 -0.004499 -0.004765 -0.011714 0.00016 -9.1e-06 0.01695 -9.21e-05 -8.37e-05
2.438E+00 -0.01028 -0.004579 -0.004845 -0.011814 0.0002 -8.5e-06 0.0171 -9.38e-05 -8.48e-05
2.498E+00 -0.01034 -0.004659 -0.004915 -0.011914 0.00024 -7.9e-06 0.01725 -9.55e-05 -8.6e-05
2.559E+00 -0.0104 -0.004739 -0.004985 -0.012004 0.00028 -7.3e-06 0.01739 -9.71e-05 -8.72e-05
2.619E+00 -0.01046 -0.004819 -0.005055 -0.012104 0.00032 -6.7e-06 0.01753 -9.87e-05 -8.84e-05
2.680E+00 -0.01052 -0.004899 -0.005125 -0.012194 0.00036 -6e-06 0.01766 -0.0001004 -8.96e-05
2.741E+00 -0.01057 -0.004969 -0.005185 -0.012284 0.0004 -5.4e-06 0.01779 -0.000102 -9.08e-05
2.803E+00 -0.01062 -0.005049 -0.005255 -0.012374 0.00044 -4.9e-06 0.01792 -0.0001036 -9.2e-05
2.864E+00 -0.01067 -0.005119 -0.005325 -0.012464 0.00048 -4.3e-06 0.01804 -0.0001052 -9.32e-05
2.926E+00 -0.01071 -0.005199 -0.005385 -0.012554 0.00052 -3.4e-06 0.01816 -0.0001069 -9.43e-05
2.988E+00 -0.01075 -0.005269 -0.005445 -0.012644 0.00056 -2.9e-06 0.01828 -0.0001084 -9.54e-05
3.051E+00 -0.01079 -0.005339 -0.005505 -0.012724 0.0006 -2.1e-06 0.01839 -0.00011 -9.65e-05
