0.000E+00 0 0 0 0 0 0 0 0 0
9.926E-04 -0.0002 4e-05 0 0 -0.0001 -2e-06 0.0001 1e-06 1e-06
2.258E-03 -0.0003 0.0001 1e-05 0 -0.00023 -5e-06 0.0002 2.2e-06 1e-06
3.852E-03 -0.0005 0.00016 1e-05 0.0001 -0.00038 -8e-06 0.0003 3.6e-06 2e-06
5.833E-03 -0.0007 0.00024 0 0.0001 -0.00055 -1.1e-05 0.0005 5.3e-06 3e-06
8.267E-03 -0.001 0.00033 -1e-05 0.0002 -0.00075 -1.5e-05 0.0006 7.1e-06 3e-06
1.122E-02 -0.0013 0.00043 -3e-05 0.0002 -0.00097 -1.9e-05 0.0008 9.2e-06 5e-06
1.477E-02 -0.0016 0.00054 -6e-05 0.0003 -0.00122 -2.3e-05 0.001 1.17e-05 6e-06
1.898E-02 -0.0019 0.00067 -0.0001 0.0005 -0.00149 -2.8e-05 0.0013 1.43e-05 7e-06
2.393E-02 -0.0023 0.00081 -0.00014 0.0006 -0.00178 -3.3e-05 0.0016 1.73e-05 9e-06
2.972E-02 -0.0027 0.00096 -0.0002 0.0008 -0.0021 -3.8e-05 0.0019 2.06e-05 1e-05
3.643E-02 -0.0031 0.00112 -0.00028 0.0009 -0.00245 -4.3e-05 0.0023 2.45e-05 1.2e-05
4.415E-02 -0.0035 0.0013 -0.00036 0.0011 -0.00281 -4.8e-05 0.0027 2.87e-05 1.4e-05
5.297E-02 -0.004 0.00148 -0.00046 0.0014 -0.0032 -5.4e-05 0.0032 3.33e-05 1.6e-05
6.295E-02 -0.0045 0.00168 -0.00057 0.0016 -0.00361 -5.9e-05 0.0036 3.85e-05 1.8e-05
7.416E-02 -0.005 0.00189 -0.0007 0.0018 -0.00404 -6.4e-05 0.0041 4.42e-05 2.1e-05
8.665E-02 -0.0056 0.0021 -0.00084 0.0021 -0.00449 -6.9e-05 0.0047 5.04e-05 2.3e-05
1.004E-01 -0.0061 0.00232 -0.001 0.0024 -0.00495 -7.3e-05 0.0052 5.73e-05 2.6e-05
1.156E-01 -0.0067 0.00255 -0.00116 0.0027 -0.00542 -7.7e-05 0.0058 6.47e-05 2.8e-05
1.320E-01 -0.0073 0.00277 -0.00134 0.003 -0.00591 -8.2e-05 0.0064 7.27e-05 3.1e-05
1.498E-01 -0.0079 0.00301 -0.00153 0.0034 -0.00641 -8.5e-05 0.0071 8.13e-05 3.4e-05
1.690E-01 -0.0085 0.00324 -0.00173 0.0037 -0.00692 -8.9e-05 0.0077 9.05e-05 3.8e-05
1.896E-01 -0.0091 0.00348 -0.00194 0.0041 -0.00743 -9.2e-05 0.0084 0.0001003 4.2e-05
2.115E-01 -0.0098 0.00371 -0.00216 0.0044 -0.00796 -9.5e-05 0.0091 0.0001107 4.5e-05
2.348E-01 -0.0104 0.00395 -0.00239 0.0048 -0.00849 -9.7e-05 0.0098 0.0001217 4.8e-05
2.594E-01 -0.011 0.00419 -0.00263 0.0052 -0.00902 -9.9e-05 0.0105 0.0001333 5.2e-05
2.855E-01 -0.0117 0.00442 -0.00288 0.0057 -0.00956 -0.000101 0.0112 0.0001454 5.7e-05
3.129E-01 -0.0123 0.00466 -0.00313 0.0061 -0.01011 -0.000102 0.012 0.0001582 6.1e-05
3.416E-01 -0.013 0.00489 -0.00339 0.0065 -0.01066 -0.000103 0.0127 0.0001715 6.5e-05
3.718E-01 -0.0136 0.00513 -0.00365 0.007 -0.01122 -0.000104 0.0135 0.0001854 7e-05
4.033E-01 -0.0143 0.00536 -0.00393 0.0075 -0.01178 -0.000104 0.0143 0.0001998 7.5e-05
4.363E-01 -0.015 0.0056 -0.00421 0.008 -0.01235 -0.000103 0.0151 0.0002147 8e-05
4.706E-01 -0.0156 0.00583 -0.00449 0.0085 -0.01292 -0.000103 0.0159 0.0002301 8.6e-05
5.062E-01 -0.0163 0.00606 -0.00478 0.009 -0.0135 -0.000102 0.0167 0.0002461 9.2e-05
5.433E-01 -0.017 0.00629 -0.00508 0.0095 -0.01407 -0.0001 0.0175 0.0002625 9.9e-05
5.817E-01 -0.0176 0.00652 -0.00538 0.01 -0.01466 -9.9e-05 0.0183 0.0002794 0.000105
6.215E-01 -0.0183 0.00675 -0.00568 0.0106 -0.01524 -9.7e-05 0.0192 0.0002968 0.000112
6.627E-01 -0.019 0.00698 -0.00599 0.0112 -0.01583 -9.4e-05 0.02 0.0003145 0.00012
7.052E-01 -0.0196 0.0072 -0.0063 0.0118 -0.01643 -9e-05 0.0209 0.0003328 0.000127
7.491E-01 -0.0203 0.00743 -0.00661 0.0124 -0.01702 -8.7e-05 0.0218 0.0003514 0.000135
7.944E-01 -0.021 0.00765 -0.00693 0.013 -0.01762 -8.3e-05 0.0227 0.0003704 0.000143
8.410E-01 -0.0216 0.00788 -0.00725 0.0136 -0.01822 -7.9e-05 0.0236 0.0003898 0.000151
8.888E-01 -0.0223 0.0081 -0.00758 0.0142 -0.01883 -7.5e-05 0.0245 0.0004095 0.00016
9.378E-01 -0.023 0.00832 -0.0079 0.0149 -0.01943 -7.1e-05 0.0254 0.0004295 0.000169
9.879E-01 -0.0236 0.00853 -0.00823 0.0155 -0.02003 -6.6e-05 0.0263 0.0004498 0.000178
1.039E+00 -0.0243 0.00875 -0.00855 0.0162 -0.02063 -6e-05 0.0272 0.0004704 0.000188
1.091E+00 -0.0249 0.00896 -0.00887 0.0168 -0.02123 -5.5e-05 0.0281 0.0004908 0.000198
1.143E+00 -0.0255 0.00917 -0.00919 0.0175 -0.02182 -4.9e-05 0.029 0.0005113 0.000208
1.195E+00 -0.0261 0.00937 -0.00951 0.0181 -0.0224 -4.3e-05 0.0299 0.0005317 0.000218
1.248E+00 -0.0267 0.00957 -0.00982 0.0188 -0.02297 -3.7e-05 0.0308 0.000552 0.000228
1.302E+00 -0.0273 0.00976 -0.01013 0.0194 -0.02354 -3.1e-05 0.0317 0.0005719 0.000238
1.355E+00 -0.0279 0.00995 -0.01043 0.0201 -0.0241 -2.4e-05 0.0326 0.0005929 0.000249
1.409E+00 -0.0284 0.01014 -0.01073 0.0207 -0.024654 -1.7e-05 0.0335 0.0006129 0.000259
1.464E+00 -0.029 0.01032 -0.01103 0.0214 -0.025203 -1.1e-05 0.0344 0.0006329 0.00027
1.519E+00 -0.0295 0.01051 -0.01132 0.022 -0.025745 -4e-06 0.0352 0.0006529 0.000281
1.574E+00 -0.0301 0.01069 -0.01161 0.0227 -0.026282 2e-06 0.0361 0.0006729 0.000291
1.629E+00 -0.0306 0.01086 -0.0119 0.0233 -0.026812 9e-06 0.037 0.0006919 0.000302
1.685E+00 -0.0311 0.01103 -0.01218 0.0239 -0.027337 1.6e-05 0.0378 0.0007119 0.000313
1.741E+00 -0.0316 0.0112 -0.01246 0.0245 -0.027857 2.3e-05 0.0387 0.0007319 0.000324
1.798E+00 -0.0321 0.01137 -0.01274 0.0252 -0.028371 3e-05 0.0395 0.0007509 0.000335
1.854E+00 -0.0326 0.01154 -0.01301 0.0258 -0.02888 3.7e-05 0.0404 0.0007699 0.000346
1.911E+00 -0.0331 0.0117 -0.01328 0.0264 -0.029384 4.5e-05 0.0412 0.0007899 0.000358
1.969E+00 -0.0336 0.01186 -0.01355 0.027 -0.029882 5.3e-05 0.042 0.0008089 0.00037
2.026E+00 -0.034 0.01202 -0.01381 0.0276 -0.030376 6e-05 0.0429 0.0008279 0.000381
2.084E+00 -0.0345 0.01218 -0.01407 0.0283 -0.030865 6.8e-05 0.0437 0.0008469 0.000392
2.143E+00 -0.0349 0.01233 -0.01433 0.0289 -0.031349 7.6e-05 0.0445 0.0008659 0.000404
2.201E+00 -0.0354 0.01248 -0.01458 0.0295 -0.031828 8.4e-05 0.0453 0.0008849 0.000416
2.260E+00 -0.0358 0.01263 -0.01483 0.0301 -0.032303 9.1e-05 0.0461 0.0009029 0.000428
2.319E+00 -0.0362 0.01278 -0.01508 0.0307 -0.032774 9.9e-05 0.047 0.0009219 0.000441
2.379E+00 -0.0367 0.01293 -0.01532 0.0312 -0.0332397 0.000107 0.0478 0.0009399 0.000453
2.438E+00 -0.0371 0.01307 -0.01556 0.0318 -0.0337013 0.000114 0.0486 0.0009579 0.000465
2.498E+00 -0.0375 0.01322 -0.0158 0.0324 -0.0341582 0.000123 0.0494 0.0009769 0.000476
2.559E+00 -0.0379 0.01336 -0.01604 0.033 -0.0346112 0.00013 0.0502 0.0009949 0.000489
2.619E+00 -0.0383 0.0135 -0.01627 0.0336 -0.03506 0.000138 0.051 0.0010129 0.000501
2.680E+00 -0.0386 0.01364 -0.0165 0.0341 -0.035504 0.000146 0.0518 0.0010309 0.000514
2.741E+00 -0.039 0.01378 -0.01673 0.0347 -0.035944 0.000155 0.0526 0.0010479 0.000526
2.803E+00 -0.0394 0.01391 -0.01695 0.0353 -0.03638 0.000163 0.0533 0.0010659 0.000538
2.864E+00 -0.0398 0.01405 -0.01717 0.0358 -0.036811 0.000171 0.0541 0.0010829 0.00055
2.926E+00 -0.0401 0.01418 -0.01739 0.0364 -0.037238 0.00018 0.0549 0.0011009 0.000563
2.988E+00 -0.0405 0.01431 -0.01761 0.037 -0.037661 0.000188 0.0557 0.0011179 0.000575
3.051E+00 -0.0408 0.01444 -0.01782 0.0375 -0.03808 0.000196 0.0564 0.0011349 0.000588
