0.000E+00 0 0 0 0 0 0 0 0 0
9.926E-04 -0.0001 1.1e-05 1e-05 8e-05 -1.3e-05 -2e-07 -1e-05 -2.1e-07 9e-07
2.258E-03 -0.00023 2.5e-05 3e-05 0.00017 -2.7e-05 -4e-07 -3e-05 -5e-07 1.9e-06
3.852E-03 -0.00037 4.2e-05 4e-05 0.00028 -4.4e-05 -6e-07 -4e-05 -8.6e-07 3.2e-06
5.833E-03 -0.00053 6.2e-05 6e-05 0.00041 -6.2e-05 -8e-07 -5e-05 -1.3e-06 4.7e-06
8.267E-03 -0.00071 8.5e-05 7e-05 0.00055 -8.2e-05 -1.1e-06 -6e-05 -1.82e-06 6.4e-06
1.122E-02 -0.00091 0.000111 9e-05 0.0007 -0.000103 -1.3e-06 -7e-05 -2.45e-06 8.1e-06
1.477E-02 -0.00113 0.00014 0.0001 0.00087 -0.000126 -1.5e-06 -8e-05 -3.2e-06 1.01e-05
1.898E-02 -0.00136 0.000173 0.00012 0.00105 -0.00015 -1.8e-06 -9e-05 -4.05e-06 1.21e-05
2.393E-02 -0.00162 0.000209 0.00013 0.00125 -0.000175 -1.9e-06 -0.0001 -5.01e-06 1.44e-05
2.972E-02 -0.00189 0.000249 0.00014 0.00146 -0.0002 -2.1e-06 -0.0001 -6.1e-06 1.68e-05
3.643E-02 -0.00218 0.000292 0.00015 0.00169 -0.000226 -2.2e-06 -0.0001 -7.31e-06 1.94e-05
4.415E-02 -0.00249 0.000338 0.00016 0.00194 -0.000251 -2.2e-06 -9e-05 -8.63e-06 2.21e-05
5.297E-02 -0.00281 0.000388 0.00016 0.0022 -0.000275 -2.2e-06 -7e-05 -1.009e-05 2.5e-05
6.295E-02 -0.00315 0.000441 0.00015 0.00247 -0.000299 -2.2e-06 -5e-05 -1.167e-05 2.8e-05
7.416E-02 -0.00349 0.000497 0.00015 0.00276 -0.000321 -1.9e-06 -3e-05 -1.341e-05 3.11e-05
8.665E-02 -0.00385 0.000556 0.00013 0.00306 -0.000341 -1.6e-06 1e-05 -1.526e-05 3.45e-05
1.004E-01 -0.00422 0.000616 0.00011 0.00338 -0.000358 -1.3e-06 6e-05 -1.723e-05 3.79e-05
1.156E-01 -0.0046 0.000679 8e-05 0.00371 -0.000372 -9e-07 0.00011 -1.931e-05 4.12e-05
1.320E-01 -0.00498 0.000744 5e-05 0.00405 -0.000384 -4e-07 0.00017 -2.153e-05 4.47e-05
1.498E-01 -0.00536 0.000809 1e-05 0.0044 -0.000391 2e-07 0.00024 -2.386e-05 4.82e-05
1.690E-01 -0.00575 0.000876 -3e-05 0.00476 -0.000396 9e-07 0.00032 -2.633e-05 5.18e-05
1.896E-01 -0.00615 0.000944 -9e-05 0.00513 -0.000396 1.7e-06 0.00041 -2.894e-05 5.55e-05
2.115E-01 -0.00654 0.001012 -0.00014 0.00551 -0.000392 2.7e-06 0.00051 -3.164e-05 5.92e-05
2.348E-01 -0.00694 0.001081 -0.00021 0.0059 -0.000385 3.6e-06 0.00062 -3.448e-05 6.29e-05
2.594E-01 -0.00734 0.00115 -0.00028 0.0063 -0.000373 4.6e-06 0.00073 -3.746e-05 6.67e-05
2.855E-01 -0.00774 0.00122 -0.00035 0.0067 -0.000358 5.5e-06 0.00085 -4.056e-05 7.06e-05
3.129E-01 -0.00814 0.001289 -0.00043 0.00712 -0.000338 6.6e-06 0.00098 -4.377e-05 7.45e-05
3.416E-01 -0.00854 0.001358 -0.00052 0.00754 -0.000315 7.6e-06 0.00112 -4.712e-05 7.85e-05
3.718E-01 -0.00894 0.001427 -0.00061 0.00796 -0.000288 8.6e-06 0.00126 -5.059e-05 8.27e-05
4.033E-01 -0.00934 0.001496 -0.0007 0.00839 -0.000257 9.6e-06 0.00141 -5.418e-05 8.69e-05
4.363E-01 -0.00973 0.001565 -0.0008 0.00883 -0.000222 1.08e-05 0.00157 -5.79e-05 9.12e-05
4.706E-01 -0.01013 0.001633 -0.0009 0.00928 -0.000184 1.21e-05 0.00173 -6.174e-05 9.55e-05
5.062E-01 -0.01053 0.0017 -0.00101 0.00973 -0.000142 1.32e-05 0.0019 -6.572e-05 9.99e-05
5.433E-01 -0.01092 0.001767 -0.00112 0.01018 -9.7e-05 1.45e-05 0.00208 -6.985e-05 0.0001045
5.817E-01 -0.01132 0.001834 -0.00123 0.01064 -4.8e-05 1.56e-05 0.00225 -7.408e-05 0.000109
6.215E-01 -0.01171 0.0019 -0.00134 0.0111 3e-06 1.67e-05 0.00244 -7.844e-05 0.0001136
6.627E-01 -0.0121 0.001965 -0.00146 0.01157 5.8e-05 1.8e-05 0.00262 -8.294e-05 0.0001182
7.052E-01 -0.01249 0.002029 -0.00158 0.01204 0.000116 1.92e-05 0.00282 -8.754e-05 0.0001229
7.491E-01 -0.01287 0.002093 -0.0017 0.01252 0.000177 2.06e-05 0.00301 -9.224e-05 0.0001278
7.944E-01 -0.01325 0.002156 -0.00182 0.013 0.000241 2.18e-05 0.00321 -9.704e-05 0.0001327
8.410E-01 -0.01363 0.002218 -0.00194 0.01348 0.000307 2.3e-05 0.00341 -0.00010194 0.0001376
8.888E-01 -0.01401 0.002279 -0.00207 0.01396 0.000376 2.41e-05 0.00362 -0.00010694 0.0001427
9.378E-01 -0.01438 0.002339 -0.00219 0.01445 0.000447 2.56e-05 0.00382 -0.00011194 0.0001477
9.879E-01 -0.01475 0.002398 -0.00231 0.01493 0.00052 2.69e-05 0.00403 -0.00011714 0.0001529
1.039E+00 -0.01511 0.002455 -0.00244 0.01542 0.000595 2.83e-05 0.00424 -0.00012234 0.000158
1.091E+00 -0.01546 0.002511 -0.00256 0.0159 0.000671 2.96e-05 0.00445 -0.00012754 0.0001633
1.143E+00 -0.0158 0.002565 -0.00268 0.01637 0.000748 3.09e-05 0.00465 -0.00013284 0.0001685
1.195E+00 -0.01614 0.002618 -0.0028 0.01684 0.000825 3.22e-05 0.00486 -0.00013804 0.0001737
1.248E+00 -0.01647 0.002669 -0.00291 0.01731 0.000904 3.34e-05 0.00506 -0.00014334 0.0001789
1.302E+00 -0.01679 0.002718 -0.00302 0.01776 0.000982 3.47e-05 0.00526 -0.00014854 0.0001841
1.355E+00 -0.0171 0.002766 -0.00313 0.01822 0.001062 3.6e-05 0.00546 -0.00015374 0.0001894
1.409E+00 -0.0174 0.002813 -0.00324 0.01867 0.001142 3.73e-05 0.00566 -0.00015894 0.0001947
1.464E+00 -0.0177 0.002858 -0.00335 0.01911 0.001222 3.86e-05 0.00585 -0.00016414 0.0002
1.519E+00 -0.01799 0.002902 -0.00345 0.01955 0.001302 3.98e-05 0.00605 -0.00016934 0.0002053
1.574E+00 -0.01828 0.002945 -0.00356 0.01999 0.001383 4.1e-05 0.00624 -0.00017454 0.0002106
1.629E+00 -0.01856 0.002986 -0.00366 0.02042 0.001464 4.23e-05 0.00643 -0.00017964 0.0002159
1.685E+00 -0.01883 0.003027 -0.00375 0.02084 0.001545 4.34e-05 0.00661 -0.00018484 0.0002212
1.741E+00 -0.01909 0.003066 -0.00385 0.02126 0.001626 4.46e-05 0.0068 -0.00018994 0.0002264
1.798E+00 -0.01935 0.003104 -0.00394 0.02168 0.001708 4.59e-05 0.00698 -0.00019504 0.0002317
1.854E+00 -0.01961 0.003141 -0.00403 0.02209 0.001789 4.71e-05 0.00716 -0.00020014 0.0002371
1.911E+00 -0.01986 0.003177 -0.00412 0.0225 0.001871 4.84e-05 0.00734 -0.00020524 0.0002424
1.969E+00 -0.0201 0.003213 -0.00421 0.02291 0.001952 4.95e-05 0.00752 -0.00021034 0.0002477
2.026E+00 -0.02034 0.003247 -0.00429 0.02331 0.002034 5.08e-05 0.00769 -0.00021534 0.000253
2.084E+00 -0.02057 0.00328 -0.00437 0.02371 0.002116 5.18e-05 0.00787 -0.00022034 0.0002584
2.143E+00 -0.0208 0.003313 -0.00445 0.0241 0.002197 5.3e-05 0.00804 -0.00022534 0.0002636
2.201E+00 -0.02103 0.003345 -0.00453 0.02449 0.002279 5.42e-05 0.00821 -0.00023024 0.0002688
2.260E+00 -0.02125 0.003376 -0.0046 0.02488 0.002361 5.54e-05 0.00837 -0.00023514 0.000274
2.319E+00 -0.02146 0.003406 -0.00468 0.02526 0.002442 5.67e-05 0.00854 -0.00024004 0.0002793
2.379E+00 -0.02167 0.003436 -0.00475 0.02564 0.002524 5.78e-05 0.0087 -0.00024494 0.0002847
2.438E+00 -0.02188 0.003465 -0.00482 0.02602 0.002605 5.9e-05 0.00886 -0.00024984 0.0002901
2.498E+00 -0.02208 0.003493 -0.00488 0.02639 0.002686 6.02e-05 0.00902 -0.00025464 0.0002954
2.559E+00 -0.02228 0.003521 -0.00495 0.02676 0.002767 6.16e-05 0.00918 -0.00025944 0.0003007
2.619E+00 -0.02248 0.003548 -0.00501 0.02713 0.002849 6.29e-05 0.00933 -0.00026424 0.0003061
2.680E+00 -0.02267 0.003575 -0.00507 0.02749 0.00293 6.41e-05 0.00949 -0.00026894 0.0003116
2.741E+00 -0.02286 0.003601 -0.00513 0.02785 0.00301 6.51e-05 0.00964 -0.00027374 0.0003169
2.803E+00 -0.02304 0.003626 -0.00519 0.02821 0.003091 6.62e-05 0.00979 -0.00027844 0.0003222
2.864E+00 -0.02322 0.003651 -0.00524 0.02856 0.003171 6.74e-05 0.00994 -0.00028314 0.0003277
2.926E+00 -0.0234 0.003675 -0.00529 0.02891 0.003252 6.87e-05 0.01008 -0.00028774 0.000333
2.988E+00 -0.02357 0.003699 -0.00534 0.02926 0.003332 6.98e-05 0.01023 -0.00029234 0.0003384
3.051E+00 -0.02374 0.003722 -0.00539 0.0296 0.003412 7.09e-05 0.01037 -0.00029694 0.0003439
