SITE    LON      LAT       de(cm) dn(cm)  se(cm)  sn(cm)    source
0803  -116.4146 35.0718    -4.64  -7.68     1.60   1.21 AgnewEtAl,2002
0808  -115.9332 34.7278    -1.05  -9.86     0.91   0.88 AgnewEtAl,2002
6050  -116.3341 34.2661     2.91  19.89     0.73   0.72 AgnewEtAl,2002
6056  -116.6471 34.3696    -1.81   3.74     0.67   0.67 AgnewEtAl,2002
7000  -116.7159 34.6763   -19.62   1.39     0.66   0.66 AgnewEtAl,2002
7001  -116.4692 34.5600   -26.78  12.80     0.65   0.65 AgnewEtAl,2002
7002  -116.4039 34.3674     4.10  20.40     3.26   1.31 AgnewEtAl,2002
7007  -116.2245 34.7048   -19.24 -75.95     8.35   4.48 AgnewEtAl,2002
ACRN  -116.3261 34.3365    -0.94  31.76    11.76   2.68 AgnewEtAl,2002
ADZU  -116.2496 34.3522    -6.58  33.08     1.47   1.05 AgnewEtAl,2002
AIMR  -116.3430 34.4356     6.19  62.90     3.56   1.15 AgnewEtAl,2002
AMBO  -115.7425 34.5586     4.29  -4.54     0.89   0.82 AgnewEtAl,2002
ANT_  -116.3876 34.4821     8.46  57.72     0.70   0.70 AgnewEtAl,2002
ARGO  -116.2530 34.7315   -28.55 -76.06     2.72   1.02 AgnewEtAl,2002
ASIA  -116.2844 34.3916    -4.34  50.79     0.75   0.77 AgnewEtAl,2002
BAGJ  -116.2639 34.6553    25.05 -105.60     1.57   0.95 AgnewEtAl,2002
BAM2  -116.2889 34.4563    -6.27  99.09     2.51   1.73 AgnewEtAl,2002
BEER  -116.2566 34.3251     2.32  31.89     5.38   1.52 AgnewEtAl,2002
BM52  -116.3264 34.6813   -16.63 -106.61     0.78   0.75 AgnewEtAl,2002
BRAY  -116.2609 34.4565   -34.83 101.89     1.06   0.87 AgnewEtAl,2002
CHUK  -116.2436 34.5708   107.00 -189.50     0.83   0.80 AgnewEtAl,2002
CLR2  -116.3062 34.4291    -2.89  63.91     1.70   1.70 AgnewEtAl,2002
CROS  -116.1198 34.7226    -6.47 -31.96     3.89   2.25 AgnewEtAl,2002
DODG  -116.0410 34.3838    38.62 -16.38     0.74   0.78 AgnewEtAl,2002
DUMB  -116.0276 34.2880    15.12  -8.24    13.23   2.67 AgnewEtAl,2002
EAST  -116.1620 34.5779    44.12 -71.59     1.26   0.80 AgnewEtAl,2002
EBON  -116.1760 34.4910    63.49 -82.17     0.68   0.70 AgnewEtAl,2002
EDWI  -116.0927 34.5549    36.54 -33.57    10.04   7.01 AgnewEtAl,2002
ELEP  -116.0561 34.5227    35.00 -22.79    18.75   4.82 AgnewEtAl,2002
ELK1  -115.8694 34.4474    14.93  -7.36     7.27   1.32 AgnewEtAl,2002
END_  -116.1020 34.5306    39.94 -37.00     1.33   0.85 AgnewEtAl,2002
GAYS  -116.3786 34.5550   -17.98  69.60     3.25   1.39 AgnewEtAl,2002
GHAZ  -116.3262 34.5134     8.79 121.71     4.67   2.77 AgnewEtAl,2002
GODW  -115.9316 34.1364     0.33  -3.64     0.73   0.70 AgnewEtAl,2002
GYPS  -116.1825 34.3855     9.09  38.21     0.72   0.70 AgnewEtAl,2002
HEBR  -116.2630 34.4115    -6.31  62.56     9.91   1.98 AgnewEtAl,2002
HECT  -116.4207 34.7850   -18.18  -3.81     0.65   0.65 AgnewEtAl,2002
ISBO  -116.1402 34.3333    27.87  58.56     0.87   0.87 AgnewEtAl,2002
LAE1  -116.5571 34.5744   -23.09   6.25     0.63   0.64 AgnewEtAl,2002
LAE2  -116.5220 34.5889   -29.30   9.39     0.69   0.68 AgnewEtAl,2002
LAE3  -116.4868 34.6179   -44.38  13.56     0.96   0.74 AgnewEtAl,2002
LAE4  -116.3292 34.7341   -27.98 -83.44     1.09   0.85 AgnewEtAl,2002
LAW1  -116.5881 34.5424   -14.33   4.99     0.62   0.64 AgnewEtAl,2002
LAW2  -116.6237 34.5267   -12.08   3.28     1.34   0.79 AgnewEtAl,2002
LAW3  -116.6690 34.5015    -9.32   1.48     1.04   0.99 AgnewEtAl,2002
LAW4  -116.6652 34.4538    -6.11   2.38     0.93   0.96 AgnewEtAl,2002
LAYZ  -116.2529 34.6104   104.10 -121.58     9.06   2.08 AgnewEtAl,2002
LAZY  -116.5139 34.3439     1.56  15.01     0.64   0.64 AgnewEtAl,2002
LEDG  -116.4391 34.5020    -1.25  32.47     0.69   0.70 AgnewEtAl,2002
LUCS  -116.8819 34.4395   -14.82   0.27     7.71   3.21 AgnewEtAl,2002
LUDL  -116.1757 34.7232   -23.83 -44.50    13.90   4.74 AgnewEtAl,2002
MAUM  -116.4584 34.4190     6.62  25.00     0.72   0.73 AgnewEtAl,2002
MCAL  -116.3263 34.3387    -6.64  27.99     3.56   1.30 AgnewEtAl,2002
MCAN  -116.3552 34.3752     2.14  39.36     4.09   1.26 AgnewEtAl,2002
MEAN  -116.5497 34.4048    -0.82  12.38     0.77   0.79 AgnewEtAl,2002
MEEK  -116.6174 34.2579     0.31   3.59     0.68   0.69 AgnewEtAl,2002
MESQ  -116.1134 34.1933     0.10   2.79     0.69   0.69 AgnewEtAl,2002
OLDD  -116.6979 34.3905    -3.28   2.51     0.65   0.65 AgnewEtAl,2002
OLDW  -116.7519 34.3887    -3.45   0.63     0.64   0.65 AgnewEtAl,2002
ONYX  -116.7095 34.1926    -4.62   5.83     0.86   0.74 AgnewEtAl,2002
PAXU  -116.3898 34.1531     1.06   7.61     6.77   2.67 AgnewEtAl,2002
RAIN  -117.2075 34.9748    -6.09  -1.74     0.64   0.65 AgnewEtAl,2002
RICU  -116.4689 34.2641     0.17  14.20     0.65   0.65 AgnewEtAl,2002
RVAL  -115.4020 35.1417    -3.24  -3.76     0.65   0.65 AgnewEtAl,2002
SALY  -116.2153 34.4414     1.57  -4.24     0.74   0.73 AgnewEtAl,2002
SAND  -116.2789 34.2550     1.28  19.03     0.64   0.65 AgnewEtAl,2002
SCP1  -116.0062 34.2669    10.83  -7.31     0.66   0.65 AgnewEtAl,2002
SCP2  -115.9685 34.4192    28.00 -11.19     1.76   0.75 AgnewEtAl,2002
SCP4  -116.1864 34.3484     6.00  38.50     0.69   0.69 AgnewEtAl,2002
SCP5  -116.2369 34.4325   -26.35  82.83     0.74   0.72 AgnewEtAl,2002
SCP6  -116.3450 34.4070     4.26  51.99     0.70   0.69 AgnewEtAl,2002
SIBE  -116.0156 34.6243    10.74 -16.98     0.63   0.65 AgnewEtAl,2002
SILV  -116.2913 35.3970    -4.00  -3.65     0.70   0.67 AgnewEtAl,2002
SOAP  -116.9808 34.9038    -7.02  -0.75     0.65   0.65 AgnewEtAl,2002
STCH  -116.3121 34.6354    46.33 -111.08     0.89   0.79 AgnewEtAl,2002
TROY  -116.5305 34.8386   -15.62   2.47     0.63   0.65 AgnewEtAl,2002
XERO  -116.0203 34.2660    10.87  -7.70     5.80   3.06 AgnewEtAl,2002
ALAM_A  -115.1585 37.3580    -0.08  -0.04     0.09   0.08 JPL_reason
AOA1_Q  -118.8303 34.1574    -0.23   0.16     0.26   0.16 JPL_reason
AVRY_A  -117.1540 34.4683    -2.01   0.63     0.08   0.07 JPL_reason
AZRY_A  -116.6297 33.5401     0.60   1.65     0.07   0.06 JPL_reason
AZU1_A  -117.8965 34.1260    -0.24   0.26     0.08   0.07 JPL_reason
BBRY_A  -116.8842 34.2643     0.48   2.47     0.09   0.07 JPL_reason
BGIS_Q  -118.1597 33.9671     0.06   0.32     0.24   0.15 JPL_reason
BKMS_Q  -118.0947 33.9623    -0.15   0.05     0.24   0.14 JPL_reason
BLYT_A  -114.7149 33.6104     0.75  -0.27     0.11   0.07 JPL_reason
BMRY_A  -116.9847 33.9627     1.06   1.86     0.08   0.07 JPL_reason
BSRY_A  -117.0120 34.9186    -3.44   1.54     0.07   0.07 JPL_reason
CBHS_Q  -118.6298 34.1386    -0.47   0.19     0.24   0.14 JPL_reason
CCCO_Q  -118.2112 33.8763     0.06   0.07     0.25   0.15 JPL_reason
CCCS_Q  -117.8649 33.8627    -0.17   0.22     0.24   0.14 JPL_reason
CJMS_A  -117.4794 34.3138    -0.63   0.47     0.09   0.07 JPL_reason
CLAR_A  -117.7088 34.1099    -0.17   0.38     0.08   0.07 JPL_reason
COSO_A  -117.8089 35.9823    -0.24   0.15     0.09   0.07 JPL_reason
COTD_A  -116.3869 33.7325     0.54   2.16     0.19   0.14 JPL_reason
CRFP_A  -117.0997 34.0391     0.64   1.36     0.08   0.07 JPL_reason
CRHS_Q  -118.2728 33.8235    -0.28  -0.07     0.26   0.15 JPL_reason
CRRS_A  -115.7350 33.0698     0.29   0.30     0.10   0.07 JPL_reason
CSDH_Q  -118.2567 33.8615     0.01   0.07     0.24   0.14 JPL_reason
CSN1_Q  -118.5238 34.2535    -1.30  -0.03     0.25   0.14 JPL_reason
CTMS_A  -116.3704 34.1241     3.28  10.43     0.08   0.07 JPL_reason
CVHS_Q  -117.9017 34.0820    -0.62   0.25     0.29   0.16 JPL_reason
DAM1_Q  -118.3974 34.3340    -0.05  -0.11     0.26   0.16 JPL_reason
DAM2_Q  -118.3969 34.3348    -0.30   0.23     0.28   0.17 JPL_reason
DHLG_A  -115.7880 33.3898     0.40   0.41     0.09   0.07 JPL_reason
DSHS_Q  -118.3485 34.0239    -0.14   0.18     0.24   0.14 JPL_reason
DSSC_A  -116.7121 33.7333     0.91   2.41     0.10   0.07 JPL_reason
DYER_A  -118.0393 37.7428    -0.08   0.00     0.11   0.07 JPL_reason
DYHS_Q  -118.1260 33.9380    -0.13   0.14     0.24   0.14 JPL_reason
ECCO_Q  -118.3290 33.8867     0.43   0.20     0.26   0.16 JPL_reason
ECHO_A  -114.2643 37.9155     0.12  -0.13     0.18   0.12 JPL_reason
ELSC_Q  -118.2084 34.0297    -0.25   0.12     0.25   0.15 JPL_reason
EWPP_Q  -117.5256 34.1042    -1.09   0.45     0.26   0.15 JPL_reason
FERN_A  -112.4547 35.3419     0.28  -0.01     0.12   0.07 JPL_reason
FRED_A  -112.4992 36.9883    -0.09   0.00     0.12   0.08 JPL_reason
FVPK_Q  -117.9357 33.6623     0.32   0.12     0.24   0.14 JPL_reason
FXHS_Q  -118.3595 34.0806    -0.23   0.20     0.24   0.14 JPL_reason
FZHS_Q  -118.8934 34.8002    -0.25   0.05     0.24   0.15 JPL_reason
GOL2_A  -116.8893 35.4252    -0.53   0.03     0.07   0.07 JPL_reason
HARV_Q  -120.6821 34.4694     0.05  -0.15     0.24   0.14 JPL_reason
HOLC_A  -117.8452 34.4582    -0.48   0.25     0.09   0.08 JPL_reason
JPLM_Q  -118.1732 34.2048    -0.80   0.11     0.28   0.17 JPL_reason
LAPC_Q  -118.5746 34.1819     0.11   0.32     0.27   0.17 JPL_reason
LASC_A  -118.3065 33.9279    -0.11   0.14     0.09   0.07 JPL_reason
LBC1_Q  -118.1372 33.8321     0.37   0.28     0.28   0.17 JPL_reason
LBC2_Q  -118.1732 33.7916     0.13   0.13     0.26   0.15 JPL_reason
LDES_A  -116.4328 34.2673     5.88  17.91     0.08   0.07 JPL_reason
LFRS_Q  -118.4128 34.0951    -0.34   0.27     0.24   0.15 JPL_reason
LINJ_A  -118.1392 34.6620    -0.32   0.20     0.09   0.07 JPL_reason
LLAS_Q  -117.8379 34.5860    -0.76   0.29     0.23   0.14 JPL_reason
LONG_A  -118.0034 34.1119    -0.18   0.33     0.08   0.07 JPL_reason
LORS_Q  -117.7541 34.1333    -0.28   0.15     0.24   0.14 JPL_reason
LPHS_Q  -117.9567 34.0268    -0.86   0.10     0.25   0.15 JPL_reason
MATH_A  -117.4368 33.8567     0.22   0.62     0.08   0.07 JPL_reason
MLFP_A  -117.3180 33.9184     0.31   0.82     0.07   0.07 JPL_reason
MONP_A  -116.4223 32.8919     0.16   0.47     0.11   0.07 JPL_reason
MPWD_Q  -118.8780 34.2955    -0.30  -0.59     0.63   0.25 JPL_reason
MSOB_A  -117.2101 34.2308    -0.33   0.77     0.08   0.07 JPL_reason
MUSD_Q  -119.0960 34.2616    -0.15  -0.05     0.24   0.14 JPL_reason
MVFD_Q  -116.5253 33.2109     0.10   0.66     0.24   0.15 JPL_reason
NOPK_Q  -118.3480 33.9797    -0.27  -0.03     0.25   0.15 JPL_reason
OAES_A  -116.0677 34.1410     2.59   2.80     0.09   0.07 JPL_reason
OVLS_Q  -119.1419 34.3274    -0.21  -0.16     0.28   0.17 JPL_reason
PIN1_A  -116.4582 33.6122     0.72   1.85     0.07   0.06 JPL_reason
PIN2_A  -116.4576 33.6121     0.72   1.82     0.07   0.06 JPL_reason
PINY_Q  -116.4582 33.6122     0.51   1.66     0.24   0.14 JPL_reason
PMHS_Q  -118.1537 33.9026    -0.49   0.19     0.24   0.14 JPL_reason
PMOB_A  -116.8595 33.3572     0.34   1.07     0.10   0.07 JPL_reason
PPBF_A  -117.1821 33.8357     0.54   1.16     0.09   0.07 JPL_reason
PSAP_A  -116.4940 33.8192     1.14   3.21     0.08   0.07 JPL_reason
PVEP_A  -118.4042 33.7433    -0.16   0.12     0.10   0.07 JPL_reason
PVHS_Q  -118.3722 33.7794     0.43   0.01     0.25   0.15 JPL_reason
PVRS_Q  -118.3206 33.7739     0.31  -0.19     0.25   0.15 JPL_reason
RHCL_Q  -118.0262 34.0191    -0.03   0.18     0.25   0.15 JPL_reason
ROCH_A  -116.6098 33.6110     0.73   1.89     0.07   0.07 JPL_reason
RTHS_A  -117.3533 34.0891     0.05   0.56     0.08   0.07 JPL_reason
SACY_Q  -117.8956 33.7432    -0.10   0.33     0.24   0.14 JPL_reason
SCIA_Q  -117.3883 34.6075    -2.12   0.25     0.33   0.20 JPL_reason
SCMS_A  -117.6346 33.4441     0.31   0.67     0.10   0.07 JPL_reason
SIO3_Q  -117.2504 32.8647     0.03   0.38     0.25   0.15 JPL_reason
SLMS_Q  -115.9778 33.2922    -0.28   0.32     0.25   0.14 JPL_reason
SNHS_Q  -117.9286 33.9273    -0.26   0.14     0.24   0.14 JPL_reason
SNI1_A  -119.5244 33.2479     0.19   0.04     0.12   0.07 JPL_reason
SPMS_A  -117.8488 33.9926    -0.20   0.21     0.09   0.07 JPL_reason
SPMX_A  -115.4659 31.0450     0.10  -0.05     0.13   0.08 JPL_reason
TABL_A  -117.6783 34.3819    -0.67   0.40     0.09   0.07 JPL_reason
TOST_Q  -118.8367 34.2480     0.13   0.08     0.24   0.14 JPL_reason
VNDP_A  -120.6164 34.5563    -0.04  -0.04     0.12   0.07 JPL_reason
VTIS_Q  -118.2938 33.7126    -0.09   0.07     0.24   0.14 JPL_reason
VYAS_Q  -117.9920 34.0309    -0.35  -0.10     0.25   0.15 JPL_reason
WCHS_Q  -117.9111 34.0619    -0.49   0.13     0.25   0.15 JPL_reason
WIDC_A  -116.3918 33.9348     1.71   5.28     0.08   0.07 JPL_reason
WLSN_Q  -118.0559 34.2261    -0.31   0.25     0.28   0.17 JPL_reason
WMAP_Q  -118.4143 34.2594    -0.16   0.16     0.24   0.15 JPL_reason
WRHS_Q  -118.4276 33.9582    -0.30   0.37     0.26   0.15 JPL_reason
