#         t         u1         u2         u3        s11        s12        s13        s22        s23        s33
 0.0000e+00  0.000e+00  0.000e+00  0.000e+00  0.000e+00  0.000e+00  0.000e+00  0.000e+00  0.000e+00  0.000e+00
 2.7780e-02 -1.060e-04 -4.100e-04  1.400e-04 -3.500e-04  8.000e-05 -2.900e-06 -2.000e-04 -3.000e-06 -1.000e-06
 5.5560e-02 -2.070e-04 -8.100e-04  2.800e-04 -6.900e-04  1.500e-04 -5.600e-06 -4.000e-04 -6.000e-06 -1.000e-06
 8.3330e-02 -3.050e-04 -1.200e-03  4.100e-04 -1.010e-03  2.300e-04 -8.200e-06 -6.000e-04 -9.000e-06 -2.000e-06
 1.1110e-01 -3.980e-04 -1.570e-03  5.300e-04 -1.330e-03  3.000e-04 -1.080e-05 -7.000e-04 -1.200e-05 -2.000e-06
 1.3890e-01 -4.880e-04 -1.930e-03  6.500e-04 -1.630e-03  3.700e-04 -1.330e-05 -9.000e-04 -1.500e-05 -3.000e-06
 1.6670e-01 -5.750e-04 -2.280e-03  7.700e-04 -1.920e-03  4.300e-04 -1.570e-05 -1.100e-03 -1.800e-05 -4.000e-06
 1.9440e-01 -6.570e-04 -2.610e-03  8.800e-04 -2.210e-03  5.000e-04 -1.810e-05 -1.300e-03 -2.000e-05 -4.000e-06
 2.2220e-01 -7.360e-04 -2.940e-03  9.900e-04 -2.480e-03  5.600e-04 -2.040e-05 -1.400e-03 -2.200e-05 -5.000e-06
 2.5000e-01 -8.120e-04 -3.260e-03  1.090e-03 -2.750e-03  6.200e-04 -2.260e-05 -1.600e-03 -2.500e-05 -6.000e-06
 2.7780e-01 -8.850e-04 -3.560e-03  1.190e-03 -3.010e-03  6.800e-04 -2.470e-05 -1.800e-03 -2.700e-05 -6.000e-06
 3.0560e-01 -9.550e-04 -3.860e-03  1.280e-03 -3.250e-03  7.400e-04 -2.680e-05 -1.900e-03 -3.000e-05 -7.000e-06
 3.3330e-01 -1.022e-03 -4.150e-03  1.370e-03 -3.490e-03  7.900e-04 -2.890e-05 -2.100e-03 -3.200e-05 -8.000e-06
 3.6110e-01 -1.086e-03 -4.430e-03  1.460e-03 -3.730e-03  8.400e-04 -3.090e-05 -2.200e-03 -3.400e-05 -8.000e-06
 3.8890e-01 -1.147e-03 -4.700e-03  1.540e-03 -3.950e-03  9.000e-04 -3.280e-05 -2.400e-03 -3.600e-05 -9.000e-06
 4.1670e-01 -1.205e-03 -4.960e-03  1.620e-03 -4.170e-03  9.500e-04 -3.470e-05 -2.500e-03 -3.800e-05 -1.000e-05
 4.4440e-01 -1.261e-03 -5.210e-03  1.700e-03 -4.380e-03  9.900e-04 -3.650e-05 -2.600e-03 -4.100e-05 -1.100e-05
 4.7220e-01 -1.314e-03 -5.460e-03  1.770e-03 -4.590e-03  1.040e-03 -3.820e-05 -2.800e-03 -4.300e-05 -1.100e-05
 5.0000e-01 -1.365e-03 -5.700e-03  1.840e-03 -4.790e-03  1.090e-03 -3.990e-05 -2.900e-03 -4.500e-05 -1.200e-05
 5.2780e-01 -1.413e-03 -5.930e-03  1.900e-03 -4.980e-03  1.130e-03 -4.160e-05 -3.000e-03 -4.600e-05 -1.300e-05
 5.5560e-01 -1.460e-03 -6.160e-03  1.970e-03 -5.160e-03  1.170e-03 -4.320e-05 -3.100e-03 -4.800e-05 -1.400e-05
 5.8330e-01 -1.503e-03 -6.380e-03  2.030e-03 -5.340e-03  1.220e-03 -4.480e-05 -3.300e-03 -5.000e-05 -1.400e-05
 6.1110e-01 -1.545e-03 -6.590e-03  2.080e-03 -5.520e-03  1.260e-03 -4.640e-05 -3.400e-03 -5.200e-05 -1.500e-05
 6.3890e-01 -1.585e-03 -6.800e-03  2.140e-03 -5.690e-03  1.300e-03 -4.790e-05 -3.500e-03 -5.400e-05 -1.600e-05
 6.6670e-01 -1.622e-03 -7.000e-03  2.190e-03 -5.850e-03  1.340e-03 -4.930e-05 -3.600e-03 -5.600e-05 -1.700e-05
 6.9440e-01 -1.658e-03 -7.200e-03  2.240e-03 -6.010e-03  1.370e-03 -5.070e-05 -3.700e-03 -5.700e-05 -1.700e-05
 7.2220e-01 -1.692e-03 -7.390e-03  2.290e-03 -6.160e-03  1.410e-03 -5.210e-05 -3.800e-03 -5.900e-05 -1.800e-05
 7.5000e-01 -1.724e-03 -7.570e-03  2.330e-03 -6.310e-03  1.450e-03 -5.340e-05 -3.900e-03 -6.100e-05 -1.900e-05
 7.7780e-01 -1.754e-03 -7.750e-03  2.370e-03 -6.460e-03  1.480e-03 -5.470e-05 -4.000e-03 -6.200e-05 -2.000e-05
 8.0560e-01 -1.782e-03 -7.930e-03  2.410e-03 -6.600e-03  1.510e-03 -5.600e-05 -4.100e-03 -6.400e-05 -2.000e-05
 8.3330e-01 -1.808e-03 -8.100e-03  2.450e-03 -6.730e-03  1.550e-03 -5.720e-05 -4.200e-03 -6.500e-05 -2.100e-05
 8.6110e-01 -1.833e-03 -8.260e-03  2.490e-03 -6.870e-03  1.580e-03 -5.850e-05 -4.300e-03 -6.700e-05 -2.200e-05
 8.8890e-01 -1.857e-03 -8.430e-03  2.520e-03 -6.990e-03  1.610e-03 -5.960e-05 -4.400e-03 -6.800e-05 -2.300e-05
 9.1670e-01 -1.878e-03 -8.580e-03  2.550e-03 -7.120e-03  1.640e-03 -6.080e-05 -4.400e-03 -6.900e-05 -2.400e-05
 9.4440e-01 -1.899e-03 -8.740e-03  2.580e-03 -7.240e-03  1.670e-03 -6.190e-05 -4.500e-03 -7.100e-05 -2.500e-05
 9.7220e-01 -1.917e-03 -8.890e-03  2.610e-03 -7.360e-03  1.700e-03 -6.300e-05 -4.600e-03 -7.200e-05 -2.600e-05
 1.0000e+00 -1.935e-03 -9.030e-03  2.630e-03 -7.470e-03  1.730e-03 -6.400e-05 -4.700e-03 -7.300e-05 -2.700e-05
 1.0280e+00 -1.950e-03 -9.170e-03  2.660e-03 -7.580e-03  1.750e-03 -6.500e-05 -4.700e-03 -7.400e-05 -2.700e-05
 1.0560e+00 -1.965e-03 -9.310e-03  2.680e-03 -7.690e-03  1.780e-03 -6.600e-05 -4.800e-03 -7.600e-05 -2.800e-05
 1.0830e+00 -1.978e-03 -9.450e-03  2.700e-03 -7.790e-03  1.810e-03 -6.700e-05 -4.900e-03 -7.700e-05 -2.900e-05
 1.1110e+00 -1.990e-03 -9.580e-03  2.720e-03 -7.890e-03  1.830e-03 -6.790e-05 -5.000e-03 -7.800e-05 -3.000e-05
 1.1390e+00 -2.001e-03 -9.710e-03  2.730e-03 -7.990e-03  1.860e-03 -6.880e-05 -5.000e-03 -7.900e-05 -3.100e-05
 1.1670e+00 -2.010e-03 -9.830e-03  2.750e-03 -8.080e-03  1.880e-03 -6.970e-05 -5.100e-03 -8.000e-05 -3.200e-05
 1.1940e+00 -2.019e-03 -9.950e-03  2.760e-03 -8.180e-03  1.910e-03 -7.060e-05 -5.100e-03 -8.100e-05 -3.200e-05
 1.2220e+00 -2.026e-03 -1.007e-02  2.780e-03 -8.270e-03  1.930e-03 -7.140e-05 -5.200e-03 -8.300e-05 -3.300e-05
 1.2500e+00 -2.032e-03 -1.019e-02  2.790e-03 -8.350e-03  1.950e-03 -7.230e-05 -5.300e-03 -8.400e-05 -3.400e-05
 1.2780e+00 -2.037e-03 -1.030e-02  2.800e-03 -8.440e-03  1.970e-03 -7.310e-05 -5.300e-03 -8.500e-05 -3.500e-05
 1.3060e+00 -2.041e-03 -1.041e-02  2.810e-03 -8.520e-03  1.990e-03 -7.380e-05 -5.400e-03 -8.600e-05 -3.600e-05
 1.3330e+00 -2.043e-03 -1.052e-02  2.810e-03 -8.600e-03  2.020e-03 -7.460e-05 -5.400e-03 -8.700e-05 -3.700e-05
 1.3610e+00 -2.045e-03 -1.062e-02  2.820e-03 -8.680e-03  2.040e-03 -7.530e-05 -5.500e-03 -8.800e-05 -3.800e-05
 1.3890e+00 -2.046e-03 -1.073e-02  2.830e-03 -8.750e-03  2.060e-03 -7.600e-05 -5.500e-03 -8.900e-05 -3.900e-05
 1.4170e+00 -2.046e-03 -1.083e-02  2.830e-03 -8.830e-03  2.080e-03 -7.670e-05 -5.600e-03 -9.000e-05 -4.000e-05
 1.4440e+00 -2.045e-03 -1.092e-02  2.830e-03 -8.900e-03  2.100e-03 -7.740e-05 -5.600e-03 -9.100e-05 -4.000e-05
 1.4720e+00 -2.043e-03 -1.102e-02  2.830e-03 -8.970e-03  2.110e-03 -7.810e-05 -5.700e-03 -9.100e-05 -4.100e-05
 1.5000e+00 -2.040e-03 -1.111e-02  2.840e-03 -9.030e-03  2.130e-03 -7.870e-05 -5.700e-03 -9.200e-05 -4.200e-05
 1.5280e+00 -2.037e-03 -1.120e-02  2.840e-03 -9.100e-03  2.150e-03 -7.940e-05 -5.700e-03 -9.300e-05 -4.300e-05
 1.5560e+00 -2.032e-03 -1.129e-02  2.830e-03 -9.160e-03  2.170e-03 -8.000e-05 -5.800e-03 -9.400e-05 -4.400e-05
 1.5830e+00 -2.027e-03 -1.138e-02  2.830e-03 -9.220e-03  2.180e-03 -8.060e-05 -5.800e-03 -9.500e-05 -4.400e-05
 1.6110e+00 -2.021e-03 -1.146e-02  2.830e-03 -9.280e-03  2.200e-03 -8.120e-05 -5.800e-03 -9.600e-05 -4.500e-05
 1.6390e+00 -2.014e-03 -1.155e-02  2.830e-03 -9.340e-03  2.220e-03 -8.170e-05 -5.900e-03 -9.600e-05 -4.600e-05
 1.6670e+00 -2.006e-03 -1.163e-02  2.820e-03 -9.400e-03  2.230e-03 -8.230e-05 -5.900e-03 -9.700e-05 -4.700e-05
 1.6940e+00 -1.998e-03 -1.171e-02  2.820e-03 -9.460e-03  2.250e-03 -8.280e-05 -5.900e-03 -9.800e-05 -4.800e-05
 1.7220e+00 -1.989e-03 -1.178e-02  2.810e-03 -9.510e-03  2.270e-03 -8.340e-05 -6.000e-03 -9.900e-05 -4.900e-05
 1.7500e+00 -1.979e-03 -1.186e-02  2.800e-03 -9.560e-03  2.280e-03 -8.390e-05 -6.000e-03 -1.000e-04 -5.000e-05
 1.7780e+00 -1.969e-03 -1.193e-02  2.800e-03 -9.610e-03  2.300e-03 -8.440e-05 -6.000e-03 -1.000e-04 -5.100e-05
 1.8060e+00 -1.958e-03 -1.200e-02  2.790e-03 -9.660e-03  2.310e-03 -8.480e-05 -6.100e-03 -1.010e-04 -5.100e-05
 1.8330e+00 -1.946e-03 -1.207e-02  2.780e-03 -9.710e-03  2.320e-03 -8.530e-05 -6.100e-03 -1.010e-04 -5.200e-05
 1.8610e+00 -1.934e-03 -1.214e-02  2.770e-03 -9.760e-03  2.340e-03 -8.580e-05 -6.100e-03 -1.020e-04 -5.300e-05
 1.8890e+00 -1.921e-03 -1.221e-02  2.760e-03 -9.800e-03  2.350e-03 -8.620e-05 -6.100e-03 -1.030e-04 -5.400e-05
 1.9170e+00 -1.908e-03 -1.227e-02  2.750e-03 -9.850e-03  2.360e-03 -8.660e-05 -6.200e-03 -1.030e-04 -5.500e-05
 1.9440e+00 -1.894e-03 -1.234e-02  2.740e-03 -9.890e-03  2.380e-03 -8.710e-05 -6.200e-03 -1.040e-04 -5.600e-05
 1.9720e+00 -1.879e-03 -1.240e-02  2.730e-03 -9.930e-03  2.390e-03 -8.750e-05 -6.200e-03 -1.050e-04 -5.700e-05
 2.0000e+00 -1.864e-03 -1.246e-02  2.720e-03 -9.970e-03  2.400e-03 -8.790e-05 -6.200e-03 -1.060e-04 -5.800e-05
 2.0280e+00 -1.848e-03 -1.252e-02  2.700e-03 -1.001e-02  2.420e-03 -8.830e-05 -6.200e-03 -1.060e-04 -5.900e-05
 2.0560e+00 -1.832e-03 -1.258e-02  2.690e-03 -1.005e-02  2.430e-03 -8.870e-05 -6.300e-03 -1.070e-04 -5.900e-05
 2.0830e+00 -1.815e-03 -1.264e-02  2.680e-03 -1.009e-02  2.440e-03 -8.900e-05 -6.300e-03 -1.070e-04 -6.000e-05
 2.1110e+00 -1.798e-03 -1.269e-02  2.660e-03 -1.013e-02  2.450e-03 -8.940e-05 -6.300e-03 -1.080e-04 -6.100e-05
 2.1390e+00 -1.780e-03 -1.275e-02  2.650e-03 -1.016e-02  2.460e-03 -8.970e-05 -6.300e-03 -1.080e-04 -6.200e-05
 2.1670e+00 -1.762e-03 -1.280e-02  2.630e-03 -1.020e-02  2.470e-03 -9.010e-05 -6.300e-03 -1.090e-04 -6.300e-05
 2.1940e+00 -1.743e-03 -1.285e-02  2.620e-03 -1.023e-02  2.480e-03 -9.040e-05 -6.300e-03 -1.090e-04 -6.300e-05
 2.2220e+00 -1.724e-03 -1.290e-02  2.600e-03 -1.026e-02  2.500e-03 -9.080e-05 -6.400e-03 -1.100e-04 -6.400e-05
 2.2500e+00 -1.705e-03 -1.295e-02  2.590e-03 -1.030e-02  2.510e-03 -9.110e-05 -6.400e-03 -1.110e-04 -6.500e-05
 2.2780e+00 -1.685e-03 -1.300e-02  2.570e-03 -1.033e-02  2.520e-03 -9.140e-05 -6.400e-03 -1.110e-04 -6.600e-05
 2.3060e+00 -1.664e-03 -1.305e-02  2.560e-03 -1.036e-02  2.530e-03 -9.170e-05 -6.400e-03 -1.110e-04 -6.600e-05
 2.3330e+00 -1.644e-03 -1.309e-02  2.540e-03 -1.039e-02  2.540e-03 -9.200e-05 -6.400e-03 -1.120e-04 -6.700e-05
 2.3610e+00 -1.622e-03 -1.314e-02  2.520e-03 -1.042e-02  2.550e-03 -9.230e-05 -6.400e-03 -1.120e-04 -6.800e-05
 2.3890e+00 -1.601e-03 -1.318e-02  2.500e-03 -1.044e-02  2.560e-03 -9.260e-05 -6.400e-03 -1.130e-04 -6.900e-05
 2.4170e+00 -1.579e-03 -1.323e-02  2.490e-03 -1.047e-02  2.570e-03 -9.290e-05 -6.400e-03 -1.130e-04 -7.000e-05
 2.4440e+00 -1.557e-03 -1.327e-02  2.470e-03 -1.050e-02  2.570e-03 -9.320e-05 -6.500e-03 -1.140e-04 -7.000e-05
 2.4720e+00 -1.534e-03 -1.331e-02  2.450e-03 -1.052e-02  2.580e-03 -9.340e-05 -6.500e-03 -1.140e-04 -7.100e-05
 2.5000e+00 -1.511e-03 -1.335e-02  2.430e-03 -1.055e-02  2.590e-03 -9.370e-05 -6.500e-03 -1.150e-04 -7.200e-05
 2.5280e+00 -1.488e-03 -1.339e-02  2.410e-03 -1.057e-02  2.600e-03 -9.390e-05 -6.500e-03 -1.150e-04 -7.300e-05
 2.5560e+00 -1.464e-03 -1.343e-02  2.400e-03 -1.060e-02  2.610e-03 -9.420e-05 -6.500e-03 -1.150e-04 -7.400e-05
 2.5830e+00 -1.440e-03 -1.346e-02  2.380e-03 -1.062e-02  2.620e-03 -9.440e-05 -6.500e-03 -1.160e-04 -7.500e-05
 2.6110e+00 -1.416e-03 -1.350e-02  2.360e-03 -1.065e-02  2.630e-03 -9.460e-05 -6.500e-03 -1.160e-04 -7.500e-05
 2.6390e+00 -1.391e-03 -1.354e-02  2.340e-03 -1.067e-02  2.630e-03 -9.490e-05 -6.500e-03 -1.170e-04 -7.600e-05
 2.6670e+00 -1.366e-03 -1.357e-02  2.320e-03 -1.069e-02  2.640e-03 -9.510e-05 -6.500e-03 -1.170e-04 -7.700e-05
 2.6940e+00 -1.341e-03 -1.361e-02  2.300e-03 -1.071e-02  2.650e-03 -9.530e-05 -6.500e-03 -1.180e-04 -7.700e-05
 2.7220e+00 -1.315e-03 -1.364e-02  2.280e-03 -1.073e-02  2.660e-03 -9.550e-05 -6.500e-03 -1.180e-04 -7.800e-05
 2.7500e+00 -1.290e-03 -1.367e-02  2.260e-03 -1.075e-02  2.670e-03 -9.570e-05 -6.500e-03 -1.190e-04 -7.900e-05
 2.7780e+00 -1.264e-03 -1.370e-02  2.240e-03 -1.077e-02  2.670e-03 -9.590e-05 -6.500e-03 -1.190e-04 -7.900e-05
 2.8060e+00 -1.237e-03 -1.374e-02  2.220e-03 -1.079e-02  2.680e-03 -9.610e-05 -6.500e-03 -1.190e-04 -8.000e-05
 2.8330e+00 -1.211e-03 -1.377e-02  2.200e-03 -1.081e-02  2.690e-03 -9.630e-05 -6.500e-03 -1.200e-04 -8.100e-05
 2.8610e+00 -1.184e-03 -1.380e-02  2.180e-03 -1.083e-02  2.700e-03 -9.650e-05 -6.500e-03 -1.200e-04 -8.200e-05
 2.8890e+00 -1.157e-03 -1.382e-02  2.160e-03 -1.085e-02  2.700e-03 -9.670e-05 -6.500e-03 -1.200e-04 -8.200e-05
 2.9170e+00 -1.129e-03 -1.385e-02  2.140e-03 -1.086e-02  2.710e-03 -9.690e-05 -6.500e-03 -1.210e-04 -8.300e-05
 2.9440e+00 -1.102e-03 -1.388e-02  2.120e-03 -1.088e-02  2.720e-03 -9.700e-05 -6.500e-03 -1.210e-04 -8.400e-05
 2.9720e+00 -1.074e-03 -1.391e-02  2.100e-03 -1.090e-02  2.720e-03 -9.720e-05 -6.500e-03 -1.210e-04 -8.400e-05
 3.0000e+00 -1.046e-03 -1.393e-02  2.080e-03 -1.091e-02  2.730e-03 -9.740e-05 -6.500e-03 -1.220e-04 -8.500e-05
