#         t         u1         u2         u3        s11        s12        s13        s22        s23        s33
 0.0000e+00  0.000e+00  0.000e+00  0.000e+00  0.000e+00  0.000e+00  0.000e+00  0.000e+00  0.000e+00  0.000e+00
 2.7780e-02 -1.900e-04 -2.750e-04 -2.220e-04 -3.000e-06  1.300e-04 -2.800e-06  2.300e-04 -3.900e-06 -4.000e-06
 5.5560e-02 -3.700e-04 -5.420e-04 -4.410e-04 -5.000e-06  2.600e-04 -5.500e-06  4.600e-04 -7.700e-06 -7.900e-06
 8.3330e-02 -5.400e-04 -8.010e-04 -6.550e-04 -5.000e-06  3.900e-04 -8.100e-06  6.700e-04 -1.140e-05 -1.180e-05
 1.1110e-01 -7.000e-04 -1.052e-03 -8.670e-04 -2.000e-06  5.100e-04 -1.060e-05  8.800e-04 -1.500e-05 -1.550e-05
 1.3890e-01 -8.600e-04 -1.295e-03 -1.075e-03  2.000e-06  6.300e-04 -1.310e-05  1.080e-03 -1.850e-05 -1.930e-05
 1.6670e-01 -1.010e-03 -1.531e-03 -1.280e-03  7.000e-06  7.500e-04 -1.540e-05  1.280e-03 -2.190e-05 -2.320e-05
 1.9440e-01 -1.150e-03 -1.761e-03 -1.482e-03  1.500e-05  8.600e-04 -1.770e-05  1.470e-03 -2.520e-05 -2.690e-05
 2.2220e-01 -1.290e-03 -1.984e-03 -1.681e-03  2.300e-05  9.700e-04 -2.000e-05  1.650e-03 -2.850e-05 -3.060e-05
 2.5000e-01 -1.420e-03 -2.200e-03 -1.877e-03  3.300e-05  1.080e-03 -2.210e-05  1.830e-03 -3.160e-05 -3.420e-05
 2.7780e-01 -1.540e-03 -2.411e-03 -2.070e-03  4.400e-05  1.190e-03 -2.420e-05  2.010e-03 -3.470e-05 -3.780e-05
 3.0560e-01 -1.660e-03 -2.615e-03 -2.260e-03  5.700e-05  1.290e-03 -2.620e-05  2.170e-03 -3.770e-05 -4.130e-05
 3.3330e-01 -1.780e-03 -2.814e-03 -2.448e-03  7.000e-05  1.390e-03 -2.820e-05  2.340e-03 -4.060e-05 -4.490e-05
 3.6110e-01 -1.890e-03 -3.007e-03 -2.633e-03  8.500e-05  1.480e-03 -3.020e-05  2.500e-03 -4.340e-05 -4.830e-05
 3.8890e-01 -1.990e-03 -3.195e-03 -2.816e-03  1.000e-04  1.580e-03 -3.200e-05  2.650e-03 -4.620e-05 -5.170e-05
 4.1670e-01 -2.090e-03 -3.378e-03 -2.996e-03  1.160e-04  1.670e-03 -3.380e-05  2.810e-03 -4.890e-05 -5.520e-05
 4.4440e-01 -2.180e-03 -3.556e-03 -3.173e-03  1.330e-04  1.760e-03 -3.550e-05  2.950e-03 -5.160e-05 -5.870e-05
 4.7220e-01 -2.270e-03 -3.730e-03 -3.345e-03  1.500e-04  1.850e-03 -3.720e-05  3.100e-03 -5.420e-05 -6.190e-05
 5.0000e-01 -2.360e-03 -3.899e-03 -3.525e-03  1.680e-04  1.930e-03 -3.890e-05  3.240e-03 -5.660e-05 -6.530e-05
 5.2780e-01 -2.440e-03 -4.063e-03 -3.695e-03  1.870e-04  2.010e-03 -4.040e-05  3.370e-03 -5.900e-05 -6.850e-05
 5.5560e-01 -2.520e-03 -4.219e-03 -3.855e-03  2.060e-04  2.090e-03 -4.190e-05  3.510e-03 -6.140e-05 -7.160e-05
 5.8330e-01 -2.590e-03 -4.379e-03 -4.025e-03  2.260e-04  2.170e-03 -4.340e-05  3.640e-03 -6.370e-05 -7.480e-05
 6.1110e-01 -2.660e-03 -4.529e-03 -4.195e-03  2.460e-04  2.250e-03 -4.480e-05  3.760e-03 -6.600e-05 -7.800e-05
 6.3890e-01 -2.730e-03 -4.679e-03 -4.355e-03  2.660e-04  2.320e-03 -4.620e-05  3.890e-03 -6.820e-05 -8.110e-05
 6.6670e-01 -2.790e-03 -4.819e-03 -4.515e-03  2.867e-04  2.390e-03 -4.750e-05  4.010e-03 -7.040e-05 -8.420e-05
 6.9440e-01 -2.850e-03 -4.959e-03 -4.665e-03  3.076e-04  2.470e-03 -4.880e-05  4.120e-03 -7.240e-05 -8.730e-05
 7.2220e-01 -2.910e-03 -5.099e-03 -4.825e-03  3.288e-04  2.530e-03 -5.000e-05  4.240e-03 -7.450e-05 -9.030e-05
 7.5000e-01 -2.970e-03 -5.229e-03 -4.975e-03  3.502e-04  2.600e-03 -5.120e-05  4.350e-03 -7.640e-05 -9.330e-05
 7.7780e-01 -3.020e-03 -5.359e-03 -5.135e-03  3.717e-04  2.670e-03 -5.250e-05  4.460e-03 -7.840e-05 -9.640e-05
 8.0560e-01 -3.070e-03 -5.489e-03 -5.285e-03  3.934e-04  2.730e-03 -5.360e-05  4.570e-03 -8.030e-05 -9.930e-05
 8.3330e-01 -3.110e-03 -5.619e-03 -5.425e-03  4.153e-04  2.790e-03 -5.480e-05  4.680e-03 -8.210e-05 -1.021e-04
 8.6110e-01 -3.150e-03 -5.739e-03 -5.575e-03  4.371e-04  2.850e-03 -5.600e-05  4.780e-03 -8.390e-05 -1.049e-04
 8.8890e-01 -3.190e-03 -5.849e-03 -5.715e-03  4.590e-04  2.910e-03 -5.710e-05  4.880e-03 -8.570e-05 -1.078e-04
 9.1670e-01 -3.230e-03 -5.969e-03 -5.865e-03  4.810e-04  2.970e-03 -5.810e-05  4.980e-03 -8.740e-05 -1.106e-04
 9.4440e-01 -3.270e-03 -6.079e-03 -6.005e-03  5.029e-04  3.030e-03 -5.910e-05  5.080e-03 -8.900e-05 -1.133e-04
 9.7220e-01 -3.300e-03 -6.189e-03 -6.145e-03  5.248e-04  3.080e-03 -6.010e-05  5.170e-03 -9.070e-05 -1.161e-04
 1.0000e+00 -3.330e-03 -6.299e-03 -6.285e-03  5.467e-04  3.140e-03 -6.110e-05  5.260e-03 -9.230e-05 -1.189e-04
 1.0280e+00 -3.360e-03 -6.399e-03 -6.415e-03  5.686e-04  3.190e-03 -6.210e-05  5.360e-03 -9.380e-05 -1.217e-04
 1.0560e+00 -3.390e-03 -6.499e-03 -6.555e-03  5.905e-04  3.240e-03 -6.300e-05  5.450e-03 -9.530e-05 -1.243e-04
 1.0830e+00 -3.420e-03 -6.599e-03 -6.685e-03  6.121e-04  3.290e-03 -6.390e-05  5.530e-03 -9.680e-05 -1.270e-04
 1.1110e+00 -3.440e-03 -6.699e-03 -6.815e-03  6.337e-04  3.340e-03 -6.480e-05  5.620e-03 -9.820e-05 -1.296e-04
 1.1390e+00 -3.460e-03 -6.789e-03 -6.945e-03  6.551e-04  3.390e-03 -6.570e-05  5.700e-03 -9.970e-05 -1.322e-04
 1.1670e+00 -3.480e-03 -6.879e-03 -7.075e-03  6.765e-04  3.430e-03 -6.650e-05  5.790e-03 -1.010e-04 -1.347e-04
 1.1940e+00 -3.500e-03 -6.969e-03 -7.195e-03  6.977e-04  3.480e-03 -6.730e-05  5.870e-03 -1.024e-04 -1.374e-04
 1.2220e+00 -3.520e-03 -7.059e-03 -7.325e-03  7.189e-04  3.520e-03 -6.810e-05  5.950e-03 -1.037e-04 -1.399e-04
 1.2500e+00 -3.530e-03 -7.149e-03 -7.445e-03  7.397e-04  3.560e-03 -6.880e-05  6.030e-03 -1.050e-04 -1.424e-04
 1.2780e+00 -3.550e-03 -7.229e-03 -7.565e-03  7.605e-04  3.610e-03 -6.950e-05  6.100e-03 -1.063e-04 -1.448e-04
 1.3060e+00 -3.560e-03 -7.309e-03 -7.685e-03  7.812e-04  3.650e-03 -7.030e-05  6.180e-03 -1.075e-04 -1.472e-04
 1.3330e+00 -3.570e-03 -7.389e-03 -7.805e-03  8.017e-04  3.690e-03 -7.100e-05  6.250e-03 -1.087e-04 -1.496e-04
 1.3610e+00 -3.580e-03 -7.469e-03 -7.925e-03  8.220e-04  3.730e-03 -7.170e-05  6.330e-03 -1.099e-04 -1.519e-04
 1.3890e+00 -3.590e-03 -7.549e-03 -8.045e-03  8.419e-04  3.770e-03 -7.230e-05  6.400e-03 -1.110e-04 -1.543e-04
 1.4170e+00 -3.590e-03 -7.619e-03 -8.155e-03  8.618e-04  3.800e-03 -7.300e-05  6.470e-03 -1.122e-04 -1.567e-04
 1.4440e+00 -3.600e-03 -7.689e-03 -8.275e-03  8.814e-04  3.840e-03 -7.350e-05  6.540e-03 -1.133e-04 -1.590e-04
 1.4720e+00 -3.600e-03 -7.759e-03 -8.385e-03  9.009e-04  3.880e-03 -7.420e-05  6.610e-03 -1.144e-04 -1.612e-04
 1.5000e+00 -3.600e-03 -7.829e-03 -8.495e-03  9.200e-04  3.910e-03 -7.480e-05  6.680e-03 -1.154e-04 -1.635e-04
 1.5280e+00 -3.610e-03 -7.899e-03 -8.605e-03  9.391e-04  3.950e-03 -7.540e-05  6.740e-03 -1.165e-04 -1.657e-04
 1.5560e+00 -3.610e-03 -7.969e-03 -8.715e-03  9.578e-04  3.980e-03 -7.590e-05  6.810e-03 -1.175e-04 -1.679e-04
 1.5830e+00 -3.610e-03 -8.029e-03 -8.825e-03  9.765e-04  4.010e-03 -7.640e-05  6.870e-03 -1.184e-04 -1.700e-04
 1.6110e+00 -3.610e-03 -8.089e-03 -8.925e-03  9.948e-04  4.040e-03 -7.700e-05  6.930e-03 -1.194e-04 -1.722e-04
 1.6390e+00 -3.600e-03 -8.149e-03 -9.035e-03  1.013e-03  4.070e-03 -7.750e-05  7.000e-03 -1.203e-04 -1.743e-04
 1.6670e+00 -3.600e-03 -8.209e-03 -9.135e-03  1.031e-03  4.100e-03 -7.810e-05  7.060e-03 -1.212e-04 -1.765e-04
 1.6940e+00 -3.600e-03 -8.269e-03 -9.235e-03  1.048e-03  4.130e-03 -7.850e-05  7.120e-03 -1.221e-04 -1.784e-04
 1.7220e+00 -3.590e-03 -8.329e-03 -9.345e-03  1.066e-03  4.160e-03 -7.900e-05  7.180e-03 -1.230e-04 -1.804e-04
 1.7500e+00 -3.580e-03 -8.379e-03 -9.445e-03  1.083e-03  4.190e-03 -7.950e-05  7.230e-03 -1.238e-04 -1.825e-04
 1.7780e+00 -3.580e-03 -8.439e-03 -9.545e-03  1.100e-03  4.220e-03 -7.990e-05  7.290e-03 -1.246e-04 -1.844e-04
 1.8060e+00 -3.570e-03 -8.489e-03 -9.635e-03  1.117e-03  4.250e-03 -8.030e-05  7.350e-03 -1.254e-04 -1.863e-04
 1.8330e+00 -3.560e-03 -8.539e-03 -9.735e-03  1.133e-03  4.270e-03 -8.080e-05  7.400e-03 -1.262e-04 -1.883e-04
 1.8610e+00 -3.550e-03 -8.589e-03 -9.835e-03  1.150e-03  4.300e-03 -8.120e-05  7.460e-03 -1.270e-04 -1.903e-04
 1.8890e+00 -3.540e-03 -8.639e-03 -9.925e-03  1.166e-03  4.330e-03 -8.160e-05  7.510e-03 -1.278e-04 -1.921e-04
 1.9170e+00 -3.530e-03 -8.689e-03 -1.002e-02  1.182e-03  4.350e-03 -8.200e-05  7.570e-03 -1.286e-04 -1.942e-04
 1.9440e+00 -3.520e-03 -8.739e-03 -1.011e-02  1.197e-03  4.370e-03 -8.230e-05  7.620e-03 -1.293e-04 -1.960e-04
 1.9720e+00 -3.510e-03 -8.779e-03 -1.020e-02  1.213e-03  4.400e-03 -8.270e-05  7.670e-03 -1.300e-04 -1.978e-04
 2.0000e+00 -3.500e-03 -8.829e-03 -1.029e-02  1.228e-03  4.420e-03 -8.300e-05  7.720e-03 -1.306e-04 -1.997e-04
 2.0280e+00 -3.480e-03 -8.869e-03 -1.038e-02  1.243e-03  4.440e-03 -8.340e-05  7.770e-03 -1.313e-04 -2.016e-04
 2.0560e+00 -3.470e-03 -8.909e-03 -1.047e-02  1.257e-03  4.470e-03 -8.370e-05  7.820e-03 -1.320e-04 -2.035e-04
 2.0830e+00 -3.450e-03 -8.949e-03 -1.056e-02  1.272e-03  4.490e-03 -8.410e-05  7.870e-03 -1.326e-04 -2.054e-04
 2.1110e+00 -3.440e-03 -8.989e-03 -1.064e-02  1.286e-03  4.510e-03 -8.440e-05  7.920e-03 -1.333e-04 -2.073e-04
 2.1390e+00 -3.420e-03 -9.029e-03 -1.073e-02  1.300e-03  4.530e-03 -8.470e-05  7.970e-03 -1.339e-04 -2.092e-04
 2.1670e+00 -3.410e-03 -9.069e-03 -1.081e-02  1.314e-03  4.550e-03 -8.510e-05  8.010e-03 -1.345e-04 -2.110e-04
 2.1940e+00 -3.390e-03 -9.109e-03 -1.090e-02  1.327e-03  4.570e-03 -8.540e-05  8.060e-03 -1.351e-04 -2.128e-04
 2.2220e+00 -3.370e-03 -9.149e-03 -1.098e-02  1.341e-03  4.590e-03 -8.570e-05  8.100e-03 -1.356e-04 -2.147e-04
 2.2500e+00 -3.350e-03 -9.179e-03 -1.106e-02  1.354e-03  4.610e-03 -8.590e-05  8.150e-03 -1.362e-04 -2.165e-04
 2.2780e+00 -3.330e-03 -9.219e-03 -1.114e-02  1.367e-03  4.630e-03 -8.620e-05  8.190e-03 -1.367e-04 -2.182e-04
 2.3060e+00 -3.320e-03 -9.249e-03 -1.122e-02  1.379e-03  4.650e-03 -8.650e-05  8.240e-03 -1.373e-04 -2.200e-04
 2.3330e+00 -3.300e-03 -9.279e-03 -1.130e-02  1.392e-03  4.670e-03 -8.670e-05  8.280e-03 -1.378e-04 -2.217e-04
 2.3610e+00 -3.280e-03 -9.319e-03 -1.138e-02  1.404e-03  4.680e-03 -8.700e-05  8.320e-03 -1.384e-04 -2.233e-04
 2.3890e+00 -3.260e-03 -9.349e-03 -1.146e-02  1.416e-03  4.700e-03 -8.720e-05  8.360e-03 -1.389e-04 -2.252e-04
 2.4170e+00 -3.240e-03 -9.379e-03 -1.154e-02  1.428e-03  4.720e-03 -8.740e-05  8.410e-03 -1.393e-04 -2.271e-04
 2.4440e+00 -3.210e-03 -9.409e-03 -1.162e-02  1.440e-03  4.730e-03 -8.760e-05  8.450e-03 -1.398e-04 -2.286e-04
 2.4720e+00 -3.190e-03 -9.439e-03 -1.170e-02  1.451e-03  4.750e-03 -8.790e-05  8.490e-03 -1.403e-04 -2.301e-04
 2.5000e+00 -3.170e-03 -9.459e-03 -1.176e-02  1.463e-03  4.770e-03 -8.820e-05  8.530e-03 -1.408e-04 -2.317e-04
 2.5280e+00 -3.150e-03 -9.489e-03 -1.184e-02  1.474e-03  4.780e-03 -8.840e-05  8.570e-03 -1.412e-04 -2.333e-04
 2.5560e+00 -3.130e-03 -9.519e-03 -1.191e-02  1.485e-03  4.800e-03 -8.870e-05  8.600e-03 -1.416e-04 -2.349e-04
 2.5830e+00 -3.100e-03 -9.549e-03 -1.198e-02  1.496e-03  4.810e-03 -8.890e-05  8.640e-03 -1.421e-04 -2.366e-04
 2.6110e+00 -3.080e-03 -9.569e-03 -1.205e-02  1.506e-03  4.830e-03 -8.920e-05  8.680e-03 -1.425e-04 -2.380e-04
 2.6390e+00 -3.060e-03 -9.599e-03 -1.213e-02  1.517e-03  4.840e-03 -8.940e-05  8.720e-03 -1.429e-04 -2.397e-04
 2.6670e+00 -3.030e-03 -9.619e-03 -1.219e-02  1.527e-03  4.850e-03 -8.960e-05  8.750e-03 -1.433e-04 -2.412e-04
 2.6940e+00 -3.010e-03 -9.639e-03 -1.226e-02  1.537e-03  4.870e-03 -8.980e-05  8.790e-03 -1.437e-04 -2.426e-04
 2.7220e+00 -2.980e-03 -9.669e-03 -1.233e-02  1.547e-03  4.880e-03 -8.990e-05  8.830e-03 -1.442e-04 -2.439e-04
 2.7500e+00 -2.960e-03 -9.689e-03 -1.240e-02  1.557e-03  4.890e-03 -9.010e-05  8.860e-03 -1.446e-04 -2.454e-04
 2.7780e+00 -2.930e-03 -9.709e-03 -1.247e-02  1.567e-03  4.910e-03 -9.030e-05  8.900e-03 -1.450e-04 -2.468e-04
 2.8060e+00 -2.910e-03 -9.729e-03 -1.253e-02  1.576e-03  4.920e-03 -9.050e-05  8.930e-03 -1.453e-04 -2.482e-04
 2.8330e+00 -2.880e-03 -9.749e-03 -1.260e-02  1.586e-03  4.930e-03 -9.060e-05  8.970e-03 -1.457e-04 -2.494e-04
 2.8610e+00 -2.850e-03 -9.769e-03 -1.266e-02  1.595e-03  4.950e-03 -9.070e-05  9.000e-03 -1.461e-04 -2.508e-04
 2.8890e+00 -2.830e-03 -9.789e-03 -1.273e-02  1.604e-03  4.960e-03 -9.100e-05  9.030e-03 -1.464e-04 -2.521e-04
 2.9170e+00 -2.800e-03 -9.809e-03 -1.279e-02  1.613e-03  4.970e-03 -9.110e-05  9.070e-03 -1.468e-04 -2.536e-04
 2.9440e+00 -2.770e-03 -9.819e-03 -1.285e-02  1.621e-03  4.980e-03 -9.120e-05  9.100e-03 -1.471e-04 -2.550e-04
 2.9720e+00 -2.750e-03 -9.839e-03 -1.291e-02  1.630e-03  4.990e-03 -9.140e-05  9.130e-03 -1.474e-04 -2.565e-04
 3.0000e+00 -2.720e-03 -9.859e-03 -1.299e-02  1.638e-03  5.000e-03 -9.160e-05  9.160e-03 -1.477e-04 -2.580e-04
