#         t         u1         u2         u3        s11        s12        s13        s22        s23        s33
 0.0000e+00  0.000e+00  0.000e+00  0.000e+00  0.000e+00  0.000e+00  0.000e+00  0.000e+00  0.000e+00  0.000e+00
 2.7780e-02 -2.000e-04 -5.000e-05 -5.000e-04  0.000e+00  1.300e-04 -1.000e-06  8.000e-04 -1.500e-06 -7.000e-06
 5.5560e-02 -3.000e-04 -9.000e-05 -9.900e-04  1.000e-04  2.600e-04 -2.000e-06  1.500e-03 -3.000e-06 -1.300e-05
 8.3330e-02 -5.000e-04 -1.400e-04 -1.470e-03  1.000e-04  3.800e-04 -3.000e-06  2.300e-03 -4.500e-06 -2.000e-05
 1.1110e-01 -6.000e-04 -1.800e-04 -1.940e-03  1.000e-04  5.000e-04 -5.000e-06  2.900e-03 -5.900e-06 -2.700e-05
 1.3890e-01 -7.000e-04 -2.300e-04 -2.400e-03  2.000e-04  6.100e-04 -6.000e-06  3.600e-03 -7.200e-06 -3.300e-05
 1.6670e-01 -8.000e-04 -2.700e-04 -2.860e-03  2.000e-04  7.200e-04 -7.000e-06  4.300e-03 -8.500e-06 -3.900e-05
 1.9440e-01 -9.000e-04 -3.100e-04 -3.300e-03  3.000e-04  8.300e-04 -8.000e-06  4.900e-03 -9.800e-06 -4.500e-05
 2.2220e-01 -1.000e-03 -3.500e-04 -3.730e-03  3.000e-04  9.300e-04 -9.000e-06  5.500e-03 -1.110e-05 -5.100e-05
 2.5000e-01 -1.100e-03 -3.900e-04 -4.160e-03  4.000e-04  1.040e-03 -1.000e-05  6.100e-03 -1.230e-05 -5.700e-05
 2.7780e-01 -1.200e-03 -4.300e-04 -4.580e-03  4.000e-04  1.130e-03 -1.100e-05  6.700e-03 -1.350e-05 -6.400e-05
 3.0560e-01 -1.300e-03 -4.630e-04 -4.990e-03  5.000e-04  1.230e-03 -1.200e-05  7.300e-03 -1.470e-05 -6.900e-05
 3.3330e-01 -1.400e-03 -4.990e-04 -5.390e-03  5.000e-04  1.320e-03 -1.300e-05  7.800e-03 -1.580e-05 -7.500e-05
 3.6110e-01 -1.500e-03 -5.340e-04 -5.790e-03  6.000e-04  1.410e-03 -1.400e-05  8.400e-03 -1.700e-05 -8.100e-05
 3.8890e-01 -1.500e-03 -5.680e-04 -6.170e-03  6.000e-04  1.500e-03 -1.500e-05  8.900e-03 -1.810e-05 -8.600e-05
 4.1670e-01 -1.600e-03 -6.010e-04 -6.550e-03  7.000e-04  1.590e-03 -1.600e-05  9.400e-03 -1.920e-05 -9.200e-05
 4.4440e-01 -1.700e-03 -6.340e-04 -6.930e-03  7.000e-04  1.670e-03 -1.700e-05  9.900e-03 -2.020e-05 -9.800e-05
 4.7220e-01 -1.700e-03 -6.650e-04 -7.300e-03  8.000e-04  1.750e-03 -1.800e-05  1.040e-02 -2.120e-05 -1.030e-04
 5.0000e-01 -1.800e-03 -6.960e-04 -7.660e-03  9.000e-04  1.830e-03 -1.800e-05  1.080e-02 -2.220e-05 -1.090e-04
 5.2780e-01 -1.800e-03 -7.260e-04 -8.010e-03  9.000e-04  1.910e-03 -1.900e-05  1.130e-02 -2.320e-05 -1.140e-04
 5.5560e-01 -1.900e-03 -7.560e-04 -8.360e-03  1.000e-03  1.980e-03 -1.900e-05  1.170e-02 -2.420e-05 -1.190e-04
 5.8330e-01 -1.900e-03 -7.840e-04 -8.700e-03  1.000e-03  2.050e-03 -2.000e-05  1.220e-02 -2.520e-05 -1.240e-04
 6.1110e-01 -2.000e-03 -8.120e-04 -9.030e-03  1.100e-03  2.120e-03 -2.100e-05  1.260e-02 -2.620e-05 -1.290e-04
 6.3890e-01 -2.000e-03 -8.390e-04 -9.360e-03  1.100e-03  2.190e-03 -2.100e-05  1.300e-02 -2.700e-05 -1.340e-04
 6.6670e-01 -2.000e-03 -8.650e-04 -9.690e-03  1.200e-03  2.260e-03 -2.200e-05  1.340e-02 -2.800e-05 -1.390e-04
 6.9440e-01 -2.100e-03 -8.910e-04 -1.000e-02  1.200e-03  2.320e-03 -2.300e-05  1.380e-02 -2.880e-05 -1.450e-04
 7.2220e-01 -2.100e-03 -9.160e-04 -1.032e-02  1.300e-03  2.390e-03 -2.300e-05  1.410e-02 -2.950e-05 -1.500e-04
 7.5000e-01 -2.100e-03 -9.400e-04 -1.062e-02  1.300e-03  2.450e-03 -2.300e-05  1.450e-02 -3.030e-05 -1.540e-04
 7.7780e-01 -2.200e-03 -9.630e-04 -1.093e-02  1.400e-03  2.510e-03 -2.400e-05  1.490e-02 -3.120e-05 -1.590e-04
 8.0560e-01 -2.200e-03 -9.860e-04 -1.122e-02  1.400e-03  2.570e-03 -2.500e-05  1.520e-02 -3.200e-05 -1.630e-04
 8.3330e-01 -2.200e-03 -1.008e-03 -1.151e-02  1.500e-03  2.620e-03 -2.500e-05  1.560e-02 -3.270e-05 -1.680e-04
 8.6110e-01 -2.200e-03 -1.030e-03 -1.180e-02  1.500e-03  2.680e-03 -2.600e-05  1.590e-02 -3.340e-05 -1.720e-04
 8.8890e-01 -2.200e-03 -1.051e-03 -1.208e-02  1.600e-03  2.730e-03 -2.600e-05  1.620e-02 -3.400e-05 -1.770e-04
 9.1670e-01 -2.200e-03 -1.071e-03 -1.236e-02  1.600e-03  2.780e-03 -2.600e-05  1.660e-02 -3.470e-05 -1.810e-04
 9.4440e-01 -2.200e-03 -1.091e-03 -1.263e-02  1.700e-03  2.830e-03 -2.700e-05  1.690e-02 -3.540e-05 -1.850e-04
 9.7220e-01 -2.300e-03 -1.110e-03 -1.290e-02  1.700e-03  2.880e-03 -2.700e-05  1.720e-02 -3.610e-05 -1.890e-04
 1.0000e+00 -2.300e-03 -1.128e-03 -1.317e-02  1.800e-03  2.930e-03 -2.700e-05  1.750e-02 -3.680e-05 -1.940e-04
 1.0280e+00 -2.300e-03 -1.146e-03 -1.343e-02  1.800e-03  2.980e-03 -2.700e-05  1.770e-02 -3.730e-05 -1.980e-04
 1.0560e+00 -2.300e-03 -1.163e-03 -1.368e-02  1.900e-03  3.020e-03 -2.800e-05  1.800e-02 -3.800e-05 -2.020e-04
 1.0830e+00 -2.300e-03 -1.180e-03 -1.393e-02  1.900e-03  3.070e-03 -2.800e-05  1.830e-02 -3.860e-05 -2.070e-04
 1.1110e+00 -2.300e-03 -1.196e-03 -1.418e-02  2.000e-03  3.110e-03 -2.900e-05  1.860e-02 -3.920e-05 -2.110e-04
 1.1390e+00 -2.300e-03 -1.212e-03 -1.442e-02  2.000e-03  3.150e-03 -2.900e-05  1.880e-02 -3.980e-05 -2.150e-04
 1.1670e+00 -2.300e-03 -1.227e-03 -1.466e-02  2.100e-03  3.200e-03 -2.900e-05  1.910e-02 -4.040e-05 -2.190e-04
 1.1940e+00 -2.300e-03 -1.242e-03 -1.490e-02  2.100e-03  3.240e-03 -3.000e-05  1.930e-02 -4.090e-05 -2.220e-04
 1.2220e+00 -2.300e-03 -1.256e-03 -1.513e-02  2.100e-03  3.270e-03 -3.000e-05  1.960e-02 -4.140e-05 -2.260e-04
 1.2500e+00 -2.300e-03 -1.269e-03 -1.536e-02  2.200e-03  3.310e-03 -3.000e-05  1.980e-02 -4.190e-05 -2.300e-04
 1.2780e+00 -2.300e-03 -1.282e-03 -1.558e-02  2.200e-03  3.350e-03 -3.000e-05  2.010e-02 -4.240e-05 -2.340e-04
 1.3060e+00 -2.300e-03 -1.295e-03 -1.580e-02  2.300e-03  3.390e-03 -3.000e-05  2.030e-02 -4.290e-05 -2.380e-04
 1.3330e+00 -2.200e-03 -1.307e-03 -1.602e-02  2.300e-03  3.420e-03 -3.100e-05  2.050e-02 -4.340e-05 -2.420e-04
 1.3610e+00 -2.200e-03 -1.318e-03 -1.624e-02  2.400e-03  3.460e-03 -3.100e-05  2.070e-02 -4.380e-05 -2.450e-04
 1.3890e+00 -2.200e-03 -1.329e-03 -1.645e-02  2.400e-03  3.490e-03 -3.100e-05  2.100e-02 -4.430e-05 -2.480e-04
 1.4170e+00 -2.200e-03 -1.340e-03 -1.666e-02  2.400e-03  3.520e-03 -3.200e-05  2.120e-02 -4.470e-05 -2.520e-04
 1.4440e+00 -2.200e-03 -1.350e-03 -1.686e-02  2.500e-03  3.550e-03 -3.100e-05  2.140e-02 -4.520e-05 -2.560e-04
 1.4720e+00 -2.200e-03 -1.360e-03 -1.706e-02  2.500e-03  3.580e-03 -3.200e-05  2.160e-02 -4.570e-05 -2.590e-04
 1.5000e+00 -2.200e-03 -1.369e-03 -1.726e-02  2.600e-03  3.610e-03 -3.200e-05  2.180e-02 -4.620e-05 -2.630e-04
 1.5280e+00 -2.200e-03 -1.378e-03 -1.746e-02  2.600e-03  3.640e-03 -3.200e-05  2.200e-02 -4.660e-05 -2.660e-04
 1.5560e+00 -2.100e-03 -1.386e-03 -1.765e-02  2.600e-03  3.670e-03 -3.300e-05  2.210e-02 -4.710e-05 -2.690e-04
 1.5830e+00 -2.100e-03 -1.394e-03 -1.784e-02  2.700e-03  3.700e-03 -3.300e-05  2.230e-02 -4.760e-05 -2.730e-04
 1.6110e+00 -2.100e-03 -1.401e-03 -1.802e-02  2.700e-03  3.730e-03 -3.300e-05  2.250e-02 -4.800e-05 -2.750e-04
 1.6390e+00 -2.100e-03 -1.409e-03 -1.821e-02  2.700e-03  3.750e-03 -3.300e-05  2.270e-02 -4.840e-05 -2.780e-04
 1.6670e+00 -2.100e-03 -1.415e-03 -1.839e-02  2.800e-03  3.780e-03 -3.300e-05  2.290e-02 -4.870e-05 -2.820e-04
 1.6940e+00 -2.100e-03 -1.422e-03 -1.857e-02  2.800e-03  3.810e-03 -3.400e-05  2.300e-02 -4.910e-05 -2.850e-04
 1.7220e+00 -2.000e-03 -1.428e-03 -1.874e-02  2.800e-03  3.830e-03 -3.400e-05  2.320e-02 -4.950e-05 -2.880e-04
 1.7500e+00 -2.000e-03 -1.433e-03 -1.892e-02  2.900e-03  3.860e-03 -3.400e-05  2.340e-02 -4.980e-05 -2.910e-04
 1.7780e+00 -2.000e-03 -1.438e-03 -1.909e-02  2.900e-03  3.880e-03 -3.500e-05  2.350e-02 -5.010e-05 -2.940e-04
 1.8060e+00 -2.000e-03 -1.443e-03 -1.926e-02  2.900e-03  3.900e-03 -3.500e-05  2.370e-02 -5.050e-05 -2.970e-04
 1.8330e+00 -1.900e-03 -1.448e-03 -1.942e-02  3.000e-03  3.920e-03 -3.500e-05  2.380e-02 -5.080e-05 -3.000e-04
 1.8610e+00 -1.900e-03 -1.452e-03 -1.958e-02  3.000e-03  3.950e-03 -3.500e-05  2.400e-02 -5.120e-05 -3.030e-04
 1.8890e+00 -1.900e-03 -1.455e-03 -1.975e-02  3.000e-03  3.970e-03 -3.500e-05  2.410e-02 -5.150e-05 -3.060e-04
 1.9170e+00 -1.900e-03 -1.459e-03 -1.990e-02  3.100e-03  3.990e-03 -3.500e-05  2.430e-02 -5.180e-05 -3.090e-04
 1.9440e+00 -1.900e-03 -1.462e-03 -2.006e-02  3.100e-03  4.010e-03 -3.500e-05  2.440e-02 -5.200e-05 -3.120e-04
 1.9720e+00 -1.800e-03 -1.465e-03 -2.021e-02  3.100e-03  4.030e-03 -3.500e-05  2.450e-02 -5.230e-05 -3.150e-04
 2.0000e+00 -1.800e-03 -1.467e-03 -2.037e-02  3.100e-03  4.050e-03 -3.500e-05  2.470e-02 -5.260e-05 -3.180e-04
 2.0280e+00 -1.800e-03 -1.469e-03 -2.052e-02  3.200e-03  4.070e-03 -3.500e-05  2.480e-02 -5.280e-05 -3.210e-04
 2.0560e+00 -1.800e-03 -1.471e-03 -2.066e-02  3.200e-03  4.090e-03 -3.500e-05  2.490e-02 -5.320e-05 -3.230e-04
 2.0830e+00 -1.700e-03 -1.472e-03 -2.081e-02  3.200e-03  4.100e-03 -3.500e-05  2.510e-02 -5.340e-05 -3.260e-04
 2.1110e+00 -1.700e-03 -1.473e-03 -2.095e-02  3.300e-03  4.120e-03 -3.500e-05  2.520e-02 -5.370e-05 -3.290e-04
 2.1390e+00 -1.700e-03 -1.474e-03 -2.109e-02  3.300e-03  4.140e-03 -3.500e-05  2.530e-02 -5.390e-05 -3.320e-04
 2.1670e+00 -1.600e-03 -1.475e-03 -2.123e-02  3.300e-03  4.160e-03 -3.600e-05  2.540e-02 -5.410e-05 -3.350e-04
 2.1940e+00 -1.600e-03 -1.475e-03 -2.137e-02  3.300e-03  4.170e-03 -3.500e-05  2.550e-02 -5.430e-05 -3.370e-04
 2.2220e+00 -1.600e-03 -1.475e-03 -2.151e-02  3.400e-03  4.190e-03 -3.600e-05  2.570e-02 -5.460e-05 -3.400e-04
 2.2500e+00 -1.600e-03 -1.475e-03 -2.164e-02  3.400e-03  4.200e-03 -3.600e-05  2.580e-02 -5.480e-05 -3.420e-04
 2.2780e+00 -1.500e-03 -1.474e-03 -2.177e-02  3.400e-03  4.220e-03 -3.600e-05  2.590e-02 -5.500e-05 -3.450e-04
 2.3060e+00 -1.500e-03 -1.474e-03 -2.190e-02  3.400e-03  4.230e-03 -3.600e-05  2.600e-02 -5.520e-05 -3.470e-04
 2.3330e+00 -1.500e-03 -1.472e-03 -2.203e-02  3.500e-03  4.250e-03 -3.600e-05  2.610e-02 -5.540e-05 -3.500e-04
 2.3610e+00 -1.400e-03 -1.471e-03 -2.216e-02  3.500e-03  4.260e-03 -3.600e-05  2.620e-02 -5.560e-05 -3.520e-04
 2.3890e+00 -1.400e-03 -1.469e-03 -2.228e-02  3.500e-03  4.280e-03 -3.600e-05  2.630e-02 -5.590e-05 -3.540e-04
 2.4170e+00 -1.400e-03 -1.468e-03 -2.240e-02  3.500e-03  4.290e-03 -3.600e-05  2.640e-02 -5.610e-05 -3.570e-04
 2.4440e+00 -1.400e-03 -1.465e-03 -2.253e-02  3.500e-03  4.300e-03 -3.700e-05  2.650e-02 -5.630e-05 -3.590e-04
 2.4720e+00 -1.300e-03 -1.463e-03 -2.265e-02  3.600e-03  4.320e-03 -3.600e-05  2.660e-02 -5.650e-05 -3.610e-04
 2.5000e+00 -1.300e-03 -1.461e-03 -2.276e-02  3.600e-03  4.330e-03 -3.600e-05  2.670e-02 -5.660e-05 -3.630e-04
 2.5280e+00 -1.300e-03 -1.458e-03 -2.288e-02  3.600e-03  4.340e-03 -3.600e-05  2.680e-02 -5.680e-05 -3.660e-04
 2.5560e+00 -1.200e-03 -1.455e-03 -2.300e-02  3.600e-03  4.360e-03 -3.600e-05  2.690e-02 -5.700e-05 -3.670e-04
 2.5830e+00 -1.200e-03 -1.451e-03 -2.311e-02  3.600e-03  4.370e-03 -3.600e-05  2.700e-02 -5.710e-05 -3.700e-04
 2.6110e+00 -1.200e-03 -1.448e-03 -2.322e-02  3.700e-03  4.380e-03 -3.600e-05  2.710e-02 -5.730e-05 -3.720e-04
 2.6390e+00 -1.100e-03 -1.444e-03 -2.333e-02  3.700e-03  4.390e-03 -3.600e-05  2.710e-02 -5.740e-05 -3.740e-04
 2.6670e+00 -1.100e-03 -1.440e-03 -2.344e-02  3.700e-03  4.400e-03 -3.600e-05  2.720e-02 -5.750e-05 -3.760e-04
 2.6940e+00 -1.100e-03 -1.436e-03 -2.355e-02  3.700e-03  4.410e-03 -3.600e-05  2.730e-02 -5.770e-05 -3.780e-04
 2.7220e+00 -1.000e-03 -1.432e-03 -2.365e-02  3.700e-03  4.420e-03 -3.700e-05  2.740e-02 -5.790e-05 -3.800e-04
 2.7500e+00 -1.000e-03 -1.427e-03 -2.376e-02  3.800e-03  4.430e-03 -3.700e-05  2.750e-02 -5.800e-05 -3.820e-04
 2.7780e+00 -1.000e-03 -1.423e-03 -2.386e-02  3.800e-03  4.440e-03 -3.700e-05  2.750e-02 -5.810e-05 -3.840e-04
 2.8060e+00 -9.000e-04 -1.418e-03 -2.396e-02  3.800e-03  4.450e-03 -3.700e-05  2.760e-02 -5.830e-05 -3.870e-04
 2.8330e+00 -9.000e-04 -1.413e-03 -2.406e-02  3.800e-03  4.460e-03 -3.700e-05  2.770e-02 -5.840e-05 -3.890e-04
 2.8610e+00 -9.000e-04 -1.407e-03 -2.416e-02  3.800e-03  4.470e-03 -3.700e-05  2.780e-02 -5.850e-05 -3.900e-04
 2.8890e+00 -8.000e-04 -1.402e-03 -2.426e-02  3.800e-03  4.480e-03 -3.700e-05  2.780e-02 -5.870e-05 -3.920e-04
 2.9170e+00 -8.000e-04 -1.396e-03 -2.436e-02  3.900e-03  4.490e-03 -3.700e-05  2.790e-02 -5.880e-05 -3.940e-04
 2.9440e+00 -8.000e-04 -1.390e-03 -2.445e-02  3.900e-03  4.500e-03 -3.700e-05  2.800e-02 -5.890e-05 -3.960e-04
 2.9720e+00 -7.000e-04 -1.384e-03 -2.455e-02  3.900e-03  4.510e-03 -3.700e-05  2.810e-02 -5.910e-05 -3.970e-04
 3.0000e+00 -7.000e-04 -1.378e-03 -2.464e-02  3.900e-03  4.520e-03 -3.700e-05  2.810e-02 -5.920e-05 -3.990e-04
