#         t         u1         u2         u3        s11        s12        s13        s22        s23        s33
 0.0000e+00  0.000e+00  0.000e+00  0.000e+00  0.000e+00  0.000e+00  0.000e+00  0.000e+00  0.000e+00  0.000e+00
 2.7740e-08  0.000e+00  0.000e+00  0.000e+00  0.000e+00  0.000e+00  0.000e+00  0.000e+00  0.000e+00  0.000e+00
 6.7450e-08  0.000e+00  0.000e+00  0.000e+00  0.000e+00  0.000e+00  0.000e+00  0.000e+00  0.000e+00  0.000e+00
 1.2390e-07  0.000e+00  0.000e+00  0.000e+00  0.000e+00  0.000e+00  0.000e+00  0.000e+00  0.000e+00  0.000e+00
 2.0340e-07  0.000e+00  0.000e+00  0.000e+00  0.000e+00  0.000e+00  0.000e+00  0.000e+00  0.000e+00  0.000e+00
 3.1110e-07  0.000e+00  0.000e+00  0.000e+00  0.000e+00  0.000e+00  0.000e+00  0.000e+00  0.000e+00  0.000e+00
 4.5380e-07  0.000e+00  0.000e+00  1.000e-05 -1.000e-05 -1.000e-05  0.000e+00  0.000e+00  0.000e+00  0.000e+00
 6.4230e-07  0.000e+00 -1.000e-05  1.000e-05 -1.000e-05 -1.000e-05  0.000e+00  0.000e+00  0.000e+00  0.000e+00
 8.9100e-07  0.000e+00 -1.000e-05  1.000e-05 -1.000e-05  0.000e+00  0.000e+00  0.000e+00  0.000e+00  0.000e+00
 1.2190e-06  0.000e+00 -1.000e-05  1.000e-05 -1.000e-05  0.000e+00  0.000e+00  0.000e+00  0.000e+00  0.000e+00
 1.6500e-06  0.000e+00 -2.000e-05  1.000e-05 -2.000e-05  0.000e+00  0.000e+00  0.000e+00  0.000e+00  0.000e+00
 2.2160e-06  0.000e+00 -2.000e-05  2.000e-05 -2.000e-05  0.000e+00  0.000e+00  0.000e+00  0.000e+00  0.000e+00
 2.9590e-06  0.000e+00 -3.000e-05  2.000e-05 -3.000e-05  1.000e-05  0.000e+00  0.000e+00  0.000e+00  0.000e+00
 3.9340e-06  0.000e+00 -4.000e-05  2.000e-05 -4.000e-05  1.000e-05  0.000e+00  0.000e+00  0.000e+00  1.000e-06
 5.2160e-06 -1.000e-06 -5.000e-05  3.000e-05 -4.000e-05  2.000e-05  0.000e+00  0.000e+00  0.000e+00  1.000e-06
 6.9020e-06 -1.000e-06 -6.000e-05  3.000e-05 -5.000e-05  3.000e-05  0.000e+00  0.000e+00  0.000e+00  1.000e-06
 9.1210e-06 -2.000e-06 -8.000e-05  4.000e-05 -7.000e-05  4.000e-05 -1.000e-07 -1.000e-04  0.000e+00  1.000e-06
 1.2040e-05 -3.000e-06 -9.000e-05  4.000e-05 -8.000e-05  5.000e-05 -1.000e-07 -1.000e-04  0.000e+00  1.000e-06
 1.5900e-05 -4.000e-06 -1.100e-04  5.000e-05 -9.000e-05  6.000e-05 -1.000e-07 -1.000e-04 -1.000e-06  2.000e-06
 2.1000e-05 -5.000e-06 -1.300e-04  6.000e-05 -1.100e-04  7.000e-05 -1.000e-07 -1.000e-04 -1.000e-06  2.000e-06
 2.7730e-05 -7.000e-06 -1.500e-04  6.000e-05 -1.300e-04  9.000e-05 -1.000e-07 -1.000e-04 -1.000e-06  2.000e-06
 3.6580e-05 -9.000e-06 -1.800e-04  7.000e-05 -1.500e-04  1.100e-04 -1.000e-07 -1.000e-04 -1.000e-06  3.000e-06
 4.8080e-05 -1.100e-05 -2.000e-04  8.000e-05 -1.800e-04  1.300e-04 -1.000e-07 -1.000e-04 -1.000e-06  3.000e-06
 6.2890e-05 -1.400e-05 -2.300e-04  1.000e-04 -2.100e-04  1.500e-04 -1.000e-07 -1.000e-04 -1.000e-06  4.000e-06
 8.1840e-05 -1.700e-05 -2.600e-04  1.100e-04 -2.300e-04  1.700e-04 -1.000e-07 -1.000e-04 -2.000e-06  5.000e-06
 1.0590e-04 -2.000e-05 -2.900e-04  1.200e-04 -2.600e-04  1.900e-04 -1.000e-07 -1.000e-04 -2.000e-06  6.000e-06
 1.3620e-04 -2.400e-05 -3.200e-04  1.400e-04 -3.000e-04  2.100e-04 -1.000e-07 -1.000e-04 -2.000e-06  7.000e-06
 1.7320e-04 -2.800e-05 -3.500e-04  1.500e-04 -3.300e-04  2.400e-04 -1.000e-07 -1.000e-04 -3.000e-06  8.000e-06
 2.1840e-04 -3.200e-05 -3.700e-04  1.700e-04 -3.600e-04  2.600e-04 -1.000e-07 -1.000e-04 -3.000e-06  1.000e-05
 2.7330e-04 -3.700e-05 -4.000e-04  1.800e-04 -4.000e-04  2.800e-04  0.000e+00  0.000e+00 -4.000e-06  1.100e-05
 3.3980e-04 -4.200e-05 -4.200e-04  2.000e-04 -4.400e-04  3.000e-04  0.000e+00  0.000e+00 -4.000e-06  1.300e-05
 4.2000e-04 -4.800e-05 -4.500e-04  2.200e-04 -4.700e-04  3.200e-04  1.000e-07  0.000e+00 -5.000e-06  1.500e-05
 5.1570e-04 -5.500e-05 -4.700e-04  2.400e-04 -5.100e-04  3.400e-04  2.000e-07  0.000e+00 -5.000e-06  1.700e-05
 6.2900e-04 -6.200e-05 -4.800e-04  2.600e-04 -5.500e-04  3.600e-04  3.000e-07  1.000e-04 -6.000e-06  1.900e-05
 7.6240e-04 -6.900e-05 -5.000e-04  2.800e-04 -5.800e-04  3.800e-04  4.000e-07  1.000e-04 -6.000e-06  2.100e-05
 9.1900e-04 -7.700e-05 -5.100e-04  3.000e-04 -6.200e-04  4.000e-04  5.000e-07  2.000e-04 -7.000e-06  2.300e-05
 1.1020e-03 -8.600e-05 -5.200e-04  3.200e-04 -6.600e-04  4.100e-04  6.000e-07  2.000e-04 -8.000e-06  2.600e-05
 1.3160e-03 -9.500e-05 -5.300e-04  3.400e-04 -7.000e-04  4.200e-04  8.000e-07  3.000e-04 -9.000e-06  2.900e-05
 1.5630e-03 -1.050e-04 -5.300e-04  3.600e-04 -7.300e-04  4.300e-04  9.000e-07  4.000e-04 -9.000e-06  3.100e-05
 1.8500e-03 -1.160e-04 -5.300e-04  3.800e-04 -7.700e-04  4.400e-04  1.100e-06  5.000e-04 -1.000e-05  3.400e-05
 2.1810e-03 -1.270e-04 -5.300e-04  4.000e-04 -8.100e-04  4.500e-04  1.200e-06  6.000e-04 -1.100e-05  3.700e-05
 2.5610e-03 -1.380e-04 -5.200e-04  4.200e-04 -8.400e-04  4.500e-04  1.400e-06  7.000e-04 -1.200e-05  4.000e-05
 2.9960e-03 -1.500e-04 -5.100e-04  4.400e-04 -8.800e-04  4.600e-04  1.600e-06  8.000e-04 -1.300e-05  4.400e-05
 3.4890e-03 -1.630e-04 -4.900e-04  4.600e-04 -9.100e-04  4.600e-04  1.800e-06  9.000e-04 -1.500e-05  4.700e-05
 4.0480e-03 -1.760e-04 -4.800e-04  4.900e-04 -9.400e-04  4.600e-04  2.100e-06  1.000e-03 -1.600e-05  5.100e-05
 4.6780e-03 -1.890e-04 -4.600e-04  5.100e-04 -9.800e-04  4.600e-04  2.300e-06  1.100e-03 -1.700e-05  5.400e-05
 5.3870e-03 -2.030e-04 -4.300e-04  5.300e-04 -1.010e-03  4.500e-04  2.600e-06  1.200e-03 -1.800e-05  5.800e-05
 6.1750e-03 -2.170e-04 -4.100e-04  5.500e-04 -1.040e-03  4.500e-04  2.800e-06  1.300e-03 -1.900e-05  6.200e-05
 7.0470e-03 -2.310e-04 -3.800e-04  5.700e-04 -1.070e-03  4.400e-04  3.100e-06  1.500e-03 -2.000e-05  6.500e-05
 8.0080e-03 -2.450e-04 -3.500e-04  5.900e-04 -1.090e-03  4.300e-04  3.300e-06  1.600e-03 -2.100e-05  6.900e-05
 9.0660e-03 -2.590e-04 -3.200e-04  6.100e-04 -1.120e-03  4.200e-04  3.600e-06  1.700e-03 -2.300e-05  7.300e-05
 1.0230e-02 -2.740e-04 -2.800e-04  6.400e-04 -1.150e-03  4.100e-04  3.800e-06  1.900e-03 -2.400e-05  7.700e-05
 1.1500e-02 -2.880e-04 -2.500e-04  6.600e-04 -1.170e-03  4.000e-04  4.100e-06  2.000e-03 -2.500e-05  8.000e-05
 1.2890e-02 -3.030e-04 -2.100e-04  6.800e-04 -1.200e-03  3.900e-04  4.300e-06  2.100e-03 -2.700e-05  8.400e-05
 1.4410e-02 -3.170e-04 -1.700e-04  7.000e-04 -1.220e-03  3.700e-04  4.600e-06  2.300e-03 -2.800e-05  8.800e-05
 1.6070e-02 -3.310e-04 -1.300e-04  7.200e-04 -1.240e-03  3.600e-04  4.900e-06  2.400e-03 -2.900e-05  9.200e-05
 1.7870e-02 -3.460e-04 -9.000e-05  7.400e-04 -1.260e-03  3.400e-04  5.200e-06  2.500e-03 -3.000e-05  9.600e-05
 1.9840e-02 -3.600e-04 -4.000e-05  7.600e-04 -1.280e-03  3.300e-04  5.400e-06  2.700e-03 -3.100e-05  1.000e-04
 2.1980e-02 -3.750e-04  0.000e+00  7.700e-04 -1.300e-03  3.100e-04  5.700e-06  2.800e-03 -3.200e-05  1.030e-04
 2.4300e-02 -3.890e-04  5.000e-05  7.900e-04 -1.320e-03  3.000e-04  5.900e-06  3.000e-03 -3.400e-05  1.070e-04
 2.6820e-02 -4.030e-04  9.000e-05  8.100e-04 -1.340e-03  2.800e-04  6.200e-06  3.100e-03 -3.500e-05  1.110e-04
 2.9550e-02 -4.180e-04  1.400e-04  8.300e-04 -1.360e-03  2.600e-04  6.400e-06  3.300e-03 -3.600e-05  1.150e-04
 3.2510e-02 -4.320e-04  1.900e-04  8.500e-04 -1.370e-03  2.400e-04  6.700e-06  3.400e-03 -3.700e-05  1.180e-04
 3.5710e-02 -4.460e-04  2.400e-04  8.700e-04 -1.390e-03  2.200e-04  7.000e-06  3.500e-03 -3.800e-05  1.220e-04
 3.9170e-02 -4.600e-04  2.800e-04  8.900e-04 -1.410e-03  2.100e-04  7.200e-06  3.700e-03 -3.900e-05  1.260e-04
 4.2910e-02 -4.740e-04  3.300e-04  9.100e-04 -1.420e-03  1.900e-04  7.500e-06  3.800e-03 -4.100e-05  1.300e-04
 4.6950e-02 -4.870e-04  3.900e-04  9.300e-04 -1.440e-03  1.700e-04  7.700e-06  4.000e-03 -4.200e-05  1.340e-04
 5.1310e-02 -5.010e-04  4.400e-04  9.400e-04 -1.450e-03  1.500e-04  8.000e-06  4.100e-03 -4.300e-05  1.370e-04
 5.6000e-02 -5.150e-04  4.900e-04  9.600e-04 -1.460e-03  1.300e-04  8.200e-06  4.300e-03 -4.400e-05  1.410e-04
 6.1060e-02 -5.280e-04  5.400e-04  9.800e-04 -1.480e-03  1.100e-04  8.500e-06  4.400e-03 -4.600e-05  1.450e-04
 6.6510e-02 -5.410e-04  5.900e-04  1.000e-03 -1.490e-03  9.000e-05  8.700e-06  4.600e-03 -4.700e-05  1.480e-04
 7.2370e-02 -5.540e-04  6.400e-04  1.020e-03 -1.500e-03  7.000e-05  8.900e-06  4.700e-03 -4.800e-05  1.520e-04
 7.8670e-02 -5.670e-04  6.900e-04  1.030e-03 -1.510e-03  5.000e-05  9.200e-06  4.800e-03 -4.900e-05  1.560e-04
 8.5440e-02 -5.800e-04  7.500e-04  1.050e-03 -1.520e-03  3.000e-05  9.400e-06  5.000e-03 -5.000e-05  1.600e-04
 9.2700e-02 -5.930e-04  8.000e-04  1.070e-03 -1.530e-03  2.000e-05  9.700e-06  5.100e-03 -5.100e-05  1.630e-04
 1.0050e-01 -6.050e-04  8.500e-04  1.090e-03 -1.540e-03  0.000e+00  9.900e-06  5.300e-03 -5.200e-05  1.670e-04
 1.0880e-01 -6.180e-04  9.000e-04  1.100e-03 -1.550e-03 -2.000e-05  1.010e-05  5.400e-03 -5.300e-05  1.710e-04
 1.1780e-01 -6.300e-04  9.500e-04  1.120e-03 -1.560e-03 -4.000e-05  1.040e-05  5.500e-03 -5.400e-05  1.740e-04
 1.2730e-01 -6.420e-04  1.000e-03  1.140e-03 -1.570e-03 -6.000e-05  1.060e-05  5.700e-03 -5.500e-05  1.780e-04
 1.3750e-01 -6.540e-04  1.060e-03  1.150e-03 -1.580e-03 -8.000e-05  1.080e-05  5.800e-03 -5.600e-05  1.810e-04
 1.4840e-01 -6.660e-04  1.110e-03  1.170e-03 -1.590e-03 -9.000e-05  1.100e-05  5.900e-03 -5.800e-05  1.840e-04
 1.6010e-01 -6.770e-04  1.160e-03  1.190e-03 -1.590e-03 -1.100e-04  1.130e-05  6.100e-03 -5.800e-05  1.880e-04
 1.7250e-01 -6.890e-04  1.210e-03  1.200e-03 -1.600e-03 -1.300e-04  1.150e-05  6.200e-03 -6.000e-05  1.910e-04
 1.8580e-01 -7.000e-04  1.260e-03  1.220e-03 -1.600e-03 -1.400e-04  1.170e-05  6.300e-03 -6.100e-05  1.950e-04
 2.0000e-01 -7.110e-04  1.310e-03  1.230e-03 -1.610e-03 -1.600e-04  1.190e-05  6.500e-03 -6.200e-05  1.980e-04
 2.1510e-01 -7.220e-04  1.350e-03  1.250e-03 -1.620e-03 -1.800e-04  1.210e-05  6.600e-03 -6.300e-05  2.010e-04
 2.3120e-01 -7.330e-04  1.400e-03  1.270e-03 -1.620e-03 -1.900e-04  1.240e-05  6.700e-03 -6.400e-05  2.040e-04
 2.4830e-01 -7.440e-04  1.450e-03  1.280e-03 -1.620e-03 -2.100e-04  1.260e-05  6.800e-03 -6.500e-05  2.070e-04
 2.6650e-01 -7.540e-04  1.500e-03  1.300e-03 -1.630e-03 -2.200e-04  1.280e-05  6.900e-03 -6.600e-05  2.100e-04
 2.8590e-01 -7.650e-04  1.540e-03  1.310e-03 -1.630e-03 -2.400e-04  1.300e-05  7.100e-03 -6.700e-05  2.140e-04
 3.0650e-01 -7.750e-04  1.590e-03  1.320e-03 -1.640e-03 -2.500e-04  1.320e-05  7.200e-03 -6.800e-05  2.170e-04
 3.2850e-01 -7.860e-04  1.640e-03  1.340e-03 -1.640e-03 -2.700e-04  1.340e-05  7.300e-03 -6.900e-05  2.200e-04
 3.5180e-01 -7.960e-04  1.680e-03  1.350e-03 -1.640e-03 -2.800e-04  1.360e-05  7.400e-03 -7.000e-05  2.220e-04
 3.7650e-01 -8.060e-04  1.730e-03  1.370e-03 -1.640e-03 -2.900e-04  1.380e-05  7.500e-03 -7.100e-05  2.250e-04
 4.0270e-01 -8.160e-04  1.770e-03  1.380e-03 -1.650e-03 -3.100e-04  1.400e-05  7.600e-03 -7.100e-05  2.280e-04
 4.3060e-01 -8.260e-04  1.810e-03  1.390e-03 -1.650e-03 -3.200e-04  1.420e-05  7.700e-03 -7.200e-05  2.310e-04
 4.6010e-01 -8.360e-04  1.860e-03  1.410e-03 -1.650e-03 -3.300e-04  1.440e-05  7.800e-03 -7.300e-05  2.340e-04
 4.9140e-01 -8.460e-04  1.900e-03  1.420e-03 -1.650e-03 -3.500e-04  1.460e-05  7.900e-03 -7.400e-05  2.370e-04
 5.2460e-01 -8.550e-04  1.940e-03  1.430e-03 -1.650e-03 -3.600e-04  1.480e-05  8.100e-03 -7.500e-05  2.390e-04
 5.5970e-01 -8.650e-04  1.980e-03  1.450e-03 -1.650e-03 -3.700e-04  1.490e-05  8.200e-03 -7.600e-05  2.420e-04
 5.9690e-01 -8.750e-04  2.020e-03  1.460e-03 -1.650e-03 -3.800e-04  1.510e-05  8.300e-03 -7.700e-05  2.450e-04
 6.3630e-01 -8.840e-04  2.060e-03  1.470e-03 -1.650e-03 -3.900e-04  1.530e-05  8.300e-03 -7.800e-05  2.470e-04
 6.7800e-01 -8.940e-04  2.100e-03  1.480e-03 -1.650e-03 -4.000e-04  1.550e-05  8.400e-03 -7.800e-05  2.500e-04
 7.2200e-01 -9.030e-04  2.140e-03  1.500e-03 -1.650e-03 -4.200e-04  1.560e-05  8.500e-03 -7.900e-05  2.520e-04
 7.6860e-01 -9.130e-04  2.180e-03  1.510e-03 -1.640e-03 -4.300e-04  1.580e-05  8.600e-03 -8.000e-05  2.550e-04
 8.1790e-01 -9.220e-04  2.210e-03  1.520e-03 -1.640e-03 -4.400e-04  1.600e-05  8.700e-03 -8.100e-05  2.570e-04
 8.6990e-01 -9.320e-04  2.250e-03  1.530e-03 -1.640e-03 -4.500e-04  1.610e-05  8.800e-03 -8.100e-05  2.600e-04
 9.2480e-01 -9.410e-04  2.280e-03  1.540e-03 -1.640e-03 -4.600e-04  1.630e-05  8.900e-03 -8.200e-05  2.620e-04
 9.8280e-01 -9.500e-04  2.320e-03  1.550e-03 -1.640e-03 -4.700e-04  1.650e-05  9.000e-03 -8.300e-05  2.640e-04
 1.0440e+00 -9.600e-04  2.350e-03  1.570e-03 -1.630e-03 -4.800e-04  1.660e-05  9.100e-03 -8.300e-05  2.670e-04
 1.1090e+00 -9.690e-04  2.390e-03  1.580e-03 -1.630e-03 -4.900e-04  1.680e-05  9.100e-03 -8.400e-05  2.690e-04
 1.1770e+00 -9.780e-04  2.420e-03  1.590e-03 -1.630e-03 -5.000e-04  1.700e-05  9.200e-03 -8.500e-05  2.710e-04
 1.2480e+00 -9.880e-04  2.450e-03  1.600e-03 -1.620e-03 -5.000e-04  1.710e-05  9.300e-03 -8.500e-05  2.730e-04
 1.3240e+00 -9.970e-04  2.480e-03  1.610e-03 -1.620e-03 -5.100e-04  1.730e-05  9.400e-03 -8.600e-05  2.750e-04
 1.4040e+00 -1.006e-03  2.520e-03  1.620e-03 -1.620e-03 -5.200e-04  1.740e-05  9.400e-03 -8.600e-05  2.770e-04
 1.4880e+00 -1.015e-03  2.550e-03  1.630e-03 -1.610e-03 -5.300e-04  1.760e-05  9.500e-03 -8.700e-05  2.790e-04
 1.5760e+00 -1.025e-03  2.580e-03  1.640e-03 -1.610e-03 -5.400e-04  1.780e-05  9.600e-03 -8.800e-05  2.810e-04
 1.6690e+00 -1.034e-03  2.610e-03  1.650e-03 -1.610e-03 -5.500e-04  1.790e-05  9.600e-03 -8.800e-05  2.830e-04
 1.7670e+00 -1.043e-03  2.630e-03  1.660e-03 -1.600e-03 -5.600e-04  1.810e-05  9.700e-03 -8.900e-05  2.850e-04
 1.8700e+00 -1.052e-03  2.660e-03  1.670e-03 -1.600e-03 -5.700e-04  1.820e-05  9.800e-03 -8.900e-05  2.870e-04
 1.9790e+00 -1.062e-03  2.690e-03  1.670e-03 -1.590e-03 -5.800e-04  1.840e-05  9.800e-03 -9.000e-05  2.890e-04
 2.0930e+00 -1.071e-03  2.720e-03  1.680e-03 -1.590e-03 -5.800e-04  1.850e-05  9.900e-03 -9.000e-05  2.910e-04
 2.2120e+00 -1.080e-03  2.740e-03  1.690e-03 -1.580e-03 -5.900e-04  1.870e-05  1.000e-02 -9.100e-05  2.930e-04
 2.3380e+00 -1.090e-03  2.770e-03  1.700e-03 -1.580e-03 -6.000e-04  1.880e-05  1.000e-02 -9.100e-05  2.950e-04
 2.4700e+00 -1.099e-03  2.790e-03  1.710e-03 -1.570e-03 -6.100e-04  1.900e-05  1.010e-02 -9.200e-05  2.970e-04
 2.6080e+00 -1.108e-03  2.820e-03  1.720e-03 -1.570e-03 -6.200e-04  1.910e-05  1.010e-02 -9.200e-05  2.980e-04
 2.7540e+00 -1.117e-03  2.840e-03  1.730e-03 -1.560e-03 -6.300e-04  1.920e-05  1.020e-02 -9.300e-05  3.000e-04
 2.9060e+00 -1.127e-03  2.860e-03  1.730e-03 -1.560e-03 -6.300e-04  1.940e-05  1.020e-02 -9.300e-05  3.020e-04
 3.0660e+00 -1.136e-03  2.890e-03  1.740e-03 -1.550e-03 -6.400e-04  1.950e-05  1.030e-02 -9.400e-05  3.030e-04
