#         t         u1         u2         u3        s11        s12        s13        s22        s23        s33
 0.0000e+00  0.000e+00  0.000e+00  0.000e+00  0.000e+00  0.000e+00  0.000e+00  0.000e+00  0.000e+00  0.000e+00
 5.0000e-02 -1.530e-04 -1.660e-03  1.080e-03 -1.200e-03  4.800e-04 -1.600e-06 -1.200e-03  1.100e-05  1.200e-05
 1.0000e-01 -3.070e-04 -3.200e-03  2.130e-03 -2.330e-03  9.000e-04 -3.400e-06 -2.300e-03  2.100e-05  2.300e-05
 1.5000e-01 -4.630e-04 -4.620e-03  3.140e-03 -3.420e-03  1.260e-03 -5.400e-06 -3.400e-03  3.100e-05  3.500e-05
 2.0000e-01 -6.210e-04 -5.940e-03  4.120e-03 -4.460e-03  1.570e-03 -7.500e-06 -4.300e-03  4.100e-05  4.600e-05
 2.5000e-01 -7.810e-04 -7.180e-03  5.070e-03 -5.460e-03  1.830e-03 -9.800e-06 -5.300e-03  5.000e-05  5.700e-05
 3.0000e-01 -9.430e-04 -8.330e-03  5.980e-03 -6.420e-03  2.060e-03 -1.230e-05 -6.100e-03  6.000e-05  6.800e-05
 3.5000e-01 -1.106e-03 -9.400e-03  6.870e-03 -7.350e-03  2.260e-03 -1.500e-05 -7.000e-03  6.900e-05  7.800e-05
 4.0000e-01 -1.271e-03 -1.042e-02  7.730e-03 -8.240e-03  2.420e-03 -1.770e-05 -7.800e-03  7.800e-05  8.900e-05
 4.5000e-01 -1.437e-03 -1.137e-02  8.570e-03 -9.100e-03  2.560e-03 -2.060e-05 -8.500e-03  8.700e-05  9.800e-05
 5.0000e-01 -1.604e-03 -1.227e-02  9.380e-03 -9.940e-03  2.680e-03 -2.360e-05 -9.200e-03  9.500e-05  1.080e-04
 5.5000e-01 -1.771e-03 -1.311e-02  1.017e-02 -1.075e-02  2.770e-03 -2.660e-05 -9.900e-03  1.040e-04  1.180e-04
 6.0000e-01 -1.938e-03 -1.392e-02  1.094e-02 -1.153e-02  2.850e-03 -2.980e-05 -1.050e-02  1.120e-04  1.280e-04
 6.5000e-01 -2.106e-03 -1.468e-02  1.168e-02 -1.229e-02  2.910e-03 -3.290e-05 -1.120e-02  1.190e-04  1.370e-04
 7.0000e-01 -2.273e-03 -1.540e-02  1.241e-02 -1.303e-02  2.960e-03 -3.620e-05 -1.180e-02  1.270e-04  1.460e-04
 7.5000e-01 -2.439e-03 -1.609e-02  1.311e-02 -1.374e-02  3.000e-03 -3.940e-05 -1.240e-02  1.340e-04  1.550e-04
 8.0000e-01 -2.605e-03 -1.675e-02  1.380e-02 -1.444e-02  3.030e-03 -4.280e-05 -1.290e-02  1.410e-04  1.630e-04
 8.5000e-01 -2.770e-03 -1.738e-02  1.447e-02 -1.511e-02  3.050e-03 -4.620e-05 -1.340e-02  1.470e-04  1.720e-04
 9.0000e-01 -2.934e-03 -1.798e-02  1.512e-02 -1.577e-02  3.060e-03 -4.950e-05 -1.400e-02  1.530e-04  1.800e-04
 9.5000e-01 -3.096e-03 -1.855e-02  1.576e-02 -1.641e-02  3.070e-03 -5.290e-05 -1.450e-02  1.590e-04  1.880e-04
 1.0000e+00 -3.257e-03 -1.910e-02  1.638e-02 -1.703e-02  3.070e-03 -5.620e-05 -1.500e-02  1.650e-04  1.950e-04
 1.0500e+00 -3.417e-03 -1.963e-02  1.699e-02 -1.763e-02  3.070e-03 -5.960e-05 -1.540e-02  1.710e-04  2.030e-04
 1.1000e+00 -3.574e-03 -2.014e-02  1.758e-02 -1.822e-02  3.060e-03 -6.290e-05 -1.590e-02  1.760e-04  2.100e-04
 1.1500e+00 -3.730e-03 -2.063e-02  1.815e-02 -1.879e-02  3.050e-03 -6.630e-05 -1.630e-02  1.820e-04  2.170e-04
 1.2000e+00 -3.884e-03 -2.110e-02  1.871e-02 -1.935e-02  3.030e-03 -6.960e-05 -1.680e-02  1.870e-04  2.240e-04
 1.2500e+00 -4.036e-03 -2.155e-02  1.926e-02 -1.989e-02  3.020e-03 -7.280e-05 -1.720e-02  1.920e-04  2.310e-04
 1.3000e+00 -4.186e-03 -2.198e-02  1.980e-02 -2.042e-02  3.000e-03 -7.610e-05 -1.760e-02  1.960e-04  2.380e-04
 1.3500e+00 -4.335e-03 -2.241e-02  2.032e-02 -2.093e-02  2.980e-03 -7.930e-05 -1.800e-02  2.010e-04  2.440e-04
 1.4000e+00 -4.481e-03 -2.281e-02  2.084e-02 -2.144e-02  2.960e-03 -8.240e-05 -1.840e-02  2.050e-04  2.510e-04
 1.4500e+00 -4.625e-03 -2.321e-02  2.134e-02 -2.192e-02  2.930e-03 -8.560e-05 -1.880e-02  2.090e-04  2.570e-04
 1.5000e+00 -4.766e-03 -2.359e-02  2.183e-02 -2.240e-02  2.910e-03 -8.860e-05 -1.920e-02  2.130e-04  2.630e-04
 1.5500e+00 -4.906e-03 -2.396e-02  2.231e-02 -2.286e-02  2.890e-03 -9.180e-05 -1.950e-02  2.170e-04  2.690e-04
 1.6000e+00 -5.044e-03 -2.431e-02  2.277e-02 -2.331e-02  2.860e-03 -9.490e-05 -1.990e-02  2.200e-04  2.750e-04
 1.6500e+00 -5.179e-03 -2.466e-02  2.323e-02 -2.376e-02  2.840e-03 -9.800e-05 -2.020e-02  2.240e-04  2.810e-04
 1.7000e+00 -5.313e-03 -2.499e-02  2.368e-02 -2.418e-02  2.810e-03 -1.010e-04 -2.060e-02  2.280e-04  2.870e-04
 1.7500e+00 -5.444e-03 -2.532e-02  2.412e-02 -2.460e-02  2.790e-03 -1.039e-04 -2.090e-02  2.310e-04  2.930e-04
 1.8000e+00 -5.574e-03 -2.563e-02  2.455e-02 -2.501e-02  2.760e-03 -1.069e-04 -2.120e-02  2.340e-04  2.980e-04
 1.8500e+00 -5.701e-03 -2.594e-02  2.497e-02 -2.541e-02  2.740e-03 -1.098e-04 -2.160e-02  2.370e-04  3.030e-04
 1.9000e+00 -5.826e-03 -2.624e-02  2.538e-02 -2.580e-02  2.720e-03 -1.127e-04 -2.190e-02  2.400e-04  3.080e-04
 1.9500e+00 -5.950e-03 -2.653e-02  2.579e-02 -2.618e-02  2.690e-03 -1.155e-04 -2.220e-02  2.430e-04  3.130e-04
 2.0000e+00 -6.071e-03 -2.681e-02  2.618e-02 -2.655e-02  2.670e-03 -1.183e-04 -2.250e-02  2.450e-04  3.190e-04
 2.0500e+00 -6.190e-03 -2.708e-02  2.657e-02 -2.691e-02  2.650e-03 -1.211e-04 -2.280e-02  2.480e-04  3.230e-04
 2.1000e+00 -6.308e-03 -2.735e-02  2.695e-02 -2.726e-02  2.630e-03 -1.239e-04 -2.310e-02  2.500e-04  3.280e-04
 2.1500e+00 -6.424e-03 -2.761e-02  2.732e-02 -2.761e-02  2.610e-03 -1.265e-04 -2.340e-02  2.530e-04  3.320e-04
 2.2000e+00 -6.537e-03 -2.786e-02  2.769e-02 -2.795e-02  2.590e-03 -1.291e-04 -2.370e-02  2.550e-04  3.370e-04
 2.2500e+00 -6.649e-03 -2.811e-02  2.805e-02 -2.827e-02  2.570e-03 -1.318e-04 -2.400e-02  2.580e-04  3.410e-04
 2.3000e+00 -6.760e-03 -2.835e-02  2.840e-02 -2.860e-02  2.550e-03 -1.343e-04 -2.420e-02  2.600e-04  3.450e-04
 2.3500e+00 -6.868e-03 -2.858e-02  2.874e-02 -2.891e-02  2.530e-03 -1.369e-04 -2.450e-02  2.620e-04  3.500e-04
 2.4000e+00 -6.975e-03 -2.881e-02  2.908e-02 -2.922e-02  2.510e-03 -1.394e-04 -2.480e-02  2.650e-04  3.540e-04
 2.4500e+00 -7.080e-03 -2.903e-02  2.942e-02 -2.952e-02  2.500e-03 -1.419e-04 -2.510e-02  2.660e-04  3.580e-04
 2.5000e+00 -7.184e-03 -2.924e-02  2.974e-02 -2.981e-02  2.480e-03 -1.443e-04 -2.530e-02  2.680e-04  3.620e-04
 2.5500e+00 -7.286e-03 -2.946e-02  3.006e-02 -3.010e-02  2.460e-03 -1.467e-04 -2.560e-02  2.700e-04  3.660e-04
 2.6000e+00 -7.386e-03 -2.966e-02  3.038e-02 -3.038e-02  2.450e-03 -1.491e-04 -2.580e-02  2.720e-04  3.690e-04
 2.6500e+00 -7.485e-03 -2.986e-02  3.069e-02 -3.066e-02  2.430e-03 -1.515e-04 -2.610e-02  2.740e-04  3.730e-04
 2.7000e+00 -7.582e-03 -3.006e-02  3.099e-02 -3.093e-02  2.420e-03 -1.537e-04 -2.630e-02  2.750e-04  3.770e-04
 2.7500e+00 -7.678e-03 -3.025e-02  3.129e-02 -3.119e-02  2.410e-03 -1.560e-04 -2.660e-02  2.770e-04  3.800e-04
 2.8000e+00 -7.773e-03 -3.044e-02  3.159e-02 -3.145e-02  2.390e-03 -1.583e-04 -2.680e-02  2.780e-04  3.840e-04
 2.8500e+00 -7.866e-03 -3.062e-02  3.188e-02 -3.170e-02  2.380e-03 -1.605e-04 -2.700e-02  2.800e-04  3.880e-04
 2.9000e+00 -7.957e-03 -3.080e-02  3.216e-02 -3.195e-02  2.370e-03 -1.626e-04 -2.730e-02  2.810e-04  3.910e-04
 2.9500e+00 -8.048e-03 -3.097e-02  3.244e-02 -3.219e-02  2.360e-03 -1.647e-04 -2.750e-02  2.830e-04  3.950e-04
 3.0000e+00 -8.137e-03 -3.115e-02  3.272e-02 -3.243e-02  2.350e-03 -1.669e-04 -2.770e-02  2.840e-04  3.980e-04
 3.0500e+00 -8.224e-03 -3.131e-02  3.299e-02 -3.266e-02  2.340e-03 -1.690e-04 -2.800e-02  2.850e-04  4.020e-04
