#         t         u1         u2         u3        s11        s12        s13        s22        s23        s33
 0.0000e+00  0.000e+00  0.000e+00  0.000e+00  0.000e+00  0.000e+00  0.000e+00  0.000e+00  0.000e+00  0.000e+00
 5.0000e-02  4.520e-04 -8.500e-04 -3.020e-04  2.750e-04  5.060e-04  2.820e-06 -3.600e-04 -2.550e-06 -1.000e-05
 1.0000e-01  8.770e-04 -1.660e-03 -6.090e-04  5.370e-04  9.730e-04  5.491e-06 -6.800e-04 -5.120e-06 -1.990e-05
 1.5000e-01  1.277e-03 -2.430e-03 -9.180e-04  7.860e-04  1.404e-03  8.012e-06 -9.700e-04 -7.630e-06 -2.950e-05
 2.0000e-01  1.653e-03 -3.160e-03 -1.229e-03  1.024e-03  1.802e-03  1.040e-05 -1.230e-03 -1.021e-05 -3.900e-05
 2.5000e-01  2.008e-03 -3.870e-03 -1.539e-03  1.249e-03  2.170e-03  1.266e-05 -1.460e-03 -1.273e-05 -4.830e-05
 3.0000e-01  2.341e-03 -4.540e-03 -1.849e-03  1.463e-03  2.511e-03  1.480e-05 -1.660e-03 -1.515e-05 -5.740e-05
 3.5000e-01  2.655e-03 -5.190e-03 -2.156e-03  1.666e-03  2.826e-03  1.684e-05 -1.850e-03 -1.759e-05 -6.630e-05
 4.0000e-01  2.951e-03 -5.810e-03 -2.461e-03  1.859e-03  3.119e-03  1.877e-05 -2.010e-03 -1.993e-05 -7.500e-05
 4.5000e-01  3.230e-03 -6.410e-03 -2.763e-03  2.042e-03  3.390e-03  2.059e-05 -2.160e-03 -2.225e-05 -8.350e-05
 5.0000e-01  3.493e-03 -6.990e-03 -3.061e-03  2.216e-03  3.642e-03  2.230e-05 -2.290e-03 -2.448e-05 -9.190e-05
 5.5000e-01  3.741e-03 -7.540e-03 -3.355e-03  2.380e-03  3.875e-03  2.395e-05 -2.410e-03 -2.674e-05 -1.001e-04
 6.0000e-01  3.974e-03 -8.080e-03 -3.646e-03  2.536e-03  4.092e-03  2.550e-05 -2.510e-03 -2.890e-05 -1.082e-04
 6.5000e-01  4.195e-03 -8.600e-03 -3.931e-03  2.684e-03  4.293e-03  2.701e-05 -2.600e-03 -3.096e-05 -1.160e-04
 7.0000e-01  4.404e-03 -9.100e-03 -4.212e-03  2.825e-03  4.480e-03  2.840e-05 -2.680e-03 -3.299e-05 -1.237e-04
 7.5000e-01  4.600e-03 -9.590e-03 -4.489e-03  2.958e-03  4.650e-03  2.974e-05 -2.750e-03 -3.501e-05 -1.313e-04
 8.0000e-01  4.787e-03 -1.006e-02 -4.760e-03  3.085e-03  4.820e-03  3.101e-05 -2.820e-03 -3.695e-05 -1.387e-04
 8.5000e-01  4.963e-03 -1.051e-02 -5.027e-03  3.204e-03  4.970e-03  3.223e-05 -2.870e-03 -3.891e-05 -1.459e-04
 9.0000e-01  5.129e-03 -1.095e-02 -5.288e-03  3.319e-03  5.110e-03  3.340e-05 -2.920e-03 -4.076e-05 -1.530e-04
 9.5000e-01  5.286e-03 -1.138e-02 -5.545e-03  3.427e-03  5.240e-03  3.448e-05 -2.960e-03 -4.253e-05 -1.600e-04
 1.0000e+00  5.436e-03 -1.180e-02 -5.796e-03  3.530e-03  5.360e-03  3.555e-05 -3.000e-03 -4.428e-05 -1.668e-04
 1.0500e+00  5.577e-03 -1.220e-02 -6.043e-03  3.627e-03  5.470e-03  3.654e-05 -3.020e-03 -4.596e-05 -1.735e-04
 1.1000e+00  5.711e-03 -1.259e-02 -6.284e-03  3.720e-03  5.570e-03  3.749e-05 -3.050e-03 -4.755e-05 -1.800e-04
 1.1500e+00  5.837e-03 -1.297e-02 -6.521e-03  3.809e-03  5.670e-03  3.841e-05 -3.070e-03 -4.910e-05 -1.863e-04
 1.2000e+00  5.957e-03 -1.333e-02 -6.752e-03  3.893e-03  5.760e-03  3.927e-05 -3.080e-03 -5.060e-05 -1.925e-04
 1.2500e+00  6.071e-03 -1.369e-02 -6.979e-03  3.973e-03  5.840e-03  4.010e-05 -3.090e-03 -5.210e-05 -1.986e-04
 1.3000e+00  6.179e-03 -1.404e-02 -7.201e-03  4.049e-03  5.920e-03  4.088e-05 -3.100e-03 -5.351e-05 -2.045e-04
 1.3500e+00  6.281e-03 -1.437e-02 -7.419e-03  4.122e-03  5.990e-03  4.163e-05 -3.100e-03 -5.479e-05 -2.103e-04
 1.4000e+00  6.379e-03 -1.470e-02 -7.631e-03  4.191e-03  6.060e-03  4.234e-05 -3.100e-03 -5.604e-05 -2.160e-04
 1.4500e+00  6.471e-03 -1.501e-02 -7.839e-03  4.257e-03  6.120e-03  4.301e-05 -3.100e-03 -5.733e-05 -2.214e-04
 1.5000e+00  6.558e-03 -1.532e-02 -8.043e-03  4.320e-03  6.170e-03  4.366e-05 -3.090e-03 -5.856e-05 -2.268e-04
 1.5500e+00  6.641e-03 -1.562e-02 -8.242e-03  4.380e-03  6.220e-03  4.430e-05 -3.080e-03 -5.971e-05 -2.321e-04
 1.6000e+00  6.719e-03 -1.591e-02 -8.436e-03  4.437e-03  6.270e-03  4.491e-05 -3.070e-03 -6.079e-05 -2.373e-04
 1.6500e+00  6.794e-03 -1.619e-02 -8.626e-03  4.491e-03  6.310e-03  4.547e-05 -3.060e-03 -6.188e-05 -2.423e-04
 1.7000e+00  6.864e-03 -1.647e-02 -8.812e-03  4.544e-03  6.350e-03  4.599e-05 -3.040e-03 -6.287e-05 -2.473e-04
 1.7500e+00  6.931e-03 -1.673e-02 -8.994e-03  4.593e-03  6.390e-03  4.654e-05 -3.020e-03 -6.384e-05 -2.521e-04
 1.8000e+00  6.995e-03 -1.699e-02 -9.172e-03  4.641e-03  6.420e-03  4.704e-05 -3.000e-03 -6.480e-05 -2.569e-04
 1.8500e+00  7.055e-03 -1.724e-02 -9.345e-03  4.686e-03  6.450e-03  4.753e-05 -2.980e-03 -6.566e-05 -2.614e-04
 1.9000e+00  7.112e-03 -1.749e-02 -9.515e-03  4.729e-03  6.470e-03  4.799e-05 -2.960e-03 -6.650e-05 -2.658e-04
 1.9500e+00  7.166e-03 -1.772e-02 -9.681e-03  4.771e-03  6.500e-03  4.844e-05 -2.940e-03 -6.722e-05 -2.701e-04
 2.0000e+00  7.217e-03 -1.795e-02 -9.843e-03  4.810e-03  6.520e-03  4.883e-05 -2.910e-03 -6.801e-05 -2.744e-04
 2.0500e+00  7.265e-03 -1.818e-02 -1.000e-02  4.848e-03  6.540e-03  4.926e-05 -2.890e-03 -6.867e-05 -2.786e-04
 2.1000e+00  7.311e-03 -1.839e-02 -1.016e-02  4.884e-03  6.550e-03  4.966e-05 -2.860e-03 -6.921e-05 -2.826e-04
 2.1500e+00  7.354e-03 -1.861e-02 -1.031e-02  4.919e-03  6.560e-03  5.002e-05 -2.830e-03 -6.982e-05 -2.866e-04
 2.2000e+00  7.395e-03 -1.881e-02 -1.045e-02  4.952e-03  6.580e-03  5.037e-05 -2.800e-03 -7.047e-05 -2.904e-04
 2.2500e+00  7.433e-03 -1.901e-02 -1.060e-02  4.983e-03  6.590e-03  5.070e-05 -2.770e-03 -7.099e-05 -2.941e-04
 2.3000e+00  7.470e-03 -1.920e-02 -1.074e-02  5.014e-03  6.590e-03  5.100e-05 -2.740e-03 -7.157e-05 -2.977e-04
 2.3500e+00  7.504e-03 -1.939e-02 -1.088e-02  5.043e-03  6.600e-03  5.125e-05 -2.710e-03 -7.202e-05 -3.013e-04
 2.4000e+00  7.536e-03 -1.958e-02 -1.101e-02  5.071e-03  6.600e-03  5.152e-05 -2.680e-03 -7.250e-05 -3.047e-04
 2.4500e+00  7.567e-03 -1.975e-02 -1.114e-02  5.097e-03  6.600e-03  5.178e-05 -2.650e-03 -7.285e-05 -3.081e-04
 2.5000e+00  7.595e-03 -1.993e-02 -1.127e-02  5.123e-03  6.610e-03  5.200e-05 -2.610e-03 -7.344e-05 -3.114e-04
 2.5500e+00  7.622e-03 -2.010e-02 -1.139e-02  5.147e-03  6.600e-03  5.223e-05 -2.580e-03 -7.388e-05 -3.146e-04
 2.6000e+00  7.647e-03 -2.026e-02 -1.152e-02  5.171e-03  6.600e-03  5.246e-05 -2.550e-03 -7.417e-05 -3.177e-04
 2.6500e+00  7.670e-03 -2.042e-02 -1.163e-02  5.193e-03  6.600e-03  5.264e-05 -2.510e-03 -7.450e-05 -3.208e-04
 2.7000e+00  7.692e-03 -2.057e-02 -1.175e-02  5.215e-03  6.590e-03  5.284e-05 -2.480e-03 -7.487e-05 -3.236e-04
 2.7500e+00  7.713e-03 -2.072e-02 -1.186e-02  5.236e-03  6.590e-03  5.300e-05 -2.440e-03 -7.509e-05 -3.265e-04
 2.8000e+00  7.732e-03 -2.087e-02 -1.197e-02  5.255e-03  6.580e-03  5.323e-05 -2.410e-03 -7.532e-05 -3.293e-04
 2.8500e+00  7.750e-03 -2.101e-02 -1.208e-02  5.274e-03  6.570e-03  5.337e-05 -2.370e-03 -7.558e-05 -3.320e-04
 2.9000e+00  7.766e-03 -2.115e-02 -1.219e-02  5.293e-03  6.570e-03  5.351e-05 -2.340e-03 -7.569e-05 -3.347e-04
 2.9500e+00  7.781e-03 -2.128e-02 -1.229e-02  5.310e-03  6.560e-03  5.365e-05 -2.300e-03 -7.602e-05 -3.373e-04
 3.0000e+00  7.795e-03 -2.141e-02 -1.239e-02  5.327e-03  6.550e-03  5.379e-05 -2.270e-03 -7.616e-05 -3.399e-04
 3.0500e+00  7.808e-03 -2.154e-02 -1.249e-02  5.343e-03  6.530e-03  5.393e-05 -2.230e-03 -7.635e-05 -3.424e-04
