#         t         u1         u2         u3        s11        s12        s13        s22        s23        s33
 0.0000e+00  0.000e+00  0.000e+00  0.000e+00  0.000e+00  0.000e+00  0.000e+00  0.000e+00  0.000e+00  0.000e+00
 5.0000e-02 -3.500e-03  8.900e-04 -8.200e-04  2.300e-03 -1.340e-03 -1.500e-05  3.700e-03  2.430e-05  4.700e-05
 1.0000e-01 -6.700e-03  1.710e-03 -1.580e-03  4.400e-03 -2.560e-03 -2.800e-05  7.100e-03  4.660e-05  9.100e-05
 1.5000e-01 -9.700e-03  2.450e-03 -2.290e-03  6.400e-03 -3.670e-03 -3.900e-05  1.050e-02  6.720e-05  1.340e-04
 2.0000e-01 -1.240e-02  3.130e-03 -2.950e-03  8.200e-03 -4.680e-03 -4.800e-05  1.360e-02  8.600e-05  1.750e-04
 2.5000e-01 -1.500e-02  3.740e-03 -3.570e-03  1.000e-02 -5.590e-03 -5.600e-05  1.660e-02  1.033e-04  2.150e-04
 3.0000e-01 -1.740e-02  4.310e-03 -4.150e-03  1.160e-02 -6.420e-03 -6.200e-05  1.950e-02  1.192e-04  2.530e-04
 3.5000e-01 -1.960e-02  4.830e-03 -4.690e-03  1.310e-02 -7.180e-03 -6.800e-05  2.230e-02  1.338e-04  2.890e-04
 4.0000e-01 -2.160e-02  5.300e-03 -5.210e-03  1.460e-02 -7.870e-03 -7.300e-05  2.490e-02  1.473e-04  3.250e-04
 4.5000e-01 -2.350e-02  5.730e-03 -5.690e-03  1.600e-02 -8.490e-03 -7.600e-05  2.750e-02  1.597e-04  3.590e-04
 5.0000e-01 -2.530e-02  6.130e-03 -6.150e-03  1.720e-02 -9.060e-03 -8.000e-05  2.990e-02  1.710e-04  3.910e-04
 5.5000e-01 -2.700e-02  6.500e-03 -6.580e-03  1.840e-02 -9.580e-03 -8.300e-05  3.230e-02  1.815e-04  4.230e-04
 6.0000e-01 -2.860e-02  6.830e-03 -6.990e-03  1.960e-02 -1.005e-02 -8.500e-05  3.460e-02  1.911e-04  4.530e-04
 6.5000e-01 -3.000e-02  7.140e-03 -7.380e-03  2.070e-02 -1.048e-02 -8.700e-05  3.680e-02  2.000e-04  4.820e-04
 7.0000e-01 -3.140e-02  7.430e-03 -7.750e-03  2.170e-02 -1.087e-02 -8.800e-05  3.890e-02  2.082e-04  5.110e-04
 7.5000e-01 -3.270e-02  7.690e-03 -8.100e-03  2.270e-02 -1.123e-02 -9.000e-05  4.090e-02  2.156e-04  5.370e-04
 8.0000e-01 -3.400e-02  7.930e-03 -8.440e-03  2.360e-02 -1.155e-02 -9.100e-05  4.290e-02  2.226e-04  5.640e-04
 8.5000e-01 -3.510e-02  8.150e-03 -8.750e-03  2.450e-02 -1.185e-02 -9.300e-05  4.480e-02  2.291e-04  5.880e-04
 9.0000e-01 -3.620e-02  8.360e-03 -9.060e-03  2.530e-02 -1.212e-02 -9.400e-05  4.670e-02  2.351e-04  6.130e-04
 9.5000e-01 -3.730e-02  8.540e-03 -9.350e-03  2.610e-02 -1.236e-02 -9.500e-05  4.840e-02  2.406e-04  6.360e-04
 1.0000e+00 -3.830e-02  8.720e-03 -9.630e-03  2.680e-02 -1.259e-02 -9.600e-05  5.020e-02  2.456e-04  6.580e-04
 1.0500e+00 -3.920e-02  8.880e-03 -9.900e-03  2.750e-02 -1.279e-02 -9.700e-05  5.190e-02  2.502e-04  6.800e-04
 1.1000e+00 -4.010e-02  9.030e-03 -1.015e-02  2.820e-02 -1.297e-02 -9.800e-05  5.350e-02  2.545e-04  7.010e-04
 1.1500e+00 -4.090e-02  9.160e-03 -1.040e-02  2.880e-02 -1.314e-02 -1.000e-04  5.510e-02  2.584e-04  7.220e-04
 1.2000e+00 -4.170e-02  9.290e-03 -1.064e-02  2.940e-02 -1.329e-02 -1.010e-04  5.660e-02  2.620e-04  7.420e-04
 1.2500e+00 -4.250e-02  9.400e-03 -1.087e-02  3.000e-02 -1.343e-02 -1.020e-04  5.810e-02  2.654e-04  7.610e-04
 1.3000e+00 -4.320e-02  9.510e-03 -1.109e-02  3.060e-02 -1.355e-02 -1.040e-04  5.950e-02  2.684e-04  7.790e-04
 1.3500e+00 -4.390e-02  9.600e-03 -1.130e-02  3.110e-02 -1.366e-02 -1.050e-04  6.090e-02  2.712e-04  7.970e-04
 1.4000e+00 -4.460e-02  9.690e-03 -1.150e-02  3.160e-02 -1.376e-02 -1.060e-04  6.230e-02  2.738e-04  8.140e-04
 1.4500e+00 -4.520e-02  9.780e-03 -1.170e-02  3.210e-02 -1.385e-02 -1.070e-04  6.360e-02  2.761e-04  8.300e-04
 1.5000e+00 -4.580e-02  9.850e-03 -1.189e-02  3.250e-02 -1.393e-02 -1.080e-04  6.480e-02  2.783e-04  8.460e-04
 1.5500e+00 -4.640e-02  9.920e-03 -1.208e-02  3.300e-02 -1.400e-02 -1.090e-04  6.610e-02  2.804e-04  8.610e-04
 1.6000e+00 -4.700e-02  9.980e-03 -1.226e-02  3.340e-02 -1.407e-02 -1.110e-04  6.730e-02  2.821e-04  8.760e-04
 1.6500e+00 -4.750e-02  1.004e-02 -1.243e-02  3.380e-02 -1.412e-02 -1.120e-04  6.850e-02  2.838e-04  8.900e-04
 1.7000e+00 -4.800e-02  1.009e-02 -1.260e-02  3.420e-02 -1.417e-02 -1.130e-04  6.960e-02  2.853e-04  9.040e-04
 1.7500e+00 -4.850e-02  1.014e-02 -1.276e-02  3.450e-02 -1.421e-02 -1.140e-04  7.070e-02  2.867e-04  9.170e-04
 1.8000e+00 -4.900e-02  1.018e-02 -1.292e-02  3.490e-02 -1.425e-02 -1.160e-04  7.180e-02  2.880e-04  9.310e-04
 1.8500e+00 -4.940e-02  1.022e-02 -1.308e-02  3.520e-02 -1.428e-02 -1.170e-04  7.280e-02  2.891e-04  9.430e-04
 1.9000e+00 -4.980e-02  1.026e-02 -1.323e-02  3.550e-02 -1.431e-02 -1.180e-04  7.390e-02  2.902e-04  9.550e-04
 1.9500e+00 -5.030e-02  1.029e-02 -1.337e-02  3.590e-02 -1.433e-02 -1.200e-04  7.490e-02  2.913e-04  9.670e-04
 2.0000e+00 -5.070e-02  1.032e-02 -1.352e-02  3.620e-02 -1.434e-02 -1.210e-04  7.580e-02  2.922e-04  9.790e-04
 2.0500e+00 -5.110e-02  1.034e-02 -1.366e-02  3.640e-02 -1.436e-02 -1.230e-04  7.680e-02  2.930e-04  9.900e-04
 2.1000e+00 -5.140e-02  1.036e-02 -1.379e-02  3.670e-02 -1.436e-02 -1.240e-04  7.770e-02  2.938e-04  1.001e-03
 2.1500e+00 -5.180e-02  1.038e-02 -1.393e-02  3.700e-02 -1.437e-02 -1.250e-04  7.860e-02  2.944e-04  1.011e-03
 2.2000e+00 -5.210e-02  1.040e-02 -1.406e-02  3.720e-02 -1.437e-02 -1.270e-04  7.950e-02  2.950e-04  1.021e-03
 2.2500e+00 -5.250e-02  1.041e-02 -1.419e-02  3.750e-02 -1.437e-02 -1.280e-04  8.030e-02  2.955e-04  1.030e-03
 2.3000e+00 -5.280e-02  1.042e-02 -1.431e-02  3.770e-02 -1.437e-02 -1.300e-04  8.110e-02  2.959e-04  1.040e-03
 2.3500e+00 -5.310e-02  1.043e-02 -1.443e-02  3.790e-02 -1.436e-02 -1.310e-04  8.190e-02  2.963e-04  1.049e-03
 2.4000e+00 -5.340e-02  1.044e-02 -1.455e-02  3.820e-02 -1.435e-02 -1.330e-04  8.270e-02  2.966e-04  1.058e-03
 2.4500e+00 -5.370e-02  1.044e-02 -1.467e-02  3.840e-02 -1.434e-02 -1.350e-04  8.350e-02  2.968e-04  1.067e-03
 2.5000e+00 -5.400e-02  1.045e-02 -1.479e-02  3.860e-02 -1.433e-02 -1.370e-04  8.420e-02  2.970e-04  1.075e-03
 2.5500e+00 -5.420e-02  1.045e-02 -1.490e-02  3.880e-02 -1.431e-02 -1.380e-04  8.500e-02  2.973e-04  1.084e-03
 2.6000e+00 -5.450e-02  1.045e-02 -1.501e-02  3.900e-02 -1.429e-02 -1.400e-04  8.570e-02  2.975e-04  1.092e-03
 2.6500e+00 -5.480e-02  1.045e-02 -1.512e-02  3.920e-02 -1.428e-02 -1.420e-04  8.640e-02  2.977e-04  1.099e-03
 2.7000e+00 -5.500e-02  1.045e-02 -1.523e-02  3.930e-02 -1.425e-02 -1.440e-04  8.710e-02  2.977e-04  1.107e-03
 2.7500e+00 -5.520e-02  1.044e-02 -1.534e-02  3.950e-02 -1.423e-02 -1.460e-04  8.770e-02  2.977e-04  1.114e-03
 2.8000e+00 -5.550e-02  1.044e-02 -1.544e-02  3.970e-02 -1.421e-02 -1.470e-04  8.840e-02  2.978e-04  1.121e-03
 2.8500e+00 -5.570e-02  1.043e-02 -1.554e-02  3.980e-02 -1.419e-02 -1.490e-04  8.900e-02  2.978e-04  1.127e-03
 2.9000e+00 -5.590e-02  1.042e-02 -1.565e-02  4.000e-02 -1.416e-02 -1.510e-04  8.960e-02  2.977e-04  1.134e-03
 2.9500e+00 -5.610e-02  1.041e-02 -1.575e-02  4.010e-02 -1.413e-02 -1.520e-04  9.030e-02  2.976e-04  1.140e-03
 3.0000e+00 -5.630e-02  1.041e-02 -1.584e-02  4.030e-02 -1.411e-02 -1.540e-04  9.090e-02  2.975e-04  1.147e-03
 3.0500e+00 -5.650e-02  1.040e-02 -1.594e-02  4.040e-02 -1.408e-02 -1.560e-04  9.140e-02  2.974e-04  1.153e-03
