#         t         u1         u2         u3        s11        s12        s13        s22        s23        s33
 0.0000e+00  0.000e+00  0.000e+00  0.000e+00  0.000e+00  0.000e+00  0.000e+00  0.000e+00  0.000e+00  0.000e+00
 2.7740e-08  0.000e+00 -1.000e-06  1.000e-06  0.000e+00  1.000e-06  0.000e+00  0.000e+00 -1.000e-08  0.000e+00
 6.7430e-08  0.000e+00 -1.000e-06  1.000e-06  0.000e+00  1.000e-06  0.000e+00  0.000e+00 -1.000e-08 -1.000e-07
 1.2390e-07  0.000e+00 -2.000e-06  2.000e-06  0.000e+00  2.000e-06  0.000e+00  0.000e+00  0.000e+00 -1.000e-07
 2.0340e-07  0.000e+00 -3.000e-06  2.000e-06  0.000e+00  3.000e-06  0.000e+00  0.000e+00  1.000e-08 -1.000e-07
 3.1250e-07  0.000e+00 -4.000e-06  3.000e-06  1.000e-05  4.000e-06  1.000e-07  0.000e+00  1.000e-08 -1.000e-07
 4.5900e-07 -1.000e-05 -5.000e-06  3.000e-06  1.000e-05  5.000e-06  1.000e-07  0.000e+00  2.000e-08  0.000e+00
 6.5030e-07 -1.000e-05 -6.000e-06  3.000e-06  2.000e-05  6.000e-06  2.000e-07 -1.000e-05  3.000e-08  1.000e-07
 8.9950e-07 -2.000e-05 -7.000e-06  3.000e-06  4.000e-05  7.000e-06  2.000e-07 -1.000e-05  3.000e-08  3.000e-07
 1.2230e-06 -3.000e-05 -7.000e-06  2.000e-06  6.000e-05  7.000e-06  3.000e-07 -1.000e-05  3.000e-08  3.000e-07
 1.6410e-06 -4.000e-05 -8.000e-06  1.000e-06  8.000e-05  7.000e-06  4.000e-07 -1.000e-05  4.000e-08  6.000e-07
 2.1830e-06 -6.000e-05 -8.000e-06 -1.000e-06  1.100e-04  7.000e-06  5.000e-07 -1.000e-05  6.000e-08  9.000e-07
 2.8820e-06 -8.000e-05 -8.000e-06 -3.000e-06  1.400e-04  7.000e-06  6.000e-07 -1.000e-05  6.000e-08  1.300e-06
 3.7830e-06 -1.100e-04 -7.000e-06 -6.000e-06  1.800e-04  6.000e-06  8.000e-07  0.000e+00  7.000e-08  1.700e-06
 4.9450e-06 -1.400e-04 -7.000e-06 -1.000e-05  2.300e-04  5.000e-06  9.000e-07  0.000e+00  8.000e-08  2.100e-06
 6.4430e-06 -1.800e-04 -6.000e-06 -1.500e-05  2.900e-04  4.000e-06  1.200e-06  0.000e+00  8.000e-08  2.800e-06
 8.3730e-06 -2.300e-04 -4.000e-06 -2.000e-05  3.600e-04  3.000e-06  1.400e-06  0.000e+00  8.000e-08  3.500e-06
 1.0860e-05 -2.800e-04 -2.000e-06 -2.700e-05  4.400e-04  2.000e-06  1.800e-06  1.000e-05  8.000e-08  4.300e-06
 1.4060e-05 -3.400e-04  0.000e+00 -3.500e-05  5.300e-04  1.000e-06  2.100e-06  1.000e-05  9.000e-08  5.300e-06
 1.8180e-05 -4.100e-04  3.000e-06 -4.400e-05  6.400e-04  0.000e+00  2.500e-06  2.000e-05  1.000e-07  6.300e-06
 2.3490e-05 -4.900e-04  6.000e-06 -5.400e-05  7.600e-04 -1.000e-06  3.000e-06  2.000e-05  1.100e-07  7.500e-06
 3.0350e-05 -5.800e-04  1.000e-05 -6.600e-05  9.000e-04 -1.000e-06  3.500e-06  3.000e-05  1.600e-07  8.800e-06
 3.9210e-05 -6.800e-04  1.500e-05 -7.900e-05  1.050e-03 -1.000e-06  4.100e-06  4.000e-05  2.000e-07  1.030e-05
 5.0390e-05 -8.000e-04  1.900e-05 -9.300e-05  1.220e-03 -1.000e-06  4.800e-06  5.000e-05  2.100e-07  1.190e-05
 6.4110e-05 -9.100e-04  2.400e-05 -1.080e-04  1.390e-03  1.000e-06  5.400e-06  6.000e-05  2.300e-07  1.360e-05
 8.0890e-05 -1.030e-03  3.000e-05 -1.230e-04  1.580e-03  2.000e-06  6.100e-06  7.000e-05  2.400e-07  1.540e-05
 1.0130e-04 -1.160e-03  3.500e-05 -1.390e-04  1.780e-03  5.000e-06  6.900e-06  8.000e-05  2.400e-07  1.750e-05
 1.2610e-04 -1.300e-03  4.100e-05 -1.550e-04  1.980e-03  7.000e-06  7.700e-06  1.000e-04  2.500e-07  1.950e-05
 1.5600e-04 -1.430e-03  4.700e-05 -1.710e-04  2.190e-03  1.100e-05  8.400e-06  1.100e-04  2.800e-07  2.170e-05
 1.9200e-04 -1.580e-03  5.300e-05 -1.930e-04  2.410e-03  1.500e-05  9.300e-06  1.200e-04  2.900e-07  2.390e-05
 2.3520e-04 -1.720e-03  5.900e-05 -2.030e-04  2.640e-03  2.100e-05  1.010e-05  1.400e-04  3.200e-07  2.630e-05
 2.8670e-04 -1.870e-03  6.600e-05 -2.230e-04  2.870e-03  2.600e-05  1.100e-05  1.500e-04  3.500e-07  2.860e-05
 3.4820e-04 -2.030e-03  7.200e-05 -2.430e-04  3.110e-03  3.300e-05  1.190e-05  1.600e-04  3.700e-07  3.100e-05
 4.2110e-04 -2.180e-03  7.900e-05 -2.530e-04  3.350e-03  4.000e-05  1.290e-05  1.800e-04  3.700e-07  3.350e-05
 5.0750e-04 -2.340e-03  8.600e-05 -2.730e-04  3.590e-03  4.900e-05  1.370e-05  1.900e-04  3.800e-07  3.600e-05
 6.0940e-04 -2.500e-03  9.300e-05 -2.830e-04  3.840e-03  5.800e-05  1.450e-05  2.100e-04  4.100e-07  3.870e-05
 7.2930e-04 -2.660e-03  1.000e-04 -3.030e-04  4.090e-03  6.800e-05  1.550e-05  2.200e-04  4.300e-07  4.130e-05
 8.7000e-04 -2.820e-03  1.080e-04 -3.130e-04  4.340e-03  7.900e-05  1.640e-05  2.300e-04  4.500e-07  4.390e-05
 1.0350e-03 -2.980e-03  1.150e-04 -3.330e-04  4.590e-03  9.100e-05  1.730e-05  2.500e-04  4.900e-07  4.670e-05
 1.2270e-03 -3.140e-03  1.220e-04 -3.430e-04  4.840e-03  1.040e-04  1.830e-05  2.600e-04  5.100e-07  4.950e-05
 1.4500e-03 -3.290e-03  1.300e-04 -3.530e-04  5.090e-03  1.180e-04  1.930e-05  2.700e-04  5.300e-07  5.220e-05
 1.7080e-03 -3.450e-03  1.370e-04 -3.630e-04  5.340e-03  1.340e-04  2.040e-05  2.900e-04  5.800e-07  5.500e-05
 2.0040e-03 -3.600e-03  1.450e-04 -3.730e-04  5.590e-03  1.500e-04  2.130e-05  3.000e-04  6.400e-07  5.790e-05
 2.3450e-03 -3.750e-03  1.520e-04 -3.830e-04  5.840e-03  1.670e-04  2.230e-05  3.100e-04  6.900e-07  6.070e-05
 2.7340e-03 -3.900e-03  1.590e-04 -3.930e-04  6.080e-03  1.850e-04  2.350e-05  3.200e-04  7.400e-07  6.350e-05
 3.1770e-03 -4.040e-03  1.670e-04 -3.930e-04  6.320e-03  2.050e-04  2.460e-05  3.300e-04  8.100e-07  6.620e-05
 3.6810e-03 -4.190e-03  1.740e-04 -4.030e-04  6.560e-03  2.250e-04  2.560e-05  3.400e-04  9.100e-07  6.900e-05
 4.2530e-03 -4.320e-03  1.810e-04 -4.030e-04  6.790e-03  2.470e-04  2.680e-05  3.500e-04  9.800e-07  7.190e-05
 4.8990e-03 -4.460e-03  1.870e-04 -4.130e-04  7.020e-03  2.690e-04  2.800e-05  3.600e-04  1.070e-06  7.470e-05
 5.6280e-03 -4.590e-03  1.940e-04 -4.130e-04  7.250e-03  2.930e-04  2.910e-05  3.700e-04  1.150e-06  7.750e-05
 6.4490e-03 -4.720e-03  2.000e-04 -4.130e-04  7.470e-03  3.170e-04  3.020e-05  3.700e-04  1.260e-06  8.020e-05
 7.3700e-03 -4.840e-03  2.060e-04 -4.130e-04  7.690e-03  3.430e-04  3.140e-05  3.800e-04  1.340e-06  8.310e-05
 8.4020e-03 -4.960e-03  2.120e-04 -4.130e-04  7.910e-03  3.700e-04  3.250e-05  3.900e-04  1.420e-06  8.590e-05
 9.5560e-03 -5.080e-03  2.180e-04 -4.130e-04  8.120e-03  3.980e-04  3.360e-05  3.900e-04  1.530e-06  8.870e-05
 1.0840e-02 -5.190e-03  2.230e-04 -4.130e-04  8.340e-03  4.260e-04  3.490e-05  4.000e-04  1.630e-06  9.160e-05
 1.2280e-02 -5.300e-03  2.280e-04 -4.030e-04  8.540e-03  4.560e-04  3.600e-05  4.000e-04  1.760e-06  9.450e-05
 1.3870e-02 -5.410e-03  2.320e-04 -4.030e-04  8.750e-03  4.870e-04  3.720e-05  4.100e-04  1.900e-06  9.730e-05
 1.5640e-02 -5.510e-03  2.360e-04 -3.930e-04  8.960e-03  5.190e-04  3.850e-05  4.100e-04  2.050e-06  1.003e-04
 1.7600e-02 -5.610e-03  2.400e-04 -3.930e-04  9.160e-03  5.520e-04  3.980e-05  4.200e-04  2.210e-06  1.032e-04
 1.9770e-02 -5.710e-03  2.430e-04 -3.830e-04  9.360e-03  5.860e-04  4.110e-05  4.200e-04  2.370e-06  1.061e-04
 2.2170e-02 -5.800e-03  2.460e-04 -3.730e-04  9.560e-03  6.200e-04  4.240e-05  4.200e-04  2.540e-06  1.091e-04
 2.4800e-02 -5.890e-03  2.490e-04 -3.630e-04  9.760e-03  6.560e-04  4.380e-05  4.200e-04  2.700e-06  1.121e-04
 2.7700e-02 -5.980e-03  2.510e-04 -3.530e-04  9.950e-03  6.930e-04  4.520e-05  4.300e-04  2.890e-06  1.150e-04
 3.0890e-02 -6.070e-03  2.520e-04 -3.430e-04  1.015e-02  7.310e-04  4.670e-05  4.300e-04  3.070e-06  1.182e-04
 3.4390e-02 -6.150e-03  2.540e-04 -3.330e-04  1.034e-02  7.700e-04  4.810e-05  4.300e-04  3.260e-06  1.211e-04
 3.8210e-02 -6.230e-03  2.540e-04 -3.230e-04  1.054e-02  8.090e-04  4.960e-05  4.300e-04  3.480e-06  1.243e-04
 4.2390e-02 -6.310e-03  2.550e-04 -3.130e-04  1.073e-02  8.500e-04  5.130e-05  4.300e-04  3.690e-06  1.274e-04
 4.6950e-02 -6.390e-03  2.540e-04 -2.930e-04  1.092e-02  8.920e-04  5.270e-05  4.300e-04  3.920e-06  1.305e-04
 5.1920e-02 -6.460e-03  2.540e-04 -2.830e-04  1.112e-02  9.350e-04  5.430e-05  4.300e-04  4.150e-06  1.336e-04
 5.7320e-02 -6.540e-03  2.530e-04 -2.630e-04  1.131e-02  9.780e-04  5.600e-05  4.300e-04  4.410e-06  1.368e-04
 6.3190e-02 -6.610e-03  2.510e-04 -2.530e-04  1.151e-02  1.023e-03  5.780e-05  4.200e-04  4.690e-06  1.400e-04
 6.9560e-02 -6.680e-03  2.490e-04 -2.330e-04  1.170e-02  1.068e-03  5.950e-05  4.200e-04  4.950e-06  1.433e-04
 7.6450e-02 -6.740e-03  2.460e-04 -2.130e-04  1.190e-02  1.115e-03  6.140e-05  4.200e-04  5.230e-06  1.466e-04
 8.3910e-02 -6.810e-03  2.430e-04 -1.930e-04  1.210e-02  1.163e-03  6.320e-05  4.200e-04  5.520e-06  1.500e-04
 9.1960e-02 -6.880e-03  2.400e-04 -1.730e-04  1.230e-02  1.211e-03  6.520e-05  4.100e-04  5.820e-06  1.534e-04
 1.0060e-01 -6.940e-03  2.350e-04 -1.560e-04  1.250e-02  1.261e-03  6.720e-05  4.100e-04  6.120e-06  1.568e-04
 1.1000e-01 -7.010e-03  2.310e-04 -1.350e-04  1.270e-02  1.312e-03  6.910e-05  4.100e-04  6.440e-06  1.604e-04
 1.2010e-01 -7.070e-03  2.260e-04 -1.140e-04  1.291e-02  1.364e-03  7.130e-05  4.100e-04  6.790e-06  1.641e-04
 1.3090e-01 -7.130e-03  2.210e-04 -9.200e-05  1.312e-02  1.416e-03  7.320e-05  4.000e-04  7.130e-06  1.678e-04
 1.4250e-01 -7.190e-03  2.150e-04 -6.900e-05  1.332e-02  1.470e-03  7.540e-05  4.000e-04  7.510e-06  1.714e-04
 1.5500e-01 -7.250e-03  2.080e-04 -4.600e-05  1.354e-02  1.525e-03  7.750e-05  3.900e-04  7.900e-06  1.752e-04
 1.6830e-01 -7.310e-03  2.010e-04 -2.200e-05  1.375e-02  1.582e-03  7.970e-05  3.900e-04  8.280e-06  1.789e-04
 1.8250e-01 -7.370e-03  1.940e-04  3.000e-06  1.397e-02  1.639e-03  8.220e-05  3.900e-04  8.660e-06  1.827e-04
 1.9770e-01 -7.430e-03  1.860e-04  2.800e-05  1.419e-02  1.697e-03  8.450e-05  3.800e-04  9.060e-06  1.866e-04
 2.1390e-01 -7.490e-03  1.780e-04  5.400e-05  1.441e-02  1.756e-03  8.700e-05  3.800e-04  9.440e-06  1.906e-04
 2.3100e-01 -7.550e-03  1.700e-04  8.100e-05  1.464e-02  1.816e-03  8.940e-05  3.700e-04  9.850e-06  1.945e-04
 2.4920e-01 -7.610e-03  1.610e-04  1.080e-04  1.486e-02  1.877e-03  9.180e-05  3.700e-04  1.025e-05  1.986e-04
 2.6850e-01 -7.670e-03  1.520e-04  1.360e-04  1.509e-02  1.939e-03  9.430e-05  3.600e-04  1.064e-05  2.027e-04
 2.8880e-01 -7.730e-03  1.420e-04  1.640e-04  1.532e-02  2.001e-03  9.680e-05  3.600e-04  1.107e-05  2.069e-04
 3.1030e-01 -7.790e-03  1.320e-04  1.930e-04  1.556e-02  2.065e-03  9.940e-05  3.500e-04  1.149e-05  2.111e-04
 3.3310e-01 -7.850e-03  1.220e-04  2.220e-04  1.579e-02  2.129e-03  1.020e-04  3.500e-04  1.193e-05  2.154e-04
 3.5710e-01 -7.900e-03  1.110e-04  2.520e-04  1.603e-02  2.195e-03  1.046e-04  3.400e-04  1.235e-05  2.197e-04
 3.8230e-01 -7.960e-03  1.000e-04  2.820e-04  1.628e-02  2.261e-03  1.073e-04  3.400e-04  1.278e-05  2.240e-04
 4.0900e-01 -8.020e-03  8.900e-05  3.130e-04  1.652e-02  2.328e-03  1.101e-04  3.300e-04  1.321e-05  2.284e-04
 4.3700e-01 -8.080e-03  7.800e-05  3.450e-04  1.677e-02  2.396e-03  1.128e-04  3.300e-04  1.367e-05  2.328e-04
 4.6650e-01 -8.140e-03  6.600e-05  3.770e-04  1.702e-02  2.465e-03  1.155e-04  3.200e-04  1.411e-05  2.373e-04
 4.9750e-01 -8.200e-03  5.400e-05  4.090e-04  1.728e-02  2.535e-03  1.184e-04  3.200e-04  1.456e-05  2.418e-04
 5.3010e-01 -8.260e-03  4.100e-05  4.430e-04  1.754e-02  2.606e-03  1.213e-04  3.100e-04  1.499e-05  2.464e-04
 5.6430e-01 -8.320e-03  2.900e-05  4.760e-04  1.780e-02  2.678e-03  1.243e-04  3.100e-04  1.542e-05  2.511e-04
 6.0010e-01 -8.390e-03  1.600e-05  5.110e-04  1.806e-02  2.750e-03  1.272e-04  3.000e-04  1.585e-05  2.557e-04
 6.3770e-01 -8.450e-03  3.000e-06  5.450e-04  1.833e-02  2.824e-03  1.303e-04  2.900e-04  1.627e-05  2.606e-04
 6.7700e-01 -8.510e-03 -1.100e-05  5.810e-04  1.860e-02  2.898e-03  1.334e-04  2.900e-04  1.672e-05  2.653e-04
 7.1830e-01 -8.570e-03 -2.400e-05  6.170e-04  1.888e-02  2.974e-03  1.365e-04  2.800e-04  1.711e-05  2.701e-04
 7.6140e-01 -8.640e-03 -3.800e-05  6.530e-04  1.915e-02  3.050e-03  1.396e-04  2.800e-04  1.754e-05  2.750e-04
 8.0650e-01 -8.700e-03 -5.200e-05  6.910e-04  1.944e-02  3.127e-03  1.429e-04  2.700e-04  1.794e-05  2.800e-04
 8.5370e-01 -8.770e-03 -6.600e-05  7.280e-04  1.972e-02  3.205e-03  1.459e-04  2.600e-04  1.833e-05  2.851e-04
 9.0310e-01 -8.830e-03 -8.100e-05  7.670e-04  2.001e-02  3.283e-03  1.490e-04  2.600e-04  1.873e-05  2.901e-04
 9.5460e-01 -8.900e-03 -9.600e-05  8.060e-04  2.030e-02  3.363e-03  1.523e-04  2.500e-04  1.910e-05  2.953e-04
 1.0080e+00 -8.970e-03 -1.100e-04  8.450e-04  2.060e-02  3.444e-03  1.555e-04  2.400e-04  1.949e-05  3.004e-04
 1.0650e+00 -9.040e-03 -1.260e-04  8.850e-04  2.090e-02  3.525e-03  1.587e-04  2.400e-04  1.986e-05  3.056e-04
 1.1230e+00 -9.110e-03 -1.410e-04  9.260e-04  2.120e-02  3.607e-03  1.621e-04  2.300e-04  2.022e-05  3.109e-04
 1.1850e+00 -9.180e-03 -1.560e-04  9.680e-04  2.151e-02  3.690e-03  1.653e-04  2.200e-04  2.058e-05  3.162e-04
 1.2480e+00 -9.250e-03 -1.720e-04  1.010e-03  2.182e-02  3.774e-03  1.686e-04  2.200e-04  2.094e-05  3.216e-04
 1.3150e+00 -9.320e-03 -1.880e-04  1.053e-03  2.213e-02  3.859e-03  1.718e-04  2.100e-04  2.127e-05  3.269e-04
 1.3840e+00 -9.400e-03 -2.040e-04  1.096e-03  2.245e-02  3.944e-03  1.751e-04  2.000e-04  2.158e-05  3.322e-04
 1.4560e+00 -9.470e-03 -2.200e-04  1.140e-03  2.277e-02  4.030e-03  1.783e-04  1.900e-04  2.187e-05  3.377e-04
 1.5320e+00 -9.550e-03 -2.360e-04  1.185e-03  2.310e-02  4.117e-03  1.816e-04  1.800e-04  2.216e-05  3.433e-04
 1.6100e+00 -9.620e-03 -2.520e-04  1.230e-03  2.343e-02  4.204e-03  1.849e-04  1.800e-04  2.245e-05  3.490e-04
 1.6910e+00 -9.700e-03 -2.690e-04  1.276e-03  2.376e-02  4.292e-03  1.884e-04  1.700e-04  2.271e-05  3.546e-04
 1.7750e+00 -9.780e-03 -2.850e-04  1.323e-03  2.409e-02  4.381e-03  1.919e-04  1.600e-04  2.297e-05  3.604e-04
 1.8630e+00 -9.860e-03 -3.020e-04  1.370e-03  2.443e-02  4.470e-03  1.951e-04  1.500e-04  2.318e-05  3.661e-04
 1.9530e+00 -9.940e-03 -3.190e-04  1.418e-03  2.477e-02  4.560e-03  1.984e-04  1.400e-04  2.339e-05  3.718e-04
 2.0470e+00 -1.002e-02 -3.360e-04  1.466e-03  2.512e-02  4.650e-03  2.018e-04  1.300e-04  2.357e-05  3.778e-04
 2.1450e+00 -1.010e-02 -3.530e-04  1.515e-03  2.546e-02  4.740e-03  2.051e-04  1.200e-04  2.376e-05  3.836e-04
 2.2460e+00 -1.018e-02 -3.700e-04  1.565e-03  2.581e-02  4.831e-03  2.084e-04  1.100e-04  2.392e-05  3.896e-04
 2.3500e+00 -1.027e-02 -3.870e-04  1.615e-03  2.617e-02  4.922e-03  2.118e-04  1.000e-04  2.407e-05  3.955e-04
 2.4590e+00 -1.035e-02 -4.040e-04  1.666e-03  2.652e-02  5.013e-03  2.151e-04  9.000e-05  2.421e-05  4.013e-04
 2.5710e+00 -1.044e-02 -4.210e-04  1.717e-03  2.688e-02  5.105e-03  2.185e-04  8.000e-05  2.433e-05  4.074e-04
 2.6870e+00 -1.052e-02 -4.390e-04  1.769e-03  2.724e-02  5.197e-03  2.218e-04  6.000e-05  2.440e-05  4.134e-04
 2.8070e+00 -1.061e-02 -4.560e-04  1.822e-03  2.760e-02  5.290e-03  2.250e-04  5.000e-05  2.447e-05  4.194e-04
 2.9310e+00 -1.070e-02 -4.730e-04  1.875e-03  2.797e-02  5.387e-03  2.282e-04  4.000e-05  2.450e-05  4.253e-04
 3.0590e+00 -1.079e-02 -4.910e-04  1.929e-03  2.834e-02  5.477e-03  2.313e-04  3.000e-05  2.454e-05  4.313e-04
