# n      slip         x1         x2        x3 length width strike dip    rake
001 1.000e+00 -9.903e+01 -1.249e+02 6.734e+00     20    16    315  12  76.667
002 1.000e+00 -8.498e+01 -1.391e+02 6.734e+00     20    16    315  12  82.000
003 1.000e-02 -1.470e+01 -2.101e+02 6.734e+00     20    16    315  12  74.000
004 1.000e+00 -1.161e+02 -8.544e+01 1.006e+01     20    16    315  12 102.000
005 1.000e+00 -1.021e+02 -9.965e+01 1.006e+01     20    16    315  12  87.333
006 2.000e+00 -8.801e+01 -1.139e+02 1.006e+01     20    16    315  12  88.667
007 2.000e+00 -7.395e+01 -1.281e+02 1.006e+01     20    16    315  12  88.667
008 1.000e+00 -5.990e+01 -1.422e+02 1.006e+01     20    16    315  12  87.333
009 1.000e+00 -1.191e+02 -6.016e+01 1.339e+01     20    16    315  12 100.667
010 2.000e+00 -1.051e+02 -7.437e+01 1.339e+01     20    16    315  12 104.667
011 3.000e+00 -9.103e+01 -8.857e+01 1.339e+01     20    16    315  12  96.667
012 4.000e+00 -7.698e+01 -1.028e+02 1.339e+01     20    16    315  12  87.333
013 4.000e+00 -6.292e+01 -1.170e+02 1.339e+01     20    16    315  12  79.333
014 2.000e+00 -4.887e+01 -1.312e+02 1.339e+01     20    16    315  12  71.333
015 1.000e+00 3.545e+01 -2.163e+02 1.339e+01     20    16    315  12  72.667
016 1.000e+00 4.950e+01 -2.304e+02 1.339e+01     20    16    315  12  74.000
017 1.000e+00 6.356e+01 -2.446e+02 1.339e+01     20    16    315  12  75.333
018 1.000e+00 -1.081e+02 -4.907e+01 1.671e+01     20    16    315  12  84.667
019 3.000e+00 -9.405e+01 -6.328e+01 1.671e+01     20    16    315  12  92.667
020 5.000e+00 -8.000e+01 -7.749e+01 1.671e+01     20    16    315  12  87.333
021 7.000e+00 -6.594e+01 -9.170e+01 1.671e+01     20    16    315  12  78.000
022 7.000e+00 -5.189e+01 -1.059e+02 1.671e+01     20    16    315  12  72.667
023 4.000e+00 -3.784e+01 -1.201e+02 1.671e+01     20    16    315  12  71.333
024 1.000e+00 -2.379e+01 -1.343e+02 1.671e+01     20    16    315  12  72.667
025 1.000e+00 3.242e+01 -1.910e+02 1.671e+01     20    16    315  12  90.000
026 2.000e+00 4.647e+01 -2.052e+02 1.671e+01     20    16    315  12  76.667
027 2.000e+00 6.052e+01 -2.194e+02 1.671e+01     20    16    315  12  80.667
028 2.000e+00 7.458e+01 -2.335e+02 1.671e+01     20    16    315  12  80.667
029 1.000e+00 -9.707e+01 -3.800e+01 2.004e+01     20    16    315  12  96.667
030 4.000e+00 -8.301e+01 -5.221e+01 2.004e+01     20    16    315  12  96.667
031 7.000e+00 -6.896e+01 -6.641e+01 2.004e+01     20    16    315  12  87.333
032 9.000e+00 -5.491e+01 -8.062e+01 2.004e+01     20    16    315  12  76.667
033 8.000e+00 -4.086e+01 -9.482e+01 2.004e+01     20    16    315  12  71.333
034 5.000e+00 -2.681e+01 -1.090e+02 2.004e+01     20    16    315  12  70.000
035 2.000e+00 -1.276e+01 -1.232e+02 2.004e+01     20    16    315  12  72.667
036 1.000e+00 1.291e+00 -1.374e+02 2.004e+01     20    16    315  12  88.667
037 1.000e+00 1.534e+01 -1.516e+02 2.004e+01     20    16    315  12  76.667
038 2.000e+00 2.939e+01 -1.658e+02 2.004e+01     20    16    315  12  92.667
039 3.000e+00 4.344e+01 -1.800e+02 2.004e+01     20    16    315  12  94.000
040 4.000e+00 5.749e+01 -1.941e+02 2.004e+01     20    16    315  12  99.333
041 3.000e+00 7.155e+01 -2.083e+02 2.004e+01     20    16    315  12  98.000
042 2.000e+00 8.560e+01 -2.225e+02 2.004e+01     20    16    315  12  91.333
043 1.000e+00 -1.001e+02 -1.269e+01 2.337e+01     20    16    315  12 108.667
044 3.000e+00 -8.603e+01 -2.691e+01 2.337e+01     20    16    315  12 100.667
045 6.000e+00 -7.197e+01 -4.113e+01 2.337e+01     20    16    315  12  91.333
046 8.000e+00 -5.792e+01 -5.534e+01 2.337e+01     20    16    315  12  87.333
047 9.000e+00 -4.387e+01 -6.955e+01 2.337e+01     20    16    315  12  79.333
048 8.000e+00 -2.982e+01 -8.376e+01 2.337e+01     20    16    315  12  74.000
049 5.000e+00 -1.577e+01 -9.795e+01 2.337e+01     20    16    315  12  76.667
050 3.000e+00 -1.725e+00 -1.121e+02 2.337e+01     20    16    315  12  80.667
051 2.000e+00 1.232e+01 -1.263e+02 2.337e+01     20    16    315  12 102.000
052 3.000e+00 2.637e+01 -1.405e+02 2.337e+01     20    16    315  12 103.333
053 4.000e+00 4.042e+01 -1.547e+02 2.337e+01     20    16    315  12 104.667
054 5.000e+00 5.447e+01 -1.689e+02 2.337e+01     20    16    315  12 100.667
055 6.000e+00 6.852e+01 -1.831e+02 2.337e+01     20    16    315  12 100.667
056 5.000e+00 8.257e+01 -1.973e+02 2.337e+01     20    16    315  12 102.000
057 3.000e+00 9.662e+01 -2.114e+02 2.337e+01     20    16    315  12 102.000
058 2.000e+00 -8.903e+01 -1.620e+00 2.669e+01     20    16    315  12 100.667
059 5.000e+00 -7.498e+01 -1.584e+01 2.669e+01     20    16    315  12  88.667
060 8.000e+00 -6.093e+01 -3.005e+01 2.669e+01     20    16    315  12  91.333
061 1.000e+01 -4.688e+01 -4.426e+01 2.669e+01     20    16    315  12  92.667
062 9.000e+00 -3.283e+01 -5.847e+01 2.669e+01     20    16    315  12  88.667
063 8.000e+00 -1.878e+01 -7.268e+01 2.669e+01     20    16    315  12  83.333
064 6.000e+00 -4.736e+00 -8.689e+01 2.669e+01     20    16    315  12  88.667
065 4.000e+00 9.310e+00 -1.011e+02 2.669e+01     20    16    315  12  92.667
066 4.000e+00 2.336e+01 -1.153e+02 2.669e+01     20    16    315  12 102.000
067 5.000e+00 3.740e+01 -1.295e+02 2.669e+01     20    16    315  12 108.667
068 7.000e+00 5.145e+01 -1.437e+02 2.669e+01     20    16    315  12 108.667
069 8.000e+00 6.550e+01 -1.578e+02 2.669e+01     20    16    315  12 103.333
070 8.000e+00 7.955e+01 -1.720e+02 2.669e+01     20    16    315  12 104.667
071 7.000e+00 9.360e+01 -1.862e+02 2.669e+01     20    16    315  12 106.000
072 4.000e+00 1.076e+02 -2.004e+02 2.669e+01     20    16    315  12 100.667
073 3.000e+00 -7.799e+01 9.463e+00 3.002e+01     20    16    315  12  95.333
074 7.000e+00 -6.394e+01 -4.760e+00 3.002e+01     20    16    315  12  87.333
075 1.000e+01 -4.989e+01 -1.898e+01 3.002e+01     20    16    315  12  88.667
076 1.100e+01 -3.584e+01 -3.320e+01 3.002e+01     20    16    315  12  95.333
077 1.000e+01 -2.179e+01 -4.741e+01 3.002e+01     20    16    315  12  98.000
078 9.000e+00 -7.742e+00 -6.161e+01 3.002e+01     20    16    315  12  98.000
079 7.000e+00 6.304e+00 -7.582e+01 3.002e+01     20    16    315  12  98.000
080 6.000e+00 2.035e+01 -9.002e+01 3.002e+01     20    16    315  12 103.333
081 6.000e+00 3.439e+01 -1.042e+02 3.002e+01     20    16    315  12 103.333
082 8.000e+00 4.844e+01 -1.184e+02 3.002e+01     20    16    315  12 107.333
083 1.000e+01 6.248e+01 -1.326e+02 3.002e+01     20    16    315  12 108.667
084 1.100e+01 7.653e+01 -1.468e+02 3.002e+01     20    16    315  12 107.333
085 1.100e+01 9.058e+01 -1.610e+02 3.002e+01     20    16    315  12 106.000
086 9.000e+00 1.046e+02 -1.751e+02 3.002e+01     20    16    315  12 107.333
087 5.000e+00 1.187e+02 -1.893e+02 3.002e+01     20    16    315  12 106.000
088 3.000e+00 -6.694e+01 2.053e+01 3.335e+01     20    16    315  12  92.667
089 6.000e+00 -5.289e+01 6.307e+00 3.335e+01     20    16    315  12  86.000
090 9.000e+00 -3.884e+01 -7.904e+00 3.335e+01     20    16    315  12  90.000
091 1.000e+01 -2.479e+01 -2.212e+01 3.335e+01     20    16    315  12  99.333
092 1.000e+01 -1.074e+01 -3.634e+01 3.335e+01     20    16    315  12 106.000
093 9.000e+00 3.301e+00 -5.055e+01 3.335e+01     20    16    315  12 107.333
094 8.000e+00 1.735e+01 -6.476e+01 3.335e+01     20    16    315  12 106.000
095 8.000e+00 3.139e+01 -7.895e+01 3.335e+01     20    16    315  12 110.000
096 9.000e+00 4.543e+01 -9.315e+01 3.335e+01     20    16    315  12 108.667
097 1.100e+01 5.948e+01 -1.073e+02 3.335e+01     20    16    315  12 108.667
098 1.300e+01 7.352e+01 -1.215e+02 3.335e+01     20    16    315  12 108.667
099 1.400e+01 8.757e+01 -1.357e+02 3.335e+01     20    16    315  12 108.667
100 1.400e+01 1.016e+02 -1.499e+02 3.335e+01     20    16    315  12 110.000
101 1.100e+01 1.157e+02 -1.641e+02 3.335e+01     20    16    315  12 107.333
102 6.000e+00 1.297e+02 -1.783e+02 3.335e+01     20    16    315  12 108.667
103 2.000e+00 -5.588e+01 3.161e+01 3.667e+01     20    16    315  12 104.667
104 4.000e+00 -4.184e+01 1.738e+01 3.667e+01     20    16    315  12  87.333
105 7.000e+00 -2.779e+01 3.159e+00 3.667e+01     20    16    315  12  90.000
106 8.000e+00 -1.374e+01 -1.106e+01 3.667e+01     20    16    315  12  99.333
107 8.000e+00 3.038e-01 -2.527e+01 3.667e+01     20    16    315  12 106.000
108 8.000e+00 1.435e+01 -3.948e+01 3.667e+01     20    16    315  12 108.667
109 8.000e+00 2.839e+01 -5.369e+01 3.667e+01     20    16    315  12 108.667
110 9.000e+00 4.243e+01 -6.790e+01 3.667e+01     20    16    315  12 110.000
111 1.100e+01 5.648e+01 -8.210e+01 3.667e+01     20    16    315  12 108.667
112 1.300e+01 7.052e+01 -9.630e+01 3.667e+01     20    16    315  12 110.000
113 1.500e+01 8.456e+01 -1.105e+02 3.667e+01     20    16    315  12 110.000
114 1.600e+01 9.860e+01 -1.247e+02 3.667e+01     20    16    315  12 110.000
115 1.600e+01 1.126e+02 -1.389e+02 3.667e+01     20    16    315  12 108.667
116 1.300e+01 1.267e+02 -1.530e+02 3.667e+01     20    16    315  12 110.000
117 7.000e+00 1.407e+02 -1.672e+02 3.667e+01     20    16    315  12 107.333
118 1.000e+00 -4.483e+01 4.268e+01 4.000e+01     20    16    315  12 106.000
119 2.000e+00 -3.078e+01 2.846e+01 4.000e+01     20    16    315  12  91.333
120 4.000e+00 -1.673e+01 1.423e+01 4.000e+01     20    16    315  12  91.333
121 5.000e+00 -2.689e+00 7.770e-03 4.000e+01     20    16    315  12 104.667
122 6.000e+00 1.135e+01 -1.421e+01 4.000e+01     20    16    315  12 104.667
123 6.000e+00 2.540e+01 -2.843e+01 4.000e+01     20    16    315  12 106.000
124 7.000e+00 3.944e+01 -4.264e+01 4.000e+01     20    16    315  12 108.667
125 9.000e+00 5.348e+01 -5.684e+01 4.000e+01     20    16    315  12 107.333
126 1.100e+01 6.752e+01 -7.104e+01 4.000e+01     20    16    315  12 107.333
127 1.300e+01 8.156e+01 -8.524e+01 4.000e+01     20    16    315  12 110.000
128 1.500e+01 9.560e+01 -9.944e+01 4.000e+01     20    16    315  12 110.000
129 1.700e+01 1.096e+02 -1.136e+02 4.000e+01     20    16    315  12 110.000
130 1.700e+01 1.237e+02 -1.278e+02 4.000e+01     20    16    315  12 107.333
131 1.400e+01 1.377e+02 -1.420e+02 4.000e+01     20    16    315  12 107.333
132 8.000e+00 1.518e+02 -1.562e+02 4.000e+01     20    16    315  12 104.667
133 1.000e+00 -5.677e+00 2.529e+01 4.333e+01     20    16    315  12  79.333
134 2.000e+00 8.366e+00 1.108e+01 4.333e+01     20    16    315  12 100.667
135 3.000e+00 2.241e+01 -3.147e+00 4.333e+01     20    16    315  12 103.333
136 4.000e+00 3.645e+01 -1.737e+01 4.333e+01     20    16    315  12 104.667
137 5.000e+00 5.049e+01 -3.158e+01 4.333e+01     20    16    315  12 104.667
138 7.000e+00 6.453e+01 -4.579e+01 4.333e+01     20    16    315  12 107.333
139 9.000e+00 7.857e+01 -6.000e+01 4.333e+01     20    16    315  12 106.000
140 1.000e+01 9.261e+01 -7.419e+01 4.333e+01     20    16    315  12 108.667
141 1.200e+01 1.066e+02 -8.839e+01 4.333e+01     20    16    315  12 110.000
142 1.400e+01 1.207e+02 -1.026e+02 4.333e+01     20    16    315  12 108.667
143 1.400e+01 1.347e+02 -1.168e+02 4.333e+01     20    16    315  12 106.000
144 1.200e+01 1.488e+02 -1.309e+02 4.333e+01     20    16    315  12 104.667
145 7.000e+00 1.628e+02 -1.451e+02 4.333e+01     20    16    315  12 103.333
146 1.000e+00 3.347e+01 7.904e+00 4.665e+01     20    16    315  12  96.667
147 2.000e+00 4.750e+01 -6.317e+00 4.665e+01     20    16    315  12 100.667
148 3.000e+00 6.154e+01 -2.052e+01 4.665e+01     20    16    315  12 108.667
149 4.000e+00 7.558e+01 -3.474e+01 4.665e+01     20    16    315  12 110.000
150 5.000e+00 8.962e+01 -4.894e+01 4.665e+01     20    16    315  12 108.667
151 6.000e+00 1.037e+02 -6.315e+01 4.665e+01     20    16    315  12 108.667
152 7.000e+00 1.177e+02 -7.735e+01 4.665e+01     20    16    315  12 110.000
153 8.000e+00 1.317e+02 -9.153e+01 4.665e+01     20    16    315  12 110.000
154 8.000e+00 1.458e+02 -1.057e+02 4.665e+01     20    16    315  12 106.000
155 7.000e+00 1.598e+02 -1.199e+02 4.665e+01     20    16    315  12  99.333
156 5.000e+00 1.738e+02 -1.341e+02 4.665e+01     20    16    315  12  98.000
157 1.000e+00 5.856e+01 4.741e+00 4.998e+01     20    16    315  12 110.000
158 1.000e+00 7.260e+01 -9.478e+00 4.998e+01     20    16    315  12 106.000
159 2.000e+00 8.664e+01 -2.369e+01 4.998e+01     20    16    315  12 102.000
160 2.000e+00 1.007e+02 -3.789e+01 4.998e+01     20    16    315  12 108.667
161 2.000e+00 1.147e+02 -5.210e+01 4.998e+01     20    16    315  12 108.667
162 2.000e+00 1.287e+02 -6.630e+01 4.998e+01     20    16    315  12 108.667
163 2.000e+00 1.428e+02 -8.050e+01 4.998e+01     20    16    315  12 108.667
164 2.000e+00 1.568e+02 -9.469e+01 4.998e+01     20    16    315  12 104.667
165 2.000e+00 1.708e+02 -1.089e+02 4.998e+01     20    16    315  12 100.667
166 2.000e+00 1.849e+02 -1.230e+02 4.998e+01     20    16    315  12  96.667
167 1.000e+00 9.295e+01 -2.883e+02 7.074e+00     20    16    342  15  80.667
168 1.000e+00 1.119e+02 -2.945e+02 7.074e+00     20    16    342  15  79.333
169 1.000e+00 3.579e+02 -3.747e+02 7.074e+00     20    16    342  15  88.667
170 2.000e+00 3.768e+02 -3.808e+02 7.074e+00     20    16    342  15  91.333
171 2.000e+00 3.957e+02 -3.869e+02 7.074e+00     20    16    342  15  90.000
172 2.000e+00 4.147e+02 -3.931e+02 7.074e+00     20    16    342  15  98.000
173 3.000e+00 4.336e+02 -3.992e+02 7.074e+00     20    16    342  15  90.000
174 3.000e+00 4.525e+02 -4.053e+02 7.074e+00     20    16    342  15  96.667
175 3.000e+00 4.715e+02 -4.114e+02 7.074e+00     20    16    342  15  99.333
176 3.000e+00 4.904e+02 -4.175e+02 7.074e+00     20    16    342  15  99.333
177 3.000e+00 5.094e+02 -4.236e+02 7.074e+00     20    16    342  15  98.000
178 3.000e+00 5.283e+02 -4.297e+02 7.074e+00     20    16    342  15  92.667
179 2.000e+00 5.472e+02 -4.358e+02 7.074e+00     20    16    342  15  92.667
180 2.000e+00 5.662e+02 -4.419e+02 7.074e+00     20    16    342  15  92.667
181 3.000e+00 5.851e+02 -4.480e+02 7.074e+00     20    16    342  15  86.000
182 3.000e+00 6.041e+02 -4.541e+02 7.074e+00     20    16    342  15  86.000
183 3.000e+00 6.230e+02 -4.601e+02 7.074e+00     20    16    342  15  71.333
184 3.000e+00 6.420e+02 -4.662e+02 7.074e+00     20    16    342  15  70.000
185 2.000e+00 6.609e+02 -4.722e+02 7.074e+00     20    16    342  15  84.667
186 1.000e+00 6.799e+02 -4.783e+02 7.074e+00     20    16    342  15  90.000
187 1.000e-01 5.987e+01 -2.612e+02 1.121e+01     20    16    342  15  71.333
188 1.000e+00 9.770e+01 -2.736e+02 1.121e+01     20    16    342  15  75.333
189 1.000e+00 1.166e+02 -2.798e+02 1.121e+01     20    16    342  15  78.000
190 1.000e+00 3.248e+02 -3.477e+02 1.121e+01     20    16    342  15  84.667
191 2.000e+00 3.437e+02 -3.539e+02 1.121e+01     20    16    342  15  86.000
192 3.000e+00 3.626e+02 -3.600e+02 1.121e+01     20    16    342  15  90.000
193 4.000e+00 3.815e+02 -3.662e+02 1.121e+01     20    16    342  15  92.667
194 5.000e+00 4.005e+02 -3.723e+02 1.121e+01     20    16    342  15  99.333
195 6.000e+00 4.194e+02 -3.784e+02 1.121e+01     20    16    342  15  99.333
196 7.000e+00 4.383e+02 -3.846e+02 1.121e+01     20    16    342  15  96.667
197 7.000e+00 4.573e+02 -3.907e+02 1.121e+01     20    16    342  15 100.667
198 7.000e+00 4.762e+02 -3.968e+02 1.121e+01     20    16    342  15 100.667
199 6.000e+00 4.951e+02 -4.029e+02 1.121e+01     20    16    342  15  98.000
200 6.000e+00 5.141e+02 -4.090e+02 1.121e+01     20    16    342  15  94.000
201 6.000e+00 5.330e+02 -4.151e+02 1.121e+01     20    16    342  15  91.333
202 5.000e+00 5.520e+02 -4.212e+02 1.121e+01     20    16    342  15  91.333
203 5.000e+00 5.709e+02 -4.273e+02 1.121e+01     20    16    342  15  90.000
204 6.000e+00 5.898e+02 -4.334e+02 1.121e+01     20    16    342  15  82.000
205 6.000e+00 6.088e+02 -4.395e+02 1.121e+01     20    16    342  15  80.667
206 6.000e+00 6.277e+02 -4.455e+02 1.121e+01     20    16    342  15  75.333
207 6.000e+00 6.467e+02 -4.516e+02 1.121e+01     20    16    342  15  72.667
208 4.000e+00 6.656e+02 -4.577e+02 1.121e+01     20    16    342  15  75.333
209 2.000e+00 6.846e+02 -4.637e+02 1.121e+01     20    16    342  15  78.000
210 1.000e+00 1.781e+02 -2.836e+02 1.536e+01     20    16    342  15  87.333
211 1.000e+00 1.971e+02 -2.898e+02 1.536e+01     20    16    342  15  83.333
212 1.000e+00 2.160e+02 -2.960e+02 1.536e+01     20    16    342  15  80.667
213 1.000e+00 3.106e+02 -3.269e+02 1.536e+01     20    16    342  15  91.333
214 3.000e+00 3.295e+02 -3.330e+02 1.536e+01     20    16    342  15  90.000
215 5.000e+00 3.484e+02 -3.392e+02 1.536e+01     20    16    342  15  91.333
216 7.000e+00 3.674e+02 -3.454e+02 1.536e+01     20    16    342  15  92.667
217 8.000e+00 3.863e+02 -3.515e+02 1.536e+01     20    16    342  15  95.333
218 9.000e+00 4.052e+02 -3.577e+02 1.536e+01     20    16    342  15  99.333
219 1.000e+01 4.241e+02 -3.638e+02 1.536e+01     20    16    342  15  99.333
220 1.100e+01 4.431e+02 -3.699e+02 1.536e+01     20    16    342  15 100.667
221 1.100e+01 4.620e+02 -3.761e+02 1.536e+01     20    16    342  15 102.000
222 1.000e+01 4.809e+02 -3.822e+02 1.536e+01     20    16    342  15 102.000
223 9.000e+00 4.999e+02 -3.883e+02 1.536e+01     20    16    342  15  99.333
224 9.000e+00 5.188e+02 -3.944e+02 1.536e+01     20    16    342  15  95.333
225 9.000e+00 5.377e+02 -4.005e+02 1.536e+01     20    16    342  15  92.667
226 9.000e+00 5.567e+02 -4.066e+02 1.536e+01     20    16    342  15  91.333
227 9.000e+00 5.756e+02 -4.127e+02 1.536e+01     20    16    342  15  88.667
228 1.000e+01 5.946e+02 -4.188e+02 1.536e+01     20    16    342  15  82.000
229 1.000e+01 6.135e+02 -4.249e+02 1.536e+01     20    16    342  15  79.333
230 1.000e+01 6.324e+02 -4.310e+02 1.536e+01     20    16    342  15  75.333
231 9.000e+00 6.514e+02 -4.370e+02 1.536e+01     20    16    342  15  72.667
232 6.000e+00 6.703e+02 -4.431e+02 1.536e+01     20    16    342  15  76.667
233 3.000e+00 6.893e+02 -4.491e+02 1.536e+01     20    16    342  15  78.000
234 1.000e-01 6.939e+01 -2.318e+02 1.950e+01     20    16    342  15  71.333
235 1.000e-01 8.831e+01 -2.380e+02 1.950e+01     20    16    342  15  70.000
236 1.000e+00 1.640e+02 -2.628e+02 1.950e+01     20    16    342  15  87.333
237 2.000e+00 1.829e+02 -2.690e+02 1.950e+01     20    16    342  15  84.667
238 2.000e+00 2.018e+02 -2.751e+02 1.950e+01     20    16    342  15  80.667
239 2.000e+00 2.207e+02 -2.813e+02 1.950e+01     20    16    342  15  83.333
240 1.000e+00 2.397e+02 -2.875e+02 1.950e+01     20    16    342  15  91.333
241 1.000e+00 2.964e+02 -3.061e+02 1.950e+01     20    16    342  15  88.667
242 3.000e+00 3.153e+02 -3.122e+02 1.950e+01     20    16    342  15  92.667
243 5.000e+00 3.343e+02 -3.184e+02 1.950e+01     20    16    342  15  92.667
244 8.000e+00 3.532e+02 -3.245e+02 1.950e+01     20    16    342  15  95.333
245 1.000e+01 3.721e+02 -3.307e+02 1.950e+01     20    16    342  15  96.667
246 1.200e+01 3.910e+02 -3.369e+02 1.950e+01     20    16    342  15  98.000
247 1.300e+01 4.100e+02 -3.430e+02 1.950e+01     20    16    342  15  99.333
248 1.400e+01 4.289e+02 -3.491e+02 1.950e+01     20    16    342  15  99.333
249 1.400e+01 4.478e+02 -3.553e+02 1.950e+01     20    16    342  15 100.667
250 1.400e+01 4.667e+02 -3.614e+02 1.950e+01     20    16    342  15 102.000
251 1.300e+01 4.857e+02 -3.676e+02 1.950e+01     20    16    342  15 100.667
252 1.200e+01 5.046e+02 -3.737e+02 1.950e+01     20    16    342  15  99.333
253 1.200e+01 5.235e+02 -3.798e+02 1.950e+01     20    16    342  15  98.000
254 1.200e+01 5.425e+02 -3.859e+02 1.950e+01     20    16    342  15  95.333
255 1.200e+01 5.614e+02 -3.920e+02 1.950e+01     20    16    342  15  94.000
256 1.300e+01 5.803e+02 -3.981e+02 1.950e+01     20    16    342  15  91.333
257 1.400e+01 5.993e+02 -4.042e+02 1.950e+01     20    16    342  15  86.000
258 1.400e+01 6.182e+02 -4.103e+02 1.950e+01     20    16    342  15  80.667
259 1.300e+01 6.372e+02 -4.164e+02 1.950e+01     20    16    342  15  76.667
260 1.100e+01 6.561e+02 -4.225e+02 1.950e+01     20    16    342  15  72.667
261 8.000e+00 6.750e+02 -4.285e+02 1.950e+01     20    16    342  15  74.000
262 4.000e+00 6.940e+02 -4.346e+02 1.950e+01     20    16    342  15  75.333
263 1.000e-01 9.307e+01 -2.233e+02 2.364e+01     20    16    342  15  70.000
264 1.000e+00 1.498e+02 -2.419e+02 2.364e+01     20    16    342  15  76.667
265 2.000e+00 1.687e+02 -2.481e+02 2.364e+01     20    16    342  15  72.667
266 3.000e+00 1.877e+02 -2.543e+02 2.364e+01     20    16    342  15  75.333
267 3.000e+00 2.066e+02 -2.605e+02 2.364e+01     20    16    342  15  75.333
268 3.000e+00 2.255e+02 -2.667e+02 2.364e+01     20    16    342  15  71.333
269 2.000e+00 2.444e+02 -2.728e+02 2.364e+01     20    16    342  15  79.333
270 1.000e+00 2.633e+02 -2.790e+02 2.364e+01     20    16    342  15  83.333
271 1.000e+00 2.822e+02 -2.852e+02 2.364e+01     20    16    342  15  84.667
272 2.000e+00 3.012e+02 -2.914e+02 2.364e+01     20    16    342  15  90.000
273 5.000e+00 3.201e+02 -2.976e+02 2.364e+01     20    16    342  15  98.000
274 8.000e+00 3.390e+02 -3.037e+02 2.364e+01     20    16    342  15  99.333
275 1.100e+01 3.579e+02 -3.099e+02 2.364e+01     20    16    342  15  96.667
276 1.300e+01 3.769e+02 -3.161e+02 2.364e+01     20    16    342  15  99.333
277 1.400e+01 3.958e+02 -3.222e+02 2.364e+01     20    16    342  15 100.667
278 1.500e+01 4.147e+02 -3.284e+02 2.364e+01     20    16    342  15  98.000
279 1.600e+01 4.336e+02 -3.345e+02 2.364e+01     20    16    342  15 100.667
280 1.600e+01 4.525e+02 -3.407e+02 2.364e+01     20    16    342  15 100.667
281 1.500e+01 4.715e+02 -3.468e+02 2.364e+01     20    16    342  15 100.667
282 1.400e+01 4.904e+02 -3.529e+02 2.364e+01     20    16    342  15 100.667
283 1.300e+01 5.093e+02 -3.591e+02 2.364e+01     20    16    342  15 100.667
284 1.300e+01 5.283e+02 -3.652e+02 2.364e+01     20    16    342  15  99.333
285 1.300e+01 5.472e+02 -3.713e+02 2.364e+01     20    16    342  15  96.667
286 1.400e+01 5.661e+02 -3.774e+02 2.364e+01     20    16    342  15  94.000
287 1.500e+01 5.851e+02 -3.835e+02 2.364e+01     20    16    342  15  92.667
288 1.600e+01 6.040e+02 -3.896e+02 2.364e+01     20    16    342  15  87.333
289 1.600e+01 6.229e+02 -3.957e+02 2.364e+01     20    16    342  15  82.000
290 1.500e+01 6.419e+02 -4.018e+02 2.364e+01     20    16    342  15  76.667
291 1.300e+01 6.608e+02 -4.079e+02 2.364e+01     20    16    342  15  74.000
292 9.000e+00 6.798e+02 -4.140e+02 2.364e+01     20    16    342  15  75.333
293 4.000e+00 6.987e+02 -4.200e+02 2.364e+01     20    16    342  15  71.333
294 1.000e+00 1.357e+02 -2.210e+02 2.778e+01     20    16    342  15  90.000
295 2.000e+00 1.546e+02 -2.272e+02 2.778e+01     20    16    342  15  78.000
296 3.000e+00 1.735e+02 -2.334e+02 2.778e+01     20    16    342  15  75.333
297 4.000e+00 1.924e+02 -2.396e+02 2.778e+01     20    16    342  15  76.667
298 4.000e+00 2.113e+02 -2.458e+02 2.778e+01     20    16    342  15  72.667
299 4.000e+00 2.303e+02 -2.520e+02 2.778e+01     20    16    342  15  72.667
300 3.000e+00 2.492e+02 -2.582e+02 2.778e+01     20    16    342  15  74.000
301 2.000e+00 2.681e+02 -2.644e+02 2.778e+01     20    16    342  15  75.333
302 2.000e+00 2.870e+02 -2.705e+02 2.778e+01     20    16    342  15  82.000
303 4.000e+00 3.059e+02 -2.767e+02 2.778e+01     20    16    342  15  90.000
304 7.000e+00 3.248e+02 -2.829e+02 2.778e+01     20    16    342  15  95.333
305 1.000e+01 3.438e+02 -2.891e+02 2.778e+01     20    16    342  15  99.333
306 1.300e+01 3.627e+02 -2.952e+02 2.778e+01     20    16    342  15 100.667
307 1.500e+01 3.816e+02 -3.014e+02 2.778e+01     20    16    342  15 100.667
308 1.500e+01 4.005e+02 -3.076e+02 2.778e+01     20    16    342  15 103.333
309 1.600e+01 4.194e+02 -3.137e+02 2.778e+01     20    16    342  15 100.667
310 1.600e+01 4.384e+02 -3.199e+02 2.778e+01     20    16    342  15 102.000
311 1.600e+01 4.573e+02 -3.260e+02 2.778e+01     20    16    342  15 102.000
312 1.400e+01 4.762e+02 -3.322e+02 2.778e+01     20    16    342  15 102.000
313 1.300e+01 4.951e+02 -3.383e+02 2.778e+01     20    16    342  15 103.333
314 1.200e+01 5.141e+02 -3.444e+02 2.778e+01     20    16    342  15 103.333
315 1.200e+01 5.330e+02 -3.506e+02 2.778e+01     20    16    342  15 100.667
316 1.200e+01 5.519e+02 -3.567e+02 2.778e+01     20    16    342  15  98.000
317 1.300e+01 5.709e+02 -3.628e+02 2.778e+01     20    16    342  15  95.333
318 1.500e+01 5.898e+02 -3.689e+02 2.778e+01     20    16    342  15  94.000
319 1.600e+01 6.087e+02 -3.750e+02 2.778e+01     20    16    342  15  88.667
320 1.700e+01 6.277e+02 -3.811e+02 2.778e+01     20    16    342  15  84.667
321 1.600e+01 6.466e+02 -3.872e+02 2.778e+01     20    16    342  15  79.333
322 1.300e+01 6.655e+02 -3.933e+02 2.778e+01     20    16    342  15  76.667
323 9.000e+00 6.845e+02 -3.994e+02 2.778e+01     20    16    342  15  76.667
324 4.000e+00 7.034e+02 -4.055e+02 2.778e+01     20    16    342  15  75.333
325 1.000e-01 1.026e+02 -1.938e+02 3.192e+01     20    16    342  15  70.000
326 1.000e-01 1.215e+02 -2.001e+02 3.192e+01     20    16    342  15  70.000
327 1.000e+00 1.404e+02 -2.063e+02 3.192e+01     20    16    342  15  90.000
328 3.000e+00 1.594e+02 -2.125e+02 3.192e+01     20    16    342  15  75.333
329 5.000e+00 1.783e+02 -2.187e+02 3.192e+01     20    16    342  15  79.333
330 6.000e+00 1.972e+02 -2.249e+02 3.192e+01     20    16    342  15  78.000
331 6.000e+00 2.161e+02 -2.311e+02 3.192e+01     20    16    342  15  76.667
332 5.000e+00 2.350e+02 -2.373e+02 3.192e+01     20    16    342  15  76.667
333 4.000e+00 2.539e+02 -2.435e+02 3.192e+01     20    16    342  15  76.667
334 3.000e+00 2.729e+02 -2.497e+02 3.192e+01     20    16    342  15  79.333
335 3.000e+00 2.918e+02 -2.559e+02 3.192e+01     20    16    342  15  88.667
336 5.000e+00 3.107e+02 -2.621e+02 3.192e+01     20    16    342  15  96.667
337 8.000e+00 3.296e+02 -2.682e+02 3.192e+01     20    16    342  15  98.000
338 1.100e+01 3.485e+02 -2.744e+02 3.192e+01     20    16    342  15 100.667
339 1.400e+01 3.674e+02 -2.806e+02 3.192e+01     20    16    342  15 102.000
340 1.500e+01 3.864e+02 -2.868e+02 3.192e+01     20    16    342  15 102.000
341 1.500e+01 4.053e+02 -2.929e+02 3.192e+01     20    16    342  15 103.333
342 1.500e+01 4.242e+02 -2.991e+02 3.192e+01     20    16    342  15 103.333
343 1.500e+01 4.431e+02 -3.053e+02 3.192e+01     20    16    342  15 103.333
344 1.400e+01 4.620e+02 -3.114e+02 3.192e+01     20    16    342  15 103.333
345 1.200e+01 4.810e+02 -3.176e+02 3.192e+01     20    16    342  15 103.333
346 1.100e+01 4.999e+02 -3.237e+02 3.192e+01     20    16    342  15 104.667
347 1.000e+01 5.188e+02 -3.298e+02 3.192e+01     20    16    342  15 106.000
348 1.000e+01 5.377e+02 -3.360e+02 3.192e+01     20    16    342  15 102.000
349 1.000e+01 5.567e+02 -3.421e+02 3.192e+01     20    16    342  15  99.333
350 1.100e+01 5.756e+02 -3.482e+02 3.192e+01     20    16    342  15  96.667
351 1.200e+01 5.945e+02 -3.543e+02 3.192e+01     20    16    342  15  94.000
352 1.400e+01 6.135e+02 -3.604e+02 3.192e+01     20    16    342  15  90.000
353 1.500e+01 6.324e+02 -3.666e+02 3.192e+01     20    16    342  15  87.333
354 1.400e+01 6.513e+02 -3.727e+02 3.192e+01     20    16    342  15  82.000
355 1.200e+01 6.703e+02 -3.787e+02 3.192e+01     20    16    342  15  78.000
356 8.000e+00 6.892e+02 -3.848e+02 3.192e+01     20    16    342  15  79.333
357 4.000e+00 7.081e+02 -3.909e+02 3.192e+01     20    16    342  15  84.667
358 1.000e-01 8.847e+01 -1.729e+02 3.606e+01     20    16    342  15  70.000
359 1.000e-01 1.074e+02 -1.791e+02 3.606e+01     20    16    342  15  70.000
360 1.000e-01 1.263e+02 -1.854e+02 3.606e+01     20    16    342  15  71.333
361 1.000e+00 1.452e+02 -1.916e+02 3.606e+01     20    16    342  15  88.667
362 3.000e+00 1.641e+02 -1.978e+02 3.606e+01     20    16    342  15  80.667
363 5.000e+00 1.830e+02 -2.040e+02 3.606e+01     20    16    342  15  80.667
364 7.000e+00 2.020e+02 -2.102e+02 3.606e+01     20    16    342  15  82.000
365 7.000e+00 2.209e+02 -2.164e+02 3.606e+01     20    16    342  15  80.667
366 6.000e+00 2.398e+02 -2.226e+02 3.606e+01     20    16    342  15  80.667
367 5.000e+00 2.587e+02 -2.288e+02 3.606e+01     20    16    342  15  82.000
368 4.000e+00 2.776e+02 -2.350e+02 3.606e+01     20    16    342  15  79.333
369 4.000e+00 2.965e+02 -2.412e+02 3.606e+01     20    16    342  15  87.333
370 5.000e+00 3.155e+02 -2.474e+02 3.606e+01     20    16    342  15 102.000
371 8.000e+00 3.344e+02 -2.536e+02 3.606e+01     20    16    342  15 103.333
372 1.100e+01 3.533e+02 -2.598e+02 3.606e+01     20    16    342  15 104.667
373 1.300e+01 3.722e+02 -2.659e+02 3.606e+01     20    16    342  15 104.667
374 1.300e+01 3.911e+02 -2.721e+02 3.606e+01     20    16    342  15 104.667
375 1.300e+01 4.100e+02 -2.783e+02 3.606e+01     20    16    342  15 106.000
376 1.300e+01 4.290e+02 -2.845e+02 3.606e+01     20    16    342  15 106.000
377 1.200e+01 4.479e+02 -2.906e+02 3.606e+01     20    16    342  15 106.000
378 1.000e+01 4.668e+02 -2.968e+02 3.606e+01     20    16    342  15 107.333
379 8.000e+00 4.857e+02 -3.029e+02 3.606e+01     20    16    342  15 104.667
380 7.000e+00 5.046e+02 -3.091e+02 3.606e+01     20    16    342  15 106.000
381 6.000e+00 5.236e+02 -3.152e+02 3.606e+01     20    16    342  15 107.333
382 7.000e+00 5.425e+02 -3.214e+02 3.606e+01     20    16    342  15 104.667
383 7.000e+00 5.614e+02 -3.275e+02 3.606e+01     20    16    342  15 100.667
384 8.000e+00 5.803e+02 -3.336e+02 3.606e+01     20    16    342  15  98.000
385 9.000e+00 5.993e+02 -3.398e+02 3.606e+01     20    16    342  15  95.333
386 1.100e+01 6.182e+02 -3.459e+02 3.606e+01     20    16    342  15  91.333
387 1.200e+01 6.371e+02 -3.520e+02 3.606e+01     20    16    342  15  88.667
388 1.100e+01 6.561e+02 -3.581e+02 3.606e+01     20    16    342  15  84.667
389 9.000e+00 6.750e+02 -3.642e+02 3.606e+01     20    16    342  15  86.000
390 6.000e+00 6.939e+02 -3.703e+02 3.606e+01     20    16    342  15  92.667
391 3.000e+00 7.129e+02 -3.764e+02 3.606e+01     20    16    342  15  96.667
392 1.000e-01 1.122e+02 -1.644e+02 4.020e+01     20    16    342  15  71.333
393 1.000e-01 1.500e+02 -1.769e+02 4.020e+01     20    16    342  15  71.333
394 3.000e+00 1.689e+02 -1.831e+02 4.020e+01     20    16    342  15  87.333
395 5.000e+00 1.878e+02 -1.893e+02 4.020e+01     20    16    342  15  86.000
396 7.000e+00 2.067e+02 -1.955e+02 4.020e+01     20    16    342  15  86.000
397 7.000e+00 2.257e+02 -2.017e+02 4.020e+01     20    16    342  15  79.333
398 6.000e+00 2.446e+02 -2.079e+02 4.020e+01     20    16    342  15  80.667
399 5.000e+00 2.635e+02 -2.141e+02 4.020e+01     20    16    342  15  80.667
400 4.000e+00 2.824e+02 -2.203e+02 4.020e+01     20    16    342  15  88.667
401 4.000e+00 3.013e+02 -2.265e+02 4.020e+01     20    16    342  15  98.000
402 5.000e+00 3.202e+02 -2.327e+02 4.020e+01     20    16    342  15 106.000
403 7.000e+00 3.391e+02 -2.389e+02 4.020e+01     20    16    342  15 110.000
404 9.000e+00 3.581e+02 -2.451e+02 4.020e+01     20    16    342  15 108.667
405 1.000e+01 3.770e+02 -2.513e+02 4.020e+01     20    16    342  15 106.000
406 1.000e+01 3.959e+02 -2.575e+02 4.020e+01     20    16    342  15 104.667
407 1.000e+01 4.148e+02 -2.637e+02 4.020e+01     20    16    342  15 106.000
408 9.000e+00 4.337e+02 -2.698e+02 4.020e+01     20    16    342  15 104.667
409 8.000e+00 4.526e+02 -2.760e+02 4.020e+01     20    16    342  15 107.333
410 6.000e+00 4.716e+02 -2.822e+02 4.020e+01     20    16    342  15 106.000
411 4.000e+00 4.905e+02 -2.883e+02 4.020e+01     20    16    342  15 103.333
412 3.000e+00 5.094e+02 -2.945e+02 4.020e+01     20    16    342  15 110.000
413 3.000e+00 5.283e+02 -3.006e+02 4.020e+01     20    16    342  15 100.667
414 4.000e+00 5.472e+02 -3.068e+02 4.020e+01     20    16    342  15  92.667
415 5.000e+00 5.662e+02 -3.129e+02 4.020e+01     20    16    342  15  95.333
416 6.000e+00 5.851e+02 -3.190e+02 4.020e+01     20    16    342  15  95.333
417 7.000e+00 6.040e+02 -3.252e+02 4.020e+01     20    16    342  15  94.000
418 8.000e+00 6.229e+02 -3.313e+02 4.020e+01     20    16    342  15  88.667
419 8.000e+00 6.419e+02 -3.374e+02 4.020e+01     20    16    342  15  88.667
420 7.000e+00 6.608e+02 -3.435e+02 4.020e+01     20    16    342  15  87.333
421 6.000e+00 6.797e+02 -3.496e+02 4.020e+01     20    16    342  15  92.667
422 4.000e+00 6.987e+02 -3.557e+02 4.020e+01     20    16    342  15  96.667
423 2.000e+00 7.176e+02 -3.618e+02 4.020e+01     20    16    342  15 100.667
424 1.000e-01 9.803e+01 -1.435e+02 4.434e+01     20    16    342  15  71.333
425 1.000e-01 1.359e+02 -1.560e+02 4.434e+01     20    16    342  15  71.333
426 1.000e-01 1.548e+02 -1.622e+02 4.434e+01     20    16    342  15  70.000
427 3.000e+00 1.737e+02 -1.684e+02 4.434e+01     20    16    342  15  90.000
428 5.000e+00 1.926e+02 -1.746e+02 4.434e+01     20    16    342  15  87.333
429 6.000e+00 2.115e+02 -1.808e+02 4.434e+01     20    16    342  15  87.333
430 6.000e+00 2.304e+02 -1.870e+02 4.434e+01     20    16    342  15  86.000
431 5.000e+00 2.493e+02 -1.933e+02 4.434e+01     20    16    342  15  84.667
432 4.000e+00 2.683e+02 -1.995e+02 4.434e+01     20    16    342  15  91.333
433 3.000e+00 2.872e+02 -2.057e+02 4.434e+01     20    16    342  15  91.333
434 3.000e+00 3.061e+02 -2.119e+02 4.434e+01     20    16    342  15 100.667
435 4.000e+00 3.250e+02 -2.181e+02 4.434e+01     20    16    342  15 104.667
436 5.000e+00 3.439e+02 -2.243e+02 4.434e+01     20    16    342  15 107.333
437 6.000e+00 3.628e+02 -2.305e+02 4.434e+01     20    16    342  15 110.000
438 6.000e+00 3.817e+02 -2.367e+02 4.434e+01     20    16    342  15 107.333
439 6.000e+00 4.007e+02 -2.428e+02 4.434e+01     20    16    342  15 108.667
440 6.000e+00 4.196e+02 -2.490e+02 4.434e+01     20    16    342  15 107.333
441 5.000e+00 4.385e+02 -2.552e+02 4.434e+01     20    16    342  15 106.000
442 4.000e+00 4.574e+02 -2.614e+02 4.434e+01     20    16    342  15 107.333
443 3.000e+00 4.763e+02 -2.675e+02 4.434e+01     20    16    342  15 107.333
444 2.000e+00 4.952e+02 -2.737e+02 4.434e+01     20    16    342  15  99.333
445 1.000e+00 5.142e+02 -2.799e+02 4.434e+01     20    16    342  15 107.333
446 1.000e+00 5.331e+02 -2.860e+02 4.434e+01     20    16    342  15 100.667
447 2.000e+00 5.520e+02 -2.922e+02 4.434e+01     20    16    342  15  80.667
448 3.000e+00 5.709e+02 -2.983e+02 4.434e+01     20    16    342  15  87.333
449 4.000e+00 5.898e+02 -3.045e+02 4.434e+01     20    16    342  15  90.000
450 5.000e+00 6.088e+02 -3.106e+02 4.434e+01     20    16    342  15  94.000
451 5.000e+00 6.277e+02 -3.167e+02 4.434e+01     20    16    342  15  91.333
452 5.000e+00 6.466e+02 -3.229e+02 4.434e+01     20    16    342  15  92.667
453 4.000e+00 6.655e+02 -3.290e+02 4.434e+01     20    16    342  15  90.000
454 3.000e+00 6.845e+02 -3.351e+02 4.434e+01     20    16    342  15  95.333
455 2.000e+00 7.034e+02 -3.412e+02 4.434e+01     20    16    342  15  98.000
456 1.000e+00 7.223e+02 -3.473e+02 4.434e+01     20    16    342  15  99.333
457 1.000e-01 1.028e+02 -1.288e+02 4.848e+01     20    16    342  15  71.333
458 2.000e+00 1.785e+02 -1.537e+02 4.848e+01     20    16    342  15  92.667
459 4.000e+00 1.974e+02 -1.599e+02 4.848e+01     20    16    342  15  91.333
460 5.000e+00 2.163e+02 -1.662e+02 4.848e+01     20    16    342  15  90.000
461 5.000e+00 2.352e+02 -1.724e+02 4.848e+01     20    16    342  15  87.333
462 4.000e+00 2.541e+02 -1.786e+02 4.848e+01     20    16    342  15  86.000
463 3.000e+00 2.730e+02 -1.848e+02 4.848e+01     20    16    342  15  87.333
464 2.000e+00 2.920e+02 -1.910e+02 4.848e+01     20    16    342  15  95.333
465 2.000e+00 3.109e+02 -1.972e+02 4.848e+01     20    16    342  15 106.000
466 2.000e+00 3.298e+02 -2.034e+02 4.848e+01     20    16    342  15 104.667
467 3.000e+00 3.487e+02 -2.096e+02 4.848e+01     20    16    342  15 108.667
468 3.000e+00 3.676e+02 -2.158e+02 4.848e+01     20    16    342  15 106.000
469 3.000e+00 3.865e+02 -2.220e+02 4.848e+01     20    16    342  15 104.667
470 3.000e+00 4.054e+02 -2.282e+02 4.848e+01     20    16    342  15 107.333
471 3.000e+00 4.243e+02 -2.344e+02 4.848e+01     20    16    342  15 110.000
472 2.000e+00 4.433e+02 -2.406e+02 4.848e+01     20    16    342  15  92.667
473 1.000e+00 4.622e+02 -2.468e+02 4.848e+01     20    16    342  15  98.000
474 1.000e+00 4.811e+02 -2.529e+02 4.848e+01     20    16    342  15  91.333
475 1.000e+00 5.000e+02 -2.591e+02 4.848e+01     20    16    342  15  72.667
476 1.000e+00 5.568e+02 -2.776e+02 4.848e+01     20    16    342  15  74.000
477 2.000e+00 5.757e+02 -2.837e+02 4.848e+01     20    16    342  15  80.667
478 3.000e+00 5.946e+02 -2.899e+02 4.848e+01     20    16    342  15  80.667
479 3.000e+00 6.135e+02 -2.960e+02 4.848e+01     20    16    342  15  78.000
480 3.000e+00 6.324e+02 -3.022e+02 4.848e+01     20    16    342  15  88.667
481 3.000e+00 6.514e+02 -3.083e+02 4.848e+01     20    16    342  15  91.333
482 2.000e+00 6.703e+02 -3.144e+02 4.848e+01     20    16    342  15  96.667
483 1.000e+00 6.892e+02 -3.205e+02 4.848e+01     20    16    342  15  95.333
484 1.000e+00 7.081e+02 -3.266e+02 4.848e+01     20    16    342  15  96.667
485 1.000e-01 1.076e+02 -1.141e+02 5.263e+01     20    16    342  15  71.333
486 1.000e-01 1.265e+02 -1.203e+02 5.263e+01     20    16    342  15  71.333
487 1.000e-01 1.454e+02 -1.266e+02 5.263e+01     20    16    342  15  71.333
488 1.000e-01 1.833e+02 -1.390e+02 5.263e+01     20    16    342  15  71.333
489 2.000e+00 2.022e+02 -1.453e+02 5.263e+01     20    16    342  15  98.000
490 2.000e+00 2.211e+02 -1.515e+02 5.263e+01     20    16    342  15  95.333
491 2.000e+00 2.400e+02 -1.577e+02 5.263e+01     20    16    342  15  86.000
492 2.000e+00 2.589e+02 -1.639e+02 5.263e+01     20    16    342  15  88.667
493 2.000e+00 2.778e+02 -1.701e+02 5.263e+01     20    16    342  15  86.000
494 1.000e+00 2.967e+02 -1.763e+02 5.263e+01     20    16    342  15  98.000
495 1.000e+00 3.157e+02 -1.826e+02 5.263e+01     20    16    342  15  98.000
496 1.000e+00 3.346e+02 -1.888e+02 5.263e+01     20    16    342  15  99.333
497 1.000e+00 3.535e+02 -1.950e+02 5.263e+01     20    16    342  15 104.667
498 1.000e+00 3.724e+02 -2.012e+02 5.263e+01     20    16    342  15 104.667
499 1.000e+00 3.913e+02 -2.074e+02 5.263e+01     20    16    342  15  95.333
500 1.000e+00 4.102e+02 -2.136e+02 5.263e+01     20    16    342  15 102.000
501 1.000e+00 4.291e+02 -2.198e+02 5.263e+01     20    16    342  15 104.667
502 1.000e+00 4.480e+02 -2.260e+02 5.263e+01     20    16    342  15  84.667
503 1.000e+00 5.804e+02 -2.692e+02 5.263e+01     20    16    342  15  96.667
504 1.000e+00 5.994e+02 -2.753e+02 5.263e+01     20    16    342  15  82.000
505 1.000e+00 6.183e+02 -2.815e+02 5.263e+01     20    16    342  15  79.333
506 1.000e+00 6.372e+02 -2.876e+02 5.263e+01     20    16    342  15  70.000
507 1.000e+00 6.561e+02 -2.937e+02 5.263e+01     20    16    342  15  82.000
508 1.000e+00 6.751e+02 -2.999e+02 5.263e+01     20    16    342  15 103.333
509 1.000e+00 7.974e+02 -4.706e+02 4.025e+00     20    16    5  17  80.667
510 1.000e+00 8.172e+02 -4.688e+02 4.025e+00     20    16    5  17  75.333
511 1.000e+00 8.370e+02 -4.670e+02 4.025e+00     20    16    5  17  96.667
512 1.000e+00 8.569e+02 -4.651e+02 4.025e+00     20    16    5  17 120.667
513 1.000e+00 8.767e+02 -4.633e+02 4.025e+00     20    16    5  17 120.667
514 1.000e+00 7.762e+02 -4.573e+02 8.837e+00     20    16    5  17 112.667
515 2.000e+00 7.960e+02 -4.554e+02 8.837e+00     20    16    5  17  99.333
516 3.000e+00 8.158e+02 -4.536e+02 8.837e+00     20    16    5  17 102.000
517 3.000e+00 8.356e+02 -4.518e+02 8.837e+00     20    16    5  17 102.000
518 3.000e+00 8.555e+02 -4.500e+02 8.837e+00     20    16    5  17 102.000
519 2.000e+00 8.753e+02 -4.482e+02 8.837e+00     20    16    5  17 102.000
520 1.000e+00 8.951e+02 -4.463e+02 8.837e+00     20    16    5  17 110.000
521 1.000e+00 6.955e+02 -4.493e+02 1.365e+01     20    16    5  17 150.000
522 1.000e+00 7.550e+02 -4.439e+02 1.365e+01     20    16    5  17 110.000
523 3.000e+00 7.748e+02 -4.421e+02 1.365e+01     20    16    5  17 112.667
524 4.000e+00 7.946e+02 -4.403e+02 1.365e+01     20    16    5  17 110.000
525 5.000e+00 8.144e+02 -4.385e+02 1.365e+01     20    16    5  17 110.000
526 5.000e+00 8.343e+02 -4.366e+02 1.365e+01     20    16    5  17 102.000
527 4.000e+00 8.541e+02 -4.348e+02 1.365e+01     20    16    5  17 102.000
528 3.000e+00 8.739e+02 -4.330e+02 1.365e+01     20    16    5  17  96.667
529 2.000e+00 8.937e+02 -4.312e+02 1.365e+01     20    16    5  17  99.333
530 1.000e+00 9.136e+02 -4.294e+02 1.365e+01     20    16    5  17  88.667
531 1.000e+00 6.941e+02 -4.341e+02 1.846e+01     20    16    5  17 150.000
532 2.000e+00 7.536e+02 -4.287e+02 1.846e+01     20    16    5  17 118.000
533 4.000e+00 7.734e+02 -4.269e+02 1.846e+01     20    16    5  17 120.667
534 6.000e+00 7.932e+02 -4.251e+02 1.846e+01     20    16    5  17 115.333
535 7.000e+00 8.131e+02 -4.233e+02 1.846e+01     20    16    5  17 110.000
536 7.000e+00 8.329e+02 -4.215e+02 1.846e+01     20    16    5  17 107.333
537 6.000e+00 8.527e+02 -4.197e+02 1.846e+01     20    16    5  17 107.333
538 5.000e+00 8.725e+02 -4.179e+02 1.846e+01     20    16    5  17 102.000
539 4.000e+00 8.924e+02 -4.161e+02 1.846e+01     20    16    5  17 102.000
540 2.000e+00 9.122e+02 -4.143e+02 1.846e+01     20    16    5  17 102.000
541 1.000e+00 9.320e+02 -4.125e+02 1.846e+01     20    16    5  17 104.667
542 1.000e+00 9.518e+02 -4.107e+02 1.846e+01     20    16    5  17  83.333
543 1.000e+00 9.716e+02 -4.089e+02 1.846e+01     20    16    5  17  99.333
544 1.000e+00 9.915e+02 -4.071e+02 1.846e+01     20    16    5  17 112.667
545 1.000e+00 1.011e+03 -4.053e+02 1.846e+01     20    16    5  17  91.333
546 1.000e+00 1.031e+03 -4.035e+02 1.846e+01     20    16    5  17 107.333
547 1.000e+00 1.051e+03 -4.017e+02 1.846e+01     20    16    5  17 115.333
548 1.000e+00 1.071e+03 -4.000e+02 1.846e+01     20    16    5  17 104.667
549 1.000e+00 1.091e+03 -3.982e+02 1.846e+01     20    16    5  17 112.667
550 1.000e+00 1.110e+03 -3.964e+02 1.846e+01     20    16    5  17 123.333
551 1.000e+00 6.928e+02 -4.189e+02 2.327e+01     20    16    5  17 144.667
552 2.000e+00 7.522e+02 -4.135e+02 2.327e+01     20    16    5  17 123.333
553 5.000e+00 7.720e+02 -4.117e+02 2.327e+01     20    16    5  17 126.000
554 7.000e+00 7.919e+02 -4.099e+02 2.327e+01     20    16    5  17 120.667
555 8.000e+00 8.117e+02 -4.081e+02 2.327e+01     20    16    5  17 112.667
556 8.000e+00 8.315e+02 -4.063e+02 2.327e+01     20    16    5  17 110.000
557 7.000e+00 8.513e+02 -4.045e+02 2.327e+01     20    16    5  17 112.667
558 6.000e+00 8.712e+02 -4.027e+02 2.327e+01     20    16    5  17 110.000
559 5.000e+00 8.910e+02 -4.009e+02 2.327e+01     20    16    5  17 112.667
560 3.000e+00 9.108e+02 -3.992e+02 2.327e+01     20    16    5  17 110.000
561 2.000e+00 9.306e+02 -3.974e+02 2.327e+01     20    16    5  17  96.667
562 2.000e+00 9.505e+02 -3.956e+02 2.327e+01     20    16    5  17  96.667
563 2.000e+00 9.703e+02 -3.938e+02 2.327e+01     20    16    5  17 107.333
564 2.000e+00 9.901e+02 -3.920e+02 2.327e+01     20    16    5  17 115.333
565 2.000e+00 1.010e+03 -3.902e+02 2.327e+01     20    16    5  17 110.000
566 2.000e+00 1.030e+03 -3.885e+02 2.327e+01     20    16    5  17 115.333
567 2.000e+00 1.050e+03 -3.867e+02 2.327e+01     20    16    5  17 118.000
568 2.000e+00 1.069e+03 -3.849e+02 2.327e+01     20    16    5  17 112.667
569 2.000e+00 1.089e+03 -3.831e+02 2.327e+01     20    16    5  17 120.667
570 2.000e+00 1.109e+03 -3.814e+02 2.327e+01     20    16    5  17 126.000
571 1.000e+00 1.129e+03 -3.796e+02 2.327e+01     20    16    5  17 131.333
572 1.000e+00 6.914e+02 -4.037e+02 2.808e+01     20    16    5  17 147.333
573 2.000e+00 7.509e+02 -3.983e+02 2.808e+01     20    16    5  17 142.000
574 5.000e+00 7.707e+02 -3.965e+02 2.808e+01     20    16    5  17 139.333
575 7.000e+00 7.905e+02 -3.947e+02 2.808e+01     20    16    5  17 131.333
576 8.000e+00 8.103e+02 -3.929e+02 2.808e+01     20    16    5  17 123.333
577 8.000e+00 8.302e+02 -3.912e+02 2.808e+01     20    16    5  17 118.000
578 7.000e+00 8.500e+02 -3.894e+02 2.808e+01     20    16    5  17 120.667
579 6.000e+00 8.698e+02 -3.876e+02 2.808e+01     20    16    5  17 120.667
580 5.000e+00 8.896e+02 -3.858e+02 2.808e+01     20    16    5  17 118.000
581 4.000e+00 9.095e+02 -3.840e+02 2.808e+01     20    16    5  17 112.667
582 3.000e+00 9.293e+02 -3.823e+02 2.808e+01     20    16    5  17  99.333
583 3.000e+00 9.491e+02 -3.805e+02 2.808e+01     20    16    5  17 102.000
584 3.000e+00 9.689e+02 -3.787e+02 2.808e+01     20    16    5  17 115.333
585 3.000e+00 9.887e+02 -3.769e+02 2.808e+01     20    16    5  17 118.000
586 3.000e+00 1.009e+03 -3.752e+02 2.808e+01     20    16    5  17 118.000
587 3.000e+00 1.028e+03 -3.734e+02 2.808e+01     20    16    5  17 123.333
588 3.000e+00 1.048e+03 -3.716e+02 2.808e+01     20    16    5  17 123.333
589 3.000e+00 1.068e+03 -3.699e+02 2.808e+01     20    16    5  17 126.000
590 3.000e+00 1.088e+03 -3.681e+02 2.808e+01     20    16    5  17 126.000
591 3.000e+00 1.108e+03 -3.663e+02 2.808e+01     20    16    5  17 131.333
592 2.000e+00 1.128e+03 -3.646e+02 2.808e+01     20    16    5  17 134.000
593 1.000e+00 1.147e+03 -3.628e+02 2.808e+01     20    16    5  17 131.333
594 1.000e+00 6.900e+02 -3.884e+02 3.289e+01     20    16    5  17 126.000
595 2.000e+00 7.495e+02 -3.831e+02 3.289e+01     20    16    5  17 147.333
596 4.000e+00 7.693e+02 -3.813e+02 3.289e+01     20    16    5  17 147.333
597 6.000e+00 7.892e+02 -3.795e+02 3.289e+01     20    16    5  17 136.667
598 7.000e+00 8.090e+02 -3.778e+02 3.289e+01     20    16    5  17 128.667
599 7.000e+00 8.288e+02 -3.760e+02 3.289e+01     20    16    5  17 126.000
600 7.000e+00 8.486e+02 -3.742e+02 3.289e+01     20    16    5  17 128.667
601 6.000e+00 8.685e+02 -3.724e+02 3.289e+01     20    16    5  17 134.000
602 5.000e+00 8.883e+02 -3.707e+02 3.289e+01     20    16    5  17 128.667
603 4.000e+00 9.081e+02 -3.689e+02 3.289e+01     20    16    5  17 118.000
604 3.000e+00 9.279e+02 -3.671e+02 3.289e+01     20    16    5  17 115.333
605 3.000e+00 9.477e+02 -3.654e+02 3.289e+01     20    16    5  17 110.000
606 3.000e+00 9.676e+02 -3.636e+02 3.289e+01     20    16    5  17 123.333
607 3.000e+00 9.874e+02 -3.619e+02 3.289e+01     20    16    5  17 123.333
608 3.000e+00 1.007e+03 -3.601e+02 3.289e+01     20    16    5  17 131.333
609 4.000e+00 1.027e+03 -3.583e+02 3.289e+01     20    16    5  17 134.000
610 4.000e+00 1.047e+03 -3.566e+02 3.289e+01     20    16    5  17 134.000
611 4.000e+00 1.067e+03 -3.548e+02 3.289e+01     20    16    5  17 134.000
612 4.000e+00 1.087e+03 -3.531e+02 3.289e+01     20    16    5  17 136.667
613 4.000e+00 1.106e+03 -3.513e+02 3.289e+01     20    16    5  17 139.333
614 4.000e+00 1.126e+03 -3.496e+02 3.289e+01     20    16    5  17 144.667
615 3.000e+00 1.146e+03 -3.478e+02 3.289e+01     20    16    5  17 144.667
616 1.000e+00 1.166e+03 -3.461e+02 3.289e+01     20    16    5  17 147.333
617 2.000e+00 6.887e+02 -3.732e+02 3.770e+01     20    16    5  17 147.333
618 1.000e+00 7.482e+02 -3.679e+02 3.770e+01     20    16    5  17 142.000
619 3.000e+00 7.680e+02 -3.661e+02 3.770e+01     20    16    5  17 144.667
620 4.000e+00 7.878e+02 -3.644e+02 3.770e+01     20    16    5  17 134.000
621 5.000e+00 8.076e+02 -3.626e+02 3.770e+01     20    16    5  17 123.333
622 6.000e+00 8.275e+02 -3.608e+02 3.770e+01     20    16    5  17 126.000
623 6.000e+00 8.473e+02 -3.591e+02 3.770e+01     20    16    5  17 134.000
624 5.000e+00 8.671e+02 -3.573e+02 3.770e+01     20    16    5  17 139.333
625 4.000e+00 8.869e+02 -3.555e+02 3.770e+01     20    16    5  17 134.000
626 3.000e+00 9.067e+02 -3.538e+02 3.770e+01     20    16    5  17 118.000
627 2.000e+00 9.266e+02 -3.520e+02 3.770e+01     20    16    5  17 126.000
628 2.000e+00 9.464e+02 -3.503e+02 3.770e+01     20    16    5  17 115.333
629 2.000e+00 9.662e+02 -3.485e+02 3.770e+01     20    16    5  17 128.667
630 2.000e+00 9.860e+02 -3.468e+02 3.770e+01     20    16    5  17 144.667
631 3.000e+00 1.006e+03 -3.450e+02 3.770e+01     20    16    5  17 147.333
632 4.000e+00 1.026e+03 -3.433e+02 3.770e+01     20    16    5  17 142.000
633 4.000e+00 1.046e+03 -3.415e+02 3.770e+01     20    16    5  17 142.000
634 4.000e+00 1.065e+03 -3.398e+02 3.770e+01     20    16    5  17 144.667
635 4.000e+00 1.085e+03 -3.380e+02 3.770e+01     20    16    5  17 142.000
636 5.000e+00 1.105e+03 -3.363e+02 3.770e+01     20    16    5  17 144.667
637 5.000e+00 1.125e+03 -3.346e+02 3.770e+01     20    16    5  17 147.333
638 4.000e+00 1.145e+03 -3.328e+02 3.770e+01     20    16    5  17 147.333
639 2.000e+00 1.164e+03 -3.311e+02 3.770e+01     20    16    5  17 139.333
640 4.000e+00 6.874e+02 -3.580e+02 4.252e+01     20    16    5  17 150.000
641 1.000e+00 7.072e+02 -3.562e+02 4.252e+01     20    16    5  17 126.000
642 1.000e+00 7.666e+02 -3.509e+02 4.252e+01     20    16    5  17 136.667
643 2.000e+00 7.865e+02 -3.492e+02 4.252e+01     20    16    5  17 115.333
644 4.000e+00 8.063e+02 -3.474e+02 4.252e+01     20    16    5  17 110.000
645 5.000e+00 8.261e+02 -3.457e+02 4.252e+01     20    16    5  17 115.333
646 5.000e+00 8.459e+02 -3.439e+02 4.252e+01     20    16    5  17 126.000
647 4.000e+00 8.658e+02 -3.422e+02 4.252e+01     20    16    5  17 128.667
648 3.000e+00 8.856e+02 -3.404e+02 4.252e+01     20    16    5  17 126.000
649 2.000e+00 9.054e+02 -3.387e+02 4.252e+01     20    16    5  17 115.333
650 1.000e+00 9.252e+02 -3.369e+02 4.252e+01     20    16    5  17 128.667
651 1.000e+00 9.451e+02 -3.352e+02 4.252e+01     20    16    5  17 104.667
652 1.000e+00 9.649e+02 -3.334e+02 4.252e+01     20    16    5  17 131.333
653 1.000e+00 9.847e+02 -3.317e+02 4.252e+01     20    16    5  17 142.000
654 2.000e+00 1.005e+03 -3.299e+02 4.252e+01     20    16    5  17 144.667
655 3.000e+00 1.024e+03 -3.282e+02 4.252e+01     20    16    5  17 144.667
656 3.000e+00 1.044e+03 -3.265e+02 4.252e+01     20    16    5  17 144.667
657 3.000e+00 1.064e+03 -3.247e+02 4.252e+01     20    16    5  17 150.000
658 3.000e+00 1.084e+03 -3.230e+02 4.252e+01     20    16    5  17 144.667
659 4.000e+00 1.104e+03 -3.213e+02 4.252e+01     20    16    5  17 150.000
660 5.000e+00 1.124e+03 -3.196e+02 4.252e+01     20    16    5  17 147.333
661 4.000e+00 1.143e+03 -3.178e+02 4.252e+01     20    16    5  17 144.667
662 2.000e+00 1.163e+03 -3.161e+02 4.252e+01     20    16    5  17 142.000
663 6.000e+00 6.860e+02 -3.428e+02 4.733e+01     20    16    5  17 150.000
664 2.000e+00 7.058e+02 -3.410e+02 4.733e+01     20    16    5  17 147.333
665 1.000e+00 7.851e+02 -3.340e+02 4.733e+01     20    16    5  17 102.000
666 3.000e+00 8.050e+02 -3.322e+02 4.733e+01     20    16    5  17  99.333
667 3.000e+00 8.248e+02 -3.305e+02 4.733e+01     20    16    5  17 104.667
668 3.000e+00 8.446e+02 -3.288e+02 4.733e+01     20    16    5  17 118.000
669 3.000e+00 8.644e+02 -3.270e+02 4.733e+01     20    16    5  17 118.000
670 2.000e+00 8.843e+02 -3.253e+02 4.733e+01     20    16    5  17 112.667
671 1.000e+00 9.041e+02 -3.235e+02 4.733e+01     20    16    5  17  99.333
672 1.000e+00 1.003e+03 -3.149e+02 4.733e+01     20    16    5  17 136.667
673 2.000e+00 1.023e+03 -3.131e+02 4.733e+01     20    16    5  17 142.000
674 2.000e+00 1.043e+03 -3.114e+02 4.733e+01     20    16    5  17 144.667
675 2.000e+00 1.063e+03 -3.097e+02 4.733e+01     20    16    5  17 144.667
676 2.000e+00 1.083e+03 -3.080e+02 4.733e+01     20    16    5  17 142.000
677 3.000e+00 1.102e+03 -3.063e+02 4.733e+01     20    16    5  17 147.333
678 4.000e+00 1.122e+03 -3.045e+02 4.733e+01     20    16    5  17 147.333
679 4.000e+00 1.142e+03 -3.028e+02 4.733e+01     20    16    5  17 147.333
680 2.000e+00 1.162e+03 -3.011e+02 4.733e+01     20    16    5  17 142.000
681 6.000e+00 6.847e+02 -3.275e+02 5.214e+01     20    16    5  17 150.000
682 2.000e+00 7.045e+02 -3.258e+02 5.214e+01     20    16    5  17 147.333
683 1.000e+00 8.036e+02 -3.171e+02 5.214e+01     20    16    5  17  86.000
684 1.000e+00 8.235e+02 -3.153e+02 5.214e+01     20    16    5  17  88.667
685 1.000e+00 8.433e+02 -3.136e+02 5.214e+01     20    16    5  17 115.333
686 1.000e+00 8.631e+02 -3.119e+02 5.214e+01     20    16    5  17 126.000
687 1.000e+00 8.829e+02 -3.101e+02 5.214e+01     20    16    5  17 123.333
688 1.000e+00 1.022e+03 -2.981e+02 5.214e+01     20    16    5  17 128.667
689 1.000e+00 1.042e+03 -2.964e+02 5.214e+01     20    16    5  17 147.333
690 1.000e+00 1.061e+03 -2.946e+02 5.214e+01     20    16    5  17 144.667
691 1.000e+00 1.081e+03 -2.929e+02 5.214e+01     20    16    5  17 136.667
692 1.000e+00 1.101e+03 -2.912e+02 5.214e+01     20    16    5  17 144.667
693 2.000e+00 1.121e+03 -2.895e+02 5.214e+01     20    16    5  17 150.000
694 2.000e+00 1.141e+03 -2.878e+02 5.214e+01     20    16    5  17 147.333
695 1.000e+00 1.161e+03 -2.861e+02 5.214e+01     20    16    5  17 128.667
