#         t         u1         u2         u3        s11        s12        s13        s22        s23        s33
 0.0000e+00  0.000e+00  0.000e+00  0.000e+00  0.000e+00  0.000e+00  0.000e+00  0.000e+00  0.000e+00  0.000e+00
 8.3280e-06  0.000e+00 -1.000e-06  1.000e-06 -1.000e-06  0.000e+00 -1.000e-07  1.000e-05 -1.000e-07  2.000e-07
 1.8520e-05 -1.000e-05 -1.000e-06  3.000e-06 -3.000e-06 -1.000e-05  0.000e+00  2.000e-05 -1.000e-07  4.000e-07
 3.0960e-05 -2.000e-05 -1.000e-06  5.000e-06 -4.000e-06 -2.000e-05  0.000e+00  3.000e-05 -2.000e-07  7.000e-07
 4.6090e-05 -2.000e-05 -1.000e-06  7.000e-06 -5.000e-06 -3.000e-05  0.000e+00  4.000e-05 -3.000e-07  1.100e-06
 6.4000e-05 -3.000e-05  0.000e+00  1.000e-05 -6.000e-06 -4.000e-05  1.000e-07  6.000e-05 -5.000e-07  1.500e-06
 8.4990e-05 -5.000e-05  1.000e-06  1.200e-05 -6.000e-06 -5.000e-05  1.000e-07  7.000e-05 -6.000e-07  2.100e-06
 1.0960e-04 -6.000e-05  2.000e-06  1.500e-05 -7.000e-06 -6.000e-05  1.000e-07  9.000e-05 -7.000e-07  2.700e-06
 1.3840e-04 -8.000e-05  5.000e-06  1.800e-05 -6.000e-06 -8.000e-05  3.000e-07  1.200e-04 -9.000e-07  3.300e-06
 1.7210e-04 -9.000e-05  7.000e-06  2.200e-05 -6.000e-06 -9.000e-05  5.000e-07  1.500e-04 -1.100e-06  4.100e-06
 2.1140e-04 -1.100e-04  1.100e-05  2.500e-05 -4.000e-06 -1.100e-04  6.000e-07  1.800e-04 -1.400e-06  5.100e-06
 2.5730e-04 -1.300e-04  1.500e-05  3.000e-05 -2.000e-06 -1.400e-04  8.000e-07  2.100e-04 -1.600e-06  6.100e-06
 3.1080e-04 -1.600e-04  2.100e-05  3.400e-05  1.000e-06 -1.600e-04  1.100e-06  2.500e-04 -2.000e-06  7.200e-06
 3.7320e-04 -1.800e-04  2.800e-05  4.000e-05  5.000e-06 -1.900e-04  1.400e-06  3.000e-04 -2.300e-06  8.600e-06
 4.4590e-04 -2.100e-04  3.600e-05  4.500e-05  1.000e-05 -2.300e-04  1.600e-06  3.500e-04 -2.700e-06  1.010e-05
 5.3070e-04 -2.400e-04  4.600e-05  5.200e-05  1.700e-05 -2.600e-04  2.000e-06  4.100e-04 -3.100e-06  1.180e-05
 6.2950e-04 -2.800e-04  5.800e-05  6.000e-05  2.600e-05 -3.000e-04  2.300e-06  4.700e-04 -3.600e-06  1.370e-05
 7.4480e-04 -3.200e-04  7.100e-05  6.800e-05  3.600e-05 -3.500e-04  2.700e-06  5.400e-04 -4.100e-06  1.580e-05
 8.7910e-04 -3.600e-04  8.800e-05  7.700e-05  4.900e-05 -4.000e-04  3.200e-06  6.200e-04 -4.700e-06  1.810e-05
 1.0360e-03 -4.100e-04  1.070e-04  8.800e-05  6.500e-05 -4.600e-04  3.700e-06  7.000e-04 -5.400e-06  2.080e-05
 1.2180e-03 -4.600e-04  1.300e-04  1.000e-04  8.400e-05 -5.200e-04  4.300e-06  7.900e-04 -6.200e-06  2.360e-05
 1.4290e-03 -5.100e-04  1.550e-04  1.130e-04  1.060e-04 -5.900e-04  5.000e-06  9.000e-04 -7.000e-06  2.680e-05
 1.6740e-03 -5.700e-04  1.850e-04  1.280e-04  1.310e-04 -6.700e-04  5.800e-06  1.010e-03 -7.900e-06  3.030e-05
 1.9580e-03 -6.300e-04  2.190e-04  1.440e-04  1.610e-04 -7.600e-04  6.600e-06  1.130e-03 -8.900e-06  3.410e-05
 2.2820e-03 -7.000e-04  2.560e-04  1.610e-04  1.950e-04 -8.500e-04  7.500e-06  1.260e-03 -1.000e-05  3.830e-05
 2.6480e-03 -7.600e-04  2.980e-04  1.800e-04  2.329e-04 -9.500e-04  8.400e-06  1.400e-03 -1.120e-05  4.260e-05
 3.0550e-03 -8.300e-04  3.430e-04  2.000e-04  2.742e-04 -1.050e-03  9.400e-06  1.540e-03 -1.240e-05  4.720e-05
 3.5040e-03 -9.000e-04  3.910e-04  2.210e-04  3.188e-04 -1.160e-03  1.050e-05  1.690e-03 -1.370e-05  5.200e-05
 3.9980e-03 -9.800e-04  4.430e-04  2.430e-04  3.668e-04 -1.270e-03  1.150e-05  1.850e-03 -1.500e-05  5.690e-05
 4.5420e-03 -1.050e-03  4.970e-04  2.660e-04  4.181e-04 -1.380e-03  1.270e-05  2.010e-03 -1.640e-05  6.210e-05
 5.1360e-03 -1.120e-03  5.550e-04  2.890e-04  4.725e-04 -1.500e-03  1.390e-05  2.170e-03 -1.790e-05  6.740e-05
 5.7800e-03 -1.200e-03  6.150e-04  3.130e-04  5.294e-04 -1.620e-03  1.510e-05  2.340e-03 -1.940e-05  7.290e-05
 6.4790e-03 -1.270e-03  6.780e-04  3.380e-04  5.888e-04 -1.740e-03  1.630e-05  2.510e-03 -2.090e-05  7.840e-05
 7.2340e-03 -1.340e-03  7.430e-04  3.630e-04  6.507e-04 -1.860e-03  1.760e-05  2.680e-03 -2.250e-05  8.400e-05
 8.0490e-03 -1.420e-03  8.100e-04  3.890e-04  7.149e-04 -1.980e-03  1.900e-05  2.860e-03 -2.410e-05  8.970e-05
 8.9280e-03 -1.490e-03  8.800e-04  4.160e-04  7.813e-04 -2.110e-03  2.030e-05  3.040e-03 -2.570e-05  9.550e-05
 9.8730e-03 -1.570e-03  9.520e-04  4.430e-04  8.499e-04 -2.240e-03  2.160e-05  3.230e-03 -2.730e-05  1.014e-04
 1.0890e-02 -1.640e-03  1.026e-03  4.700e-04  9.203e-04 -2.370e-03  2.300e-05  3.410e-03 -2.910e-05  1.073e-04
 1.1980e-02 -1.710e-03  1.102e-03  4.980e-04  9.925e-04 -2.490e-03  2.440e-05  3.600e-03 -3.080e-05  1.133e-04
 1.3140e-02 -1.790e-03  1.180e-03  5.260e-04  1.066e-03 -2.620e-03  2.580e-05  3.800e-03 -3.250e-05  1.194e-04
 1.4390e-02 -1.860e-03  1.260e-03  5.550e-04  1.141e-03 -2.750e-03  2.720e-05  3.990e-03 -3.430e-05  1.255e-04
 1.5710e-02 -1.930e-03  1.341e-03  5.840e-04  1.218e-03 -2.880e-03  2.860e-05  4.190e-03 -3.610e-05  1.316e-04
 1.7120e-02 -2.000e-03  1.423e-03  6.130e-04  1.295e-03 -3.010e-03  3.000e-05  4.380e-03 -3.790e-05  1.378e-04
 1.8620e-02 -2.070e-03  1.506e-03  6.420e-04  1.373e-03 -3.140e-03  3.140e-05  4.580e-03 -3.970e-05  1.440e-04
 2.0210e-02 -2.140e-03  1.591e-03  6.710e-04  1.453e-03 -3.270e-03  3.290e-05  4.790e-03 -4.150e-05  1.502e-04
 2.1890e-02 -2.210e-03  1.677e-03  7.010e-04  1.532e-03 -3.400e-03  3.440e-05  4.990e-03 -4.330e-05  1.564e-04
 2.3680e-02 -2.280e-03  1.763e-03  7.300e-04  1.613e-03 -3.530e-03  3.580e-05  5.190e-03 -4.510e-05  1.626e-04
 2.5550e-02 -2.350e-03  1.850e-03  7.600e-04  1.693e-03 -3.650e-03  3.720e-05  5.400e-03 -4.690e-05  1.687e-04
 2.7520e-02 -2.410e-03  1.937e-03  7.890e-04  1.773e-03 -3.770e-03  3.860e-05  5.600e-03 -4.880e-05  1.748e-04
 2.9580e-02 -2.480e-03  2.024e-03  8.180e-04  1.854e-03 -3.890e-03  4.000e-05  5.800e-03 -5.060e-05  1.809e-04
 3.1740e-02 -2.540e-03  2.111e-03  8.480e-04  1.933e-03 -4.010e-03  4.140e-05  6.010e-03 -5.240e-05  1.869e-04
 3.4000e-02 -2.600e-03  2.198e-03  8.760e-04  2.013e-03 -4.130e-03  4.290e-05  6.210e-03 -5.420e-05  1.930e-04
 3.6370e-02 -2.660e-03  2.285e-03  9.050e-04  2.092e-03 -4.250e-03  4.430e-05  6.410e-03 -5.590e-05  1.989e-04
 3.8840e-02 -2.720e-03  2.372e-03  9.340e-04  2.171e-03 -4.360e-03  4.570e-05  6.610e-03 -5.770e-05  2.048e-04
 4.1420e-02 -2.780e-03  2.459e-03  9.620e-04  2.249e-03 -4.470e-03  4.710e-05  6.820e-03 -5.950e-05  2.106e-04
 4.4120e-02 -2.840e-03  2.545e-03  9.900e-04  2.327e-03 -4.580e-03  4.840e-05  7.020e-03 -6.120e-05  2.164e-04
 4.6940e-02 -2.900e-03  2.632e-03  1.018e-03  2.405e-03 -4.680e-03  4.980e-05  7.220e-03 -6.290e-05  2.221e-04
 4.9870e-02 -2.950e-03  2.718e-03  1.046e-03  2.482e-03 -4.790e-03  5.120e-05  7.420e-03 -6.470e-05  2.278e-04
 5.2940e-02 -3.010e-03  2.804e-03  1.073e-03  2.559e-03 -4.890e-03  5.250e-05  7.620e-03 -6.640e-05  2.334e-04
 5.6140e-02 -3.070e-03  2.889e-03  1.101e-03  2.635e-03 -4.990e-03  5.390e-05  7.820e-03 -6.810e-05  2.390e-04
 5.9470e-02 -3.120e-03  2.974e-03  1.128e-03  2.711e-03 -5.090e-03  5.530e-05  8.010e-03 -6.970e-05  2.445e-04
 6.2950e-02 -3.170e-03  3.059e-03  1.155e-03  2.787e-03 -5.190e-03  5.660e-05  8.210e-03 -7.140e-05  2.500e-04
 6.6570e-02 -3.230e-03  3.144e-03  1.181e-03  2.861e-03 -5.280e-03  5.810e-05  8.410e-03 -7.310e-05  2.554e-04
 7.0330e-02 -3.280e-03  3.228e-03  1.208e-03  2.936e-03 -5.380e-03  5.930e-05  8.600e-03 -7.470e-05  2.607e-04
 7.4250e-02 -3.330e-03  3.312e-03  1.234e-03  3.010e-03 -5.470e-03  6.060e-05  8.800e-03 -7.630e-05  2.660e-04
 7.8320e-02 -3.380e-03  3.395e-03  1.260e-03  3.083e-03 -5.560e-03  6.200e-05  8.990e-03 -7.790e-05  2.712e-04
 8.2550e-02 -3.430e-03  3.477e-03  1.285e-03  3.156e-03 -5.640e-03  6.330e-05  9.180e-03 -7.950e-05  2.764e-04
 8.6950e-02 -3.480e-03  3.559e-03  1.311e-03  3.228e-03 -5.730e-03  6.460e-05  9.380e-03 -8.110e-05  2.815e-04
 9.1510e-02 -3.530e-03  3.641e-03  1.336e-03  3.300e-03 -5.810e-03  6.590e-05  9.560e-03 -8.270e-05  2.866e-04
 9.6250e-02 -3.570e-03  3.721e-03  1.360e-03  3.371e-03 -5.890e-03  6.720e-05  9.750e-03 -8.420e-05  2.917e-04
 1.0120e-01 -3.620e-03  3.801e-03  1.385e-03  3.441e-03 -5.970e-03  6.850e-05  9.940e-03 -8.580e-05  2.966e-04
 1.0630e-01 -3.670e-03  3.881e-03  1.409e-03  3.511e-03 -6.050e-03  6.980e-05  1.012e-02 -8.730e-05  3.015e-04
 1.1150e-01 -3.710e-03  3.960e-03  1.433e-03  3.580e-03 -6.120e-03  7.100e-05  1.031e-02 -8.880e-05  3.063e-04
 1.1700e-01 -3.760e-03  4.037e-03  1.457e-03  3.649e-03 -6.200e-03  7.220e-05  1.049e-02 -9.030e-05  3.111e-04
 1.2270e-01 -3.800e-03  4.115e-03  1.480e-03  3.717e-03 -6.270e-03  7.340e-05  1.067e-02 -9.180e-05  3.157e-04
 1.2860e-01 -3.850e-03  4.191e-03  1.503e-03  3.784e-03 -6.340e-03  7.470e-05  1.085e-02 -9.330e-05  3.203e-04
 1.3470e-01 -3.890e-03  4.267e-03  1.525e-03  3.851e-03 -6.410e-03  7.590e-05  1.102e-02 -9.470e-05  3.249e-04
 1.4100e-01 -3.930e-03  4.342e-03  1.548e-03  3.918e-03 -6.470e-03  7.710e-05  1.120e-02 -9.610e-05  3.295e-04
 1.4750e-01 -3.970e-03  4.416e-03  1.570e-03  3.984e-03 -6.540e-03  7.830e-05  1.137e-02 -9.750e-05  3.339e-04
 1.5430e-01 -4.020e-03  4.489e-03  1.592e-03  4.049e-03 -6.600e-03  7.960e-05  1.154e-02 -9.890e-05  3.383e-04
 1.6130e-01 -4.060e-03  4.561e-03  1.613e-03  4.114e-03 -6.660e-03  8.080e-05  1.171e-02 -1.003e-04  3.427e-04
 1.6850e-01 -4.100e-03  4.633e-03  1.634e-03  4.178e-03 -6.720e-03  8.180e-05  1.188e-02 -1.017e-04  3.470e-04
 1.7600e-01 -4.140e-03  4.704e-03  1.655e-03  4.241e-03 -6.780e-03  8.300e-05  1.204e-02 -1.030e-04  3.511e-04
 1.8370e-01 -4.180e-03  4.773e-03  1.675e-03  4.304e-03 -6.840e-03  8.420e-05  1.221e-02 -1.044e-04  3.553e-04
 1.9170e-01 -4.220e-03  4.842e-03  1.696e-03  4.367e-03 -6.900e-03  8.520e-05  1.237e-02 -1.057e-04  3.594e-04
 1.9990e-01 -4.260e-03  4.910e-03  1.715e-03  4.429e-03 -6.950e-03  8.630e-05  1.252e-02 -1.070e-04  3.635e-04
 2.0850e-01 -4.290e-03  4.977e-03  1.735e-03  4.490e-03 -7.000e-03  8.750e-05  1.268e-02 -1.082e-04  3.674e-04
 2.1730e-01 -4.330e-03  5.043e-03  1.754e-03  4.551e-03 -7.050e-03  8.870e-05  1.283e-02 -1.095e-04  3.713e-04
 2.2630e-01 -4.370e-03  5.108e-03  1.773e-03  4.611e-03 -7.100e-03  8.970e-05  1.298e-02 -1.108e-04  3.751e-04
 2.3570e-01 -4.410e-03  5.173e-03  1.792e-03  4.670e-03 -7.150e-03  9.080e-05  1.313e-02 -1.120e-04  3.790e-04
 2.4540e-01 -4.440e-03  5.236e-03  1.810e-03  4.729e-03 -7.200e-03  9.180e-05  1.328e-02 -1.132e-04  3.826e-04
 2.5540e-01 -4.480e-03  5.298e-03  1.828e-03  4.788e-03 -7.250e-03  9.290e-05  1.342e-02 -1.144e-04  3.864e-04
 2.6560e-01 -4.520e-03  5.359e-03  1.845e-03  4.846e-03 -7.290e-03  9.400e-05  1.357e-02 -1.156e-04  3.899e-04
 2.7620e-01 -4.550e-03  5.420e-03  1.863e-03  4.903e-03 -7.340e-03  9.510e-05  1.370e-02 -1.168e-04  3.935e-04
 2.8720e-01 -4.590e-03  5.479e-03  1.880e-03  4.960e-03 -7.380e-03  9.610e-05  1.384e-02 -1.179e-04  3.970e-04
 2.9840e-01 -4.620e-03  5.537e-03  1.896e-03  5.016e-03 -7.420e-03  9.710e-05  1.398e-02 -1.191e-04  4.004e-04
 3.1010e-01 -4.660e-03  5.595e-03  1.912e-03  5.071e-03 -7.460e-03  9.830e-05  1.411e-02 -1.202e-04  4.037e-04
 3.2200e-01 -4.690e-03  5.651e-03  1.928e-03  5.126e-03 -7.500e-03  9.930e-05  1.424e-02 -1.213e-04  4.070e-04
 3.3430e-01 -4.720e-03  5.707e-03  1.944e-03  5.181e-03 -7.540e-03  1.002e-04  1.436e-02 -1.224e-04  4.103e-04
 3.4700e-01 -4.760e-03  5.761e-03  1.960e-03  5.235e-03 -7.580e-03  1.013e-04  1.449e-02 -1.235e-04  4.134e-04
 3.6010e-01 -4.790e-03  5.815e-03  1.975e-03  5.289e-03 -7.620e-03  1.021e-04  1.461e-02 -1.246e-04  4.164e-04
 3.7350e-01 -4.820e-03  5.867e-03  1.989e-03  5.342e-03 -7.650e-03  1.031e-04  1.473e-02 -1.256e-04  4.194e-04
 3.8740e-01 -4.850e-03  5.919e-03  2.004e-03  5.394e-03 -7.690e-03  1.041e-04  1.485e-02 -1.267e-04  4.234e-04
 4.0160e-01 -4.890e-03  5.969e-03  2.018e-03  5.446e-03 -7.720e-03  1.052e-04  1.496e-02 -1.277e-04  4.264e-04
 4.1630e-01 -4.920e-03  6.019e-03  2.032e-03  5.497e-03 -7.760e-03  1.061e-04  1.507e-02 -1.287e-04  4.284e-04
 4.3130e-01 -4.950e-03  6.067e-03  2.045e-03  5.548e-03 -7.790e-03  1.069e-04  1.518e-02 -1.297e-04  4.314e-04
 4.4680e-01 -4.980e-03  6.115e-03  2.059e-03  5.599e-03 -7.820e-03  1.078e-04  1.529e-02 -1.306e-04  4.344e-04
 4.6280e-01 -5.010e-03  6.162e-03  2.072e-03  5.648e-03 -7.850e-03  1.087e-04  1.540e-02 -1.316e-04  4.374e-04
 4.7910e-01 -5.040e-03  6.207e-03  2.084e-03  5.697e-03 -7.880e-03  1.096e-04  1.550e-02 -1.325e-04  4.404e-04
 4.9590e-01 -5.070e-03  6.252e-03  2.097e-03  5.746e-03 -7.910e-03  1.105e-04  1.560e-02 -1.335e-04  4.424e-04
 5.1320e-01 -5.100e-03  6.296e-03  2.109e-03  5.794e-03 -7.940e-03  1.113e-04  1.570e-02 -1.344e-04  4.454e-04
 5.3090e-01 -5.130e-03  6.339e-03  2.120e-03  5.841e-03 -7.970e-03  1.121e-04  1.579e-02 -1.353e-04  4.474e-04
 5.4910e-01 -5.160e-03  6.381e-03  2.132e-03  5.889e-03 -8.000e-03  1.128e-04  1.588e-02 -1.362e-04  4.504e-04
 5.6780e-01 -5.190e-03  6.422e-03  2.143e-03  5.935e-03 -8.030e-03  1.137e-04  1.597e-02 -1.371e-04  4.524e-04
 5.8690e-01 -5.210e-03  6.462e-03  2.154e-03  5.981e-03 -8.060e-03  1.146e-04  1.606e-02 -1.379e-04  4.554e-04
 6.0650e-01 -5.240e-03  6.501e-03  2.165e-03  6.026e-03 -8.080e-03  1.153e-04  1.615e-02 -1.388e-04  4.574e-04
 6.2660e-01 -5.270e-03  6.539e-03  2.175e-03  6.070e-03 -8.110e-03  1.160e-04  1.623e-02 -1.396e-04  4.594e-04
 6.4710e-01 -5.300e-03  6.576e-03  2.185e-03  6.114e-03 -8.130e-03  1.169e-04  1.631e-02 -1.404e-04  4.624e-04
 6.6820e-01 -5.320e-03  6.612e-03  2.195e-03  6.157e-03 -8.160e-03  1.176e-04  1.639e-02 -1.412e-04  4.644e-04
 6.8980e-01 -5.350e-03  6.648e-03  2.205e-03  6.200e-03 -8.180e-03  1.183e-04  1.647e-02 -1.420e-04  4.664e-04
 7.1190e-01 -5.380e-03  6.683e-03  2.214e-03  6.243e-03 -8.210e-03  1.191e-04  1.654e-02 -1.428e-04  4.684e-04
 7.3450e-01 -5.400e-03  6.716e-03  2.223e-03  6.284e-03 -8.230e-03  1.198e-04  1.661e-02 -1.435e-04  4.704e-04
 7.5760e-01 -5.430e-03  6.749e-03  2.232e-03  6.325e-03 -8.260e-03  1.206e-04  1.668e-02 -1.443e-04  4.724e-04
 7.8130e-01 -5.450e-03  6.781e-03  2.240e-03  6.366e-03 -8.280e-03  1.213e-04  1.675e-02 -1.450e-04  4.744e-04
 8.0550e-01 -5.480e-03  6.812e-03  2.249e-03  6.406e-03 -8.300e-03  1.221e-04  1.682e-02 -1.457e-04  4.764e-04
 8.3030e-01 -5.500e-03  6.843e-03  2.257e-03  6.446e-03 -8.330e-03  1.228e-04  1.688e-02 -1.464e-04  4.784e-04
 8.5570e-01 -5.530e-03  6.872e-03  2.264e-03  6.485e-03 -8.350e-03  1.236e-04  1.694e-02 -1.471e-04  4.804e-04
 8.8160e-01 -5.550e-03  6.901e-03  2.272e-03  6.523e-03 -8.370e-03  1.243e-04  1.700e-02 -1.478e-04  4.824e-04
 9.0810e-01 -5.580e-03  6.930e-03  2.279e-03  6.561e-03 -8.390e-03  1.251e-04  1.706e-02 -1.485e-04  4.834e-04
 9.3510e-01 -5.600e-03  6.957e-03  2.287e-03  6.599e-03 -8.410e-03  1.258e-04  1.712e-02 -1.492e-04  4.854e-04
 9.6280e-01 -5.620e-03  6.984e-03  2.294e-03  6.635e-03 -8.430e-03  1.264e-04  1.717e-02 -1.498e-04  4.874e-04
 9.9110e-01 -5.650e-03  7.010e-03  2.300e-03  6.672e-03 -8.460e-03  1.271e-04  1.723e-02 -1.504e-04  4.884e-04
 1.0200e+00 -5.670e-03  7.035e-03  2.307e-03  6.708e-03 -8.480e-03  1.276e-04  1.728e-02 -1.511e-04  4.904e-04
 1.0490e+00 -5.690e-03  7.059e-03  2.313e-03  6.743e-03 -8.500e-03  1.283e-04  1.733e-02 -1.517e-04  4.914e-04
 1.0800e+00 -5.710e-03  7.083e-03  2.319e-03  6.778e-03 -8.520e-03  1.288e-04  1.738e-02 -1.523e-04  4.934e-04
 1.1100e+00 -5.740e-03  7.107e-03  2.325e-03  6.813e-03 -8.540e-03  1.295e-04  1.742e-02 -1.529e-04  4.944e-04
 1.1420e+00 -5.760e-03  7.129e-03  2.331e-03  6.847e-03 -8.560e-03  1.302e-04  1.747e-02 -1.534e-04  4.964e-04
 1.1740e+00 -5.780e-03  7.151e-03  2.337e-03  6.880e-03 -8.580e-03  1.308e-04  1.751e-02 -1.540e-04  4.974e-04
 1.2070e+00 -5.800e-03  7.173e-03  2.342e-03  6.913e-03 -8.600e-03  1.314e-04  1.755e-02 -1.546e-04  4.994e-04
 1.2400e+00 -5.820e-03  7.194e-03  2.347e-03  6.946e-03 -8.620e-03  1.320e-04  1.759e-02 -1.551e-04  5.004e-04
 1.2740e+00 -5.840e-03  7.214e-03  2.352e-03  6.978e-03 -8.630e-03  1.326e-04  1.763e-02 -1.557e-04  5.014e-04
 1.3090e+00 -5.860e-03  7.233e-03  2.357e-03  7.009e-03 -8.650e-03  1.332e-04  1.767e-02 -1.562e-04  5.034e-04
 1.3440e+00 -5.880e-03  7.253e-03  2.362e-03  7.040e-03 -8.670e-03  1.338e-04  1.770e-02 -1.567e-04  5.044e-04
 1.3800e+00 -5.900e-03  7.271e-03  2.366e-03  7.071e-03 -8.690e-03  1.342e-04  1.774e-02 -1.572e-04  5.054e-04
 1.4170e+00 -5.920e-03  7.289e-03  2.371e-03  7.101e-03 -8.710e-03  1.348e-04  1.777e-02 -1.577e-04  5.064e-04
 1.4550e+00 -5.940e-03  7.307e-03  2.375e-03  7.130e-03 -8.730e-03  1.352e-04  1.780e-02 -1.582e-04  5.074e-04
 1.4930e+00 -5.960e-03  7.324e-03  2.379e-03  7.160e-03 -8.750e-03  1.358e-04  1.783e-02 -1.587e-04  5.094e-04
 1.5320e+00 -5.980e-03  7.340e-03  2.383e-03  7.189e-03 -8.760e-03  1.362e-04  1.786e-02 -1.592e-04  5.104e-04
 1.5720e+00 -6.000e-03  7.356e-03  2.387e-03  7.217e-03 -8.780e-03  1.367e-04  1.789e-02 -1.596e-04  5.114e-04
 1.6120e+00 -6.020e-03  7.372e-03  2.391e-03  7.245e-03 -8.800e-03  1.373e-04  1.792e-02 -1.601e-04  5.124e-04
 1.6540e+00 -6.040e-03  7.387e-03  2.394e-03  7.273e-03 -8.820e-03  1.377e-04  1.795e-02 -1.605e-04  5.134e-04
 1.6960e+00 -6.060e-03  7.401e-03  2.398e-03  7.300e-03 -8.840e-03  1.381e-04  1.797e-02 -1.610e-04  5.144e-04
 1.7380e+00 -6.070e-03  7.416e-03  2.401e-03  7.326e-03 -8.850e-03  1.385e-04  1.800e-02 -1.614e-04  5.154e-04
 1.7820e+00 -6.090e-03  7.429e-03  2.404e-03  7.353e-03 -8.870e-03  1.390e-04  1.802e-02 -1.618e-04  5.164e-04
 1.8260e+00 -6.110e-03  7.443e-03  2.407e-03  7.379e-03 -8.890e-03  1.394e-04  1.804e-02 -1.622e-04  5.174e-04
 1.8720e+00 -6.130e-03  7.456e-03  2.410e-03  7.404e-03 -8.910e-03  1.400e-04  1.806e-02 -1.626e-04  5.184e-04
 1.9180e+00 -6.140e-03  7.468e-03  2.413e-03  7.429e-03 -8.920e-03  1.403e-04  1.808e-02 -1.630e-04  5.194e-04
 1.9640e+00 -6.160e-03  7.480e-03  2.415e-03  7.454e-03 -8.940e-03  1.408e-04  1.810e-02 -1.634e-04  5.204e-04
 2.0120e+00 -6.180e-03  7.492e-03  2.418e-03  7.479e-03 -8.960e-03  1.412e-04  1.812e-02 -1.638e-04  5.214e-04
 2.0610e+00 -6.190e-03  7.504e-03  2.420e-03  7.503e-03 -8.970e-03  1.417e-04  1.814e-02 -1.642e-04  5.214e-04
 2.1100e+00 -6.210e-03  7.515e-03  2.423e-03  7.526e-03 -8.990e-03  1.421e-04  1.816e-02 -1.645e-04  5.224e-04
 2.1600e+00 -6.230e-03  7.525e-03  2.425e-03  7.549e-03 -9.010e-03  1.425e-04  1.817e-02 -1.649e-04  5.234e-04
 2.2120e+00 -6.240e-03  7.536e-03  2.427e-03  7.572e-03 -9.020e-03  1.429e-04  1.819e-02 -1.653e-04  5.244e-04
 2.2640e+00 -6.260e-03  7.546e-03  2.429e-03  7.595e-03 -9.040e-03  1.432e-04  1.820e-02 -1.656e-04  5.244e-04
 2.3170e+00 -6.270e-03  7.556e-03  2.431e-03  7.617e-03 -9.060e-03  1.437e-04  1.822e-02 -1.660e-04  5.254e-04
 2.3700e+00 -6.290e-03  7.565e-03  2.433e-03  7.639e-03 -9.070e-03  1.440e-04  1.823e-02 -1.663e-04  5.264e-04
 2.4250e+00 -6.300e-03  7.574e-03  2.435e-03  7.660e-03 -9.090e-03  1.444e-04  1.824e-02 -1.666e-04  5.274e-04
 2.4810e+00 -6.320e-03  7.583e-03  2.437e-03  7.681e-03 -9.100e-03  1.448e-04  1.825e-02 -1.670e-04  5.274e-04
 2.5370e+00 -6.330e-03  7.592e-03  2.438e-03  7.702e-03 -9.120e-03  1.452e-04  1.826e-02 -1.673e-04  5.284e-04
 2.5950e+00 -6.350e-03  7.600e-03  2.440e-03  7.723e-03 -9.140e-03  1.455e-04  1.828e-02 -1.676e-04  5.294e-04
 2.6530e+00 -6.360e-03  7.608e-03  2.442e-03  7.743e-03 -9.150e-03  1.459e-04  1.829e-02 -1.679e-04  5.294e-04
 2.7120e+00 -6.380e-03  7.616e-03  2.443e-03  7.763e-03 -9.170e-03  1.461e-04  1.829e-02 -1.682e-04  5.304e-04
 2.7730e+00 -6.390e-03  7.623e-03  2.444e-03  7.782e-03 -9.180e-03  1.463e-04  1.830e-02 -1.685e-04  5.304e-04
 2.8340e+00 -6.410e-03  7.630e-03  2.446e-03  7.801e-03 -9.200e-03  1.466e-04  1.831e-02 -1.688e-04  5.314e-04
 2.8960e+00 -6.420e-03  7.637e-03  2.447e-03  7.819e-03 -9.210e-03  1.471e-04  1.832e-02 -1.691e-04  5.324e-04
 2.9590e+00 -6.430e-03  7.644e-03  2.448e-03  7.838e-03 -9.230e-03  1.474e-04  1.833e-02 -1.694e-04  5.324e-04
 3.0220e+00 -6.450e-03  7.651e-03  2.449e-03  7.856e-03 -9.250e-03  1.478e-04  1.833e-02 -1.696e-04  5.334e-04
