# 
# Beavan, Motagh, Fielding, Donnelly & Collett (2012), Fault slip models of the 2010–2011 Canterbury, New Zealand, earthquakes from geodetic data and observations of postseismic ground deformation, Vol 55 (3), 10.1080/00288306.2012.697472
# reference point 172.637214 -43.530962
#
1 0.8504 -8.34468 -43.985 0.5001 1.0000 1.0000 35.0000 70.0000 115.8180
2 0.8357 -8.54275 -43.7013 1.4398 1.0000 1.0000 35.0000 70.0000 102.8980
3 0.6873 -8.74082 -43.4175 2.3795 1.0000 1.0000 35.0000 70.0000 85.6365
4 0.4636 -8.9278 -43.1339 3.3192 1.0000 1.0000 35.0000 70.0000 69.2518
5 0.1675 -9.12595 -42.8582 4.2589 1.0000 1.0000 35.0000 70.0000 24.8275
6 0.3362 -9.32406 -42.5745 5.1986 1.0000 1.0000 35.0000 70.0000 -76.6802
7 0.6518 -9.51107 -42.2909 6.1383 1.0000 1.0000 35.0000 70.0000 -90.5569
8 0.8192 -9.7092 -42.0072 7.0779 1.0000 1.0000 35.0000 70.0000 -95.5546
9 0.7823 -9.90735 -41.7236 8.0176 1.0000 1.0000 35.0000 70.0000 -101.3780
10 0.5495 -10.0945 -41.4481 8.9573 1.0000 1.0000 35.0000 70.0000 -119.1200
11 0.4689 -10.2926 -41.1644 9.8971 1.0000 1.0000 35.0000 70.0000 169.2760
12 1.2696 -7.53016 -43.4092 0.5001 1.0000 1.0000 35.0000 70.0000 125.1830
13 1.6638 -7.71719 -43.1336 1.4398 1.0000 1.0000 35.0000 70.0000 104.5780
14 1.7592 -7.91529 -42.8498 2.3795 1.0000 1.0000 35.0000 70.0000 91.2221
15 1.4396 -8.1134 -42.5661 3.3192 1.0000 1.0000 35.0000 70.0000 84.1552
16 0.7406 -8.30041 -42.2824 4.2589 1.0000 1.0000 35.0000 70.0000 79.0165
17 0.1339 -8.49859 -42.0067 5.1986 1.0000 1.0000 35.0000 70.0000 -68.8868
18 0.8649 -8.69674 -41.723 6.1383 1.0000 1.0000 35.0000 70.0000 -93.2192
19 1.2968 -8.88379 -41.4394 7.0779 1.0000 1.0000 35.0000 70.0000 -95.4654
20 1.3231 -9.08196 -41.1557 8.0176 1.0000 1.0000 35.0000 70.0000 -98.8620
21 0.9637 -9.28014 -40.8721 8.9573 1.0000 1.0000 35.0000 70.0000 -110.9570
22 0.5981 -9.46727 -40.5966 9.8971 1.0000 1.0000 35.0000 70.0000 -169.2410
23 1.3182 -6.70463 -42.8414 0.5001 1.0000 1.0000 35.0000 70.0000 132.1800
24 2.4266 -6.90279 -42.5657 1.4398 1.0000 1.0000 35.0000 70.0000 105.8620
25 3.0648 -7.0898 -42.2819 2.3795 1.0000 1.0000 35.0000 70.0000 96.5695
26 2.8465 -7.28794 -41.9982 3.3192 1.0000 1.0000 35.0000 70.0000 93.7138
27 1.9147 -7.48608 -41.7144 4.2589 1.0000 1.0000 35.0000 70.0000 94.6512
28 0.6791 -7.67313 -41.4308 5.1986 1.0000 1.0000 35.0000 70.0000 104.4440
29 0.5126 -7.87135 -41.1551 6.1383 1.0000 1.0000 35.0000 70.0000 -108.0200
30 1.2244 -8.06953 -40.8714 7.0779 1.0000 1.0000 35.0000 70.0000 -95.5227
31 1.3901 -8.25662 -40.5878 8.0176 1.0000 1.0000 35.0000 70.0000 -93.9929
32 0.9931 -8.45482 -40.3041 8.9573 1.0000 1.0000 35.0000 70.0000 -99.7197
33 0.3847 -8.65304 -40.0205 9.8971 1.0000 1.0000 35.0000 70.0000 -170.6920
34 1.4696 -5.87915 -42.2734 0.5001 1.0000 1.0000 35.0000 70.0000 118.5990
35 3.2775 -6.07728 -41.9896 1.4398 1.0000 1.0000 35.0000 70.0000 104.2570
36 4.3910 -6.27543 -41.7058 2.3795 1.0000 1.0000 35.0000 70.0000 100.4500
37 4.3300 -6.46253 -41.4302 3.3192 1.0000 1.0000 35.0000 70.0000 100.1090
38 3.2909 -6.6607 -41.1464 4.2589 1.0000 1.0000 35.0000 70.0000 102.1050
39 1.7891 -6.85888 -40.8626 5.1986 1.0000 1.0000 35.0000 70.0000 107.8500
40 0.4171 -7.04596 -40.579 6.1383 1.0000 1.0000 35.0000 70.0000 141.7410
41 0.7315 -7.24417 -40.2953 7.0779 1.0000 1.0000 35.0000 70.0000 -95.6080
42 1.0767 -7.44243 -40.0196 8.0176 1.0000 1.0000 35.0000 70.0000 -82.7311
43 0.7646 -7.62956 -39.736 8.9573 1.0000 1.0000 35.0000 70.0000 -74.7049
44 0.2162 -7.8278 -39.4523 9.8971 1.0000 1.0000 35.0000 70.0000 74.7617
45 1.7623 -5.06482 -41.7053 0.5001 1.0000 1.0000 35.0000 70.0000 99.9216
46 3.8983 -5.25188 -41.4215 1.4398 1.0000 1.0000 35.0000 70.0000 102.3160
47 5.2914 -5.45004 -41.1377 2.3795 1.0000 1.0000 35.0000 70.0000 103.3420
48 5.3919 -5.64823 -40.8539 3.3192 1.0000 1.0000 35.0000 70.0000 104.8080
49 4.3686 -5.83536 -40.5782 4.2589 1.0000 1.0000 35.0000 70.0000 107.0790
50 2.7598 -6.03357 -40.2944 5.1986 1.0000 1.0000 35.0000 70.0000 110.4760
51 1.1385 -6.23178 -40.0107 6.1383 1.0000 1.0000 35.0000 70.0000 116.0500
52 0.0957 -6.41891 -39.727 7.0779 1.0000 1.0000 35.0000 70.0000 -86.8013
53 0.7155 -6.61719 -39.4514 8.0176 1.0000 1.0000 35.0000 70.0000 -53.1932
54 0.7607 -6.81545 -39.1677 8.9573 1.0000 1.0000 35.0000 70.0000 -30.2634
55 0.7450 -7.00261 -38.884 9.8971 1.0000 1.0000 35.0000 70.0000 35.2553
56 1.8839 -4.23944 -41.137 0.5001 1.0000 1.0000 35.0000 70.0000 82.2619
57 3.8651 -4.43763 -40.8532 1.4398 1.0000 1.0000 35.0000 70.0000 99.3601
58 5.3635 -4.62471 -40.5694 2.3795 1.0000 1.0000 35.0000 70.0000 105.3260
59 5.6350 -4.82292 -40.2856 3.3192 1.0000 1.0000 35.0000 70.0000 108.5820
60 4.7562 -5.02114 -40.0018 4.2589 1.0000 1.0000 35.0000 70.0000 111.1100
61 3.2315 -5.20831 -39.7261 5.1986 1.0000 1.0000 35.0000 70.0000 113.0310
62 1.6218 -5.40655 -39.4423 6.1383 1.0000 1.0000 35.0000 70.0000 111.9120
63 0.4266 -5.6048 -39.1586 7.0779 1.0000 1.0000 35.0000 70.0000 76.9070
64 0.7010 -5.79196 -38.8749 8.0176 1.0000 1.0000 35.0000 70.0000 -10.2878
65 1.0618 -5.99023 -38.5912 8.9573 1.0000 1.0000 35.0000 70.0000 -6.1116
66 1.1967 -6.18857 -38.3156 9.8971 1.0000 1.0000 35.0000 70.0000 19.9787
67 1.7289 -3.41407 -40.5606 0.5001 1.0000 1.0000 35.0000 70.0000 59.3387
68 3.1127 -3.61232 -40.2848 1.4398 1.0000 1.0000 35.0000 70.0000 94.7000
69 4.5340 -3.81054 -40.0009 2.3795 1.0000 1.0000 35.0000 70.0000 107.0740
70 4.9456 -3.99766 -39.7171 3.3192 1.0000 1.0000 35.0000 70.0000 112.2300
71 4.3043 -4.1959 -39.4333 4.2589 1.0000 1.0000 35.0000 70.0000 115.0100
72 3.0416 -4.39415 -39.1495 5.1986 1.0000 1.0000 35.0000 70.0000 115.8230
73 1.6632 -4.58136 -38.8738 6.1383 1.0000 1.0000 35.0000 70.0000 110.9730
74 0.6750 -4.77964 -38.5901 7.0779 1.0000 1.0000 35.0000 70.0000 75.4018
75 0.8236 -4.97793 -38.3063 8.0176 1.0000 1.0000 35.0000 70.0000 10.2913
76 1.2110 -5.16512 -38.0226 8.9573 1.0000 1.0000 35.0000 70.0000 -0.2446
77 1.3184 -5.36343 -37.7389 9.8971 1.0000 1.0000 35.0000 70.0000 5.3301
78 1.2747 -2.59989 -39.992 0.5001 1.0000 1.0000 35.0000 70.0000 28.2128
79 1.8025 -2.78702 -39.7081 1.4398 1.0000 1.0000 35.0000 70.0000 89.9992
80 3.0119 -2.98531 -39.4323 2.3795 1.0000 1.0000 35.0000 70.0000 110.2790
81 3.4861 -3.18356 -39.1485 3.3192 1.0000 1.0000 35.0000 70.0000 116.6630
82 3.1176 -3.37072 -38.8647 4.2589 1.0000 1.0000 35.0000 70.0000 119.3580
83 2.2479 -3.56899 -38.5809 5.1986 1.0000 1.0000 35.0000 70.0000 119.0940
84 1.2773 -3.76728 -38.2971 6.1383 1.0000 1.0000 35.0000 70.0000 111.1500
85 0.6286 -3.95452 -38.0214 7.0779 1.0000 1.0000 35.0000 70.0000 72.5750
86 0.7536 -4.15284 -37.7377 8.0176 1.0000 1.0000 35.0000 70.0000 18.1857
87 1.0220 -4.35116 -37.4539 8.9573 1.0000 1.0000 35.0000 70.0000 1.2698
88 1.0514 -4.53839 -37.1702 9.8971 1.0000 1.0000 35.0000 70.0000 -8.5056
89 0.8344 -1.77467 -39.4233 0.5001 1.0000 1.0000 35.0000 70.0000 -20.4294
90 0.4726 -1.97292 -39.1394 1.4398 1.0000 1.0000 35.0000 70.0000 80.3155
91 1.2912 -2.16008 -38.8556 2.3795 1.0000 1.0000 35.0000 70.0000 115.8990
92 1.6556 -2.35835 -38.5717 3.3192 1.0000 1.0000 35.0000 70.0000 122.0450
93 1.5187 -2.55669 -38.2959 4.2589 1.0000 1.0000 35.0000 70.0000 124.1870
94 1.1012 -2.74388 -38.0121 5.1986 1.0000 1.0000 35.0000 70.0000 122.7990
95 0.6327 -2.9422 -37.7283 6.1383 1.0000 1.0000 35.0000 70.0000 111.7790
96 0.3587 -3.14052 -37.4445 7.0779 1.0000 1.0000 35.0000 70.0000 69.3007
97 0.4480 -3.32775 -37.1608 8.0176 1.0000 1.0000 35.0000 70.0000 23.8588
98 0.5550 -3.52615 -36.8851 8.9573 1.0000 1.0000 35.0000 70.0000 8.5322
99 0.4642 -3.72451 -36.6013 9.8971 1.0000 1.0000 35.0000 70.0000 -0.0555
100 1.0377 -5.40968 -29.1963 0.0001 1.0000 1.0000 86.0000 78.0000 -96.7754
101 1.3237 -5.60951 -29.1792 0.9782 1.0000 1.0000 86.0000 78.0000 177.0230
102 2.0538 -5.82049 -29.1702 1.9564 1.0000 1.0000 86.0000 78.0000 156.1320
103 2.1138 -6.03144 -29.1532 2.9345 1.0000 1.0000 86.0000 78.0000 153.7380
104 1.7917 -6.23127 -29.1362 3.9127 1.0000 1.0000 86.0000 78.0000 156.5720
105 1.3758 -6.44222 -29.1191 4.8908 1.0000 1.0000 86.0000 78.0000 161.4740
106 0.9986 -6.64206 -29.1021 5.8690 1.0000 1.0000 86.0000 78.0000 168.2970
107 0.7206 -6.85303 -29.0931 6.8471 1.0000 1.0000 86.0000 78.0000 -178.0290
108 0.6734 -7.06398 -29.076 7.8253 1.0000 1.0000 86.0000 78.0000 -150.8700
109 1.0359 -7.26382 -29.059 8.8034 1.0000 1.0000 86.0000 78.0000 -132.6400
110 1.7939 -5.32765 -28.1954 0.0001 1.0000 1.0000 86.0000 78.0000 -138.0100
111 2.8772 -5.53863 -28.1865 0.9782 1.0000 1.0000 86.0000 78.0000 173.2410
112 4.0244 -5.74958 -28.1694 1.9564 1.0000 1.0000 86.0000 78.0000 158.6450
113 4.1351 -5.94942 -28.1524 2.9345 1.0000 1.0000 86.0000 78.0000 156.7760
114 3.5468 -6.16037 -28.1354 3.9127 1.0000 1.0000 86.0000 78.0000 159.1840
115 2.7315 -6.37131 -28.1184 4.8908 1.0000 1.0000 86.0000 78.0000 163.4540
116 1.9544 -6.57119 -28.1095 5.8690 1.0000 1.0000 86.0000 78.0000 169.7720
117 1.3534 -6.78213 -28.0924 6.8471 1.0000 1.0000 86.0000 78.0000 -177.2490
118 1.1445 -6.98197 -28.0755 7.8253 1.0000 1.0000 86.0000 78.0000 -151.4000
119 1.5124 -7.19292 -28.0584 8.8034 1.0000 1.0000 86.0000 78.0000 -134.5140
120 2.2765 -5.25689 -27.1945 0.0001 1.0000 1.0000 86.0000 78.0000 -146.3860
121 3.8467 -5.46787 -27.1856 0.9782 1.0000 1.0000 86.0000 78.0000 170.2910
122 5.2643 -5.66771 -27.1686 1.9564 1.0000 1.0000 86.0000 78.0000 159.4240
123 5.3818 -5.87866 -27.1516 2.9345 1.0000 1.0000 86.0000 78.0000 158.5570
124 4.6204 -6.08961 -27.1346 3.9127 1.0000 1.0000 86.0000 78.0000 160.9150
125 3.5382 -6.28945 -27.1177 4.8908 1.0000 1.0000 86.0000 78.0000 164.6740
126 2.4739 -6.50043 -27.1088 5.8690 1.0000 1.0000 86.0000 78.0000 170.3110
127 1.6128 -6.71138 -27.0918 6.8471 1.0000 1.0000 86.0000 78.0000 -177.3200
128 1.2205 -6.91122 -27.0748 7.8253 1.0000 1.0000 86.0000 78.0000 -149.7650
129 1.5022 -7.12217 -27.0578 8.8034 1.0000 1.0000 86.0000 78.0000 -130.9240
130 2.2225 -5.1863 -26.2017 0.0001 1.0000 1.0000 86.0000 78.0000 -147.0250
131 3.9701 -5.38614 -26.1847 0.9782 1.0000 1.0000 86.0000 78.0000 168.1470
132 5.4704 -5.59709 -26.1678 1.9564 1.0000 1.0000 86.0000 78.0000 159.0540
133 5.5860 -5.80805 -26.1508 2.9345 1.0000 1.0000 86.0000 78.0000 158.8010
134 4.7787 -6.00789 -26.1339 3.9127 1.0000 1.0000 86.0000 78.0000 160.9540
135 3.6155 -6.21887 -26.125 4.8908 1.0000 1.0000 86.0000 78.0000 163.9480
136 2.4457 -6.42982 -26.108 5.8690 1.0000 1.0000 86.0000 78.0000 168.3890
137 1.4521 -6.62967 -26.0911 6.8471 1.0000 1.0000 86.0000 78.0000 179.7110
138 0.9032 -6.84062 -26.0741 7.8253 1.0000 1.0000 86.0000 78.0000 -145.8460
139 1.0520 -7.05157 -26.0572 8.8034 1.0000 1.0000 86.0000 78.0000 -114.5350
140 1.3035 -5.10472 -25.2008 0.0001 1.0000 1.0000 86.0000 78.0000 -133.6930
141 3.1781 -5.31568 -25.1838 0.9782 1.0000 1.0000 86.0000 78.0000 163.2740
142 4.7642 -5.52663 -25.1669 1.9564 1.0000 1.0000 86.0000 78.0000 156.4310
143 4.9357 -5.72648 -25.15 2.9345 1.0000 1.0000 86.0000 78.0000 156.6460
144 4.2158 -5.93746 -25.1411 3.9127 1.0000 1.0000 86.0000 78.0000 158.0940
145 3.1511 -6.14841 -25.1242 4.8908 1.0000 1.0000 86.0000 78.0000 159.5210
146 2.0639 -6.34826 -25.1073 5.8690 1.0000 1.0000 86.0000 78.0000 161.4520
147 1.1026 -6.55921 -25.0904 6.8471 1.0000 1.0000 86.0000 78.0000 169.2700
148 0.5109 -6.77017 -25.0734 7.8253 1.0000 1.0000 86.0000 78.0000 -146.5800
149 0.6982 -6.97004 -25.0646 8.8034 1.0000 1.0000 86.0000 78.0000 -101.6260
150 0.8515 -5.0344 -24.1998 0.0001 1.0000 1.0000 86.0000 78.0000 -134.4580
151 2.5219 -5.24536 -24.1829 0.9782 1.0000 1.0000 86.0000 78.0000 161.8060
152 3.8401 -5.45631 -24.166 1.9564 1.0000 1.0000 86.0000 78.0000 154.3890
153 3.9963 -5.65616 -24.1491 2.9345 1.0000 1.0000 86.0000 78.0000 152.8650
154 3.4284 -5.86715 -24.1403 3.9127 1.0000 1.0000 86.0000 78.0000 151.9420
155 2.5816 -6.067 -24.1234 4.8908 1.0000 1.0000 86.0000 78.0000 150.3100
156 1.7057 -6.27795 -24.1065 5.8690 1.0000 1.0000 86.0000 78.0000 147.9790
157 0.8877 -6.48891 -24.0896 6.8471 1.0000 1.0000 86.0000 78.0000 148.0880
158 0.2460 -6.68876 -24.0728 7.8253 1.0000 1.0000 86.0000 78.0000 -166.5770
159 0.6153 -6.89974 -24.0639 8.8034 1.0000 1.0000 86.0000 78.0000 -92.5384
160 1.0165 -4.96423 -23.1988 0.0001 1.0000 1.0000 86.0000 78.0000 -112.0890
161 1.9066 -5.17519 -23.182 0.9782 1.0000 1.0000 86.0000 78.0000 177.0760
162 2.9225 -5.37504 -23.1651 1.9564 1.0000 1.0000 86.0000 78.0000 158.2690
163 3.1506 -5.58603 -23.1563 2.9345 1.0000 1.0000 86.0000 78.0000 150.7010
164 2.8327 -5.79698 -23.1394 3.9127 1.0000 1.0000 86.0000 78.0000 145.7380
165 2.2714 -5.99684 -23.1226 4.8908 1.0000 1.0000 86.0000 78.0000 141.2810
166 1.6374 -6.20779 -23.1057 5.8690 1.0000 1.0000 86.0000 78.0000 136.8220
167 0.9891 -6.40765 -23.0889 6.8471 1.0000 1.0000 86.0000 78.0000 133.5330
168 0.3708 -6.61863 -23.0801 7.8253 1.0000 1.0000 86.0000 78.0000 145.0530
169 0.3874 -6.82959 -23.0632 8.8034 1.0000 1.0000 86.0000 78.0000 -121.2700
170 0.9222 -4.89421 -22.1978 0.0001 1.0000 1.0000 86.0000 78.0000 -131.4080
171 1.6271 -5.09406 -22.181 0.9782 1.0000 1.0000 86.0000 78.0000 -169.5380
172 2.2785 -5.30502 -22.1642 1.9564 1.0000 1.0000 86.0000 78.0000 166.1220
173 2.6097 -5.51601 -22.1554 2.9345 1.0000 1.0000 86.0000 78.0000 153.4630
174 2.5612 -5.71586 -22.1386 3.9127 1.0000 1.0000 86.0000 78.0000 146.9720
175 2.2405 -5.92682 -22.1217 4.8908 1.0000 1.0000 86.0000 78.0000 143.5710
176 1.7643 -6.13779 -22.1049 5.8690 1.0000 1.0000 86.0000 78.0000 141.7010
177 1.2069 -6.33764 -22.0881 6.8471 1.0000 1.0000 86.0000 78.0000 141.2090
178 0.6415 -6.54863 -22.0793 7.8253 1.0000 1.0000 86.0000 78.0000 147.3210
179 0.3487 -6.74848 -22.0625 8.8034 1.0000 1.0000 86.0000 78.0000 -163.4620
180 0.7337 -4.81323 -21.1968 0.0001 1.0000 1.0000 86.0000 78.0000 -140.4260
181 1.2616 -5.02419 -21.18 0.9782 1.0000 1.0000 86.0000 78.0000 -162.4770
182 1.9147 -5.23518 -21.1713 1.9564 1.0000 1.0000 86.0000 78.0000 174.4540
183 2.4477 -5.43504 -21.1545 2.9345 1.0000 1.0000 86.0000 78.0000 163.7980
184 2.6299 -5.646 -21.1377 3.9127 1.0000 1.0000 86.0000 78.0000 160.5560
185 2.4779 -5.85696 -21.1209 4.8908 1.0000 1.0000 86.0000 78.0000 160.7870
186 2.0871 -6.05682 -21.1041 5.8690 1.0000 1.0000 86.0000 78.0000 162.3270
187 1.5347 -6.26781 -21.0954 6.8471 1.0000 1.0000 86.0000 78.0000 164.0750
188 0.8985 -6.47877 -21.0786 7.8253 1.0000 1.0000 86.0000 78.0000 166.2380
189 0.3471 -6.67863 -21.0618 8.8034 1.0000 1.0000 86.0000 78.0000 176.0730
190 0.2718 -4.74351 -20.1958 0.0001 1.0000 1.0000 86.0000 78.0000 -154.1370
191 0.8022 -4.95447 -20.179 0.9782 1.0000 1.0000 86.0000 78.0000 -168.1200
192 1.8277 -5.15436 -20.1703 1.9564 1.0000 1.0000 86.0000 78.0000 -177.4660
193 2.6938 -5.36532 -20.1535 2.9345 1.0000 1.0000 86.0000 78.0000 179.9420
194 3.1242 -5.57629 -20.1368 3.9127 1.0000 1.0000 86.0000 78.0000 -179.2130
195 3.1195 -5.77614 -20.12 4.8908 1.0000 1.0000 86.0000 78.0000 -176.8810
196 2.7640 -5.98711 -20.1032 5.8690 1.0000 1.0000 86.0000 78.0000 -174.2490
197 2.1276 -6.1981 -20.0945 6.8471 1.0000 1.0000 86.0000 78.0000 -171.8410
198 1.2712 -6.39796 -20.0778 7.8253 1.0000 1.0000 86.0000 78.0000 -169.2200
199 0.3363 -6.60892 -20.061 8.8034 1.0000 1.0000 86.0000 78.0000 -157.6370
200 0.3111 -4.67393 -19.1947 0.0001 1.0000 1.0000 86.0000 78.0000 -13.2647
201 0.6098 -4.87382 -19.1861 0.9782 1.0000 1.0000 86.0000 78.0000 -163.1330
202 2.0457 -5.08479 -19.1693 1.9564 1.0000 1.0000 86.0000 78.0000 -164.5450
203 3.2193 -5.29575 -19.1526 2.9345 1.0000 1.0000 86.0000 78.0000 -163.5500
204 3.8252 -5.49561 -19.1359 3.9127 1.0000 1.0000 86.0000 78.0000 -161.6340
205 3.8807 -5.70658 -19.1191 4.8908 1.0000 1.0000 86.0000 78.0000 -159.4360
206 3.5011 -5.91757 -19.1104 5.8690 1.0000 1.0000 86.0000 78.0000 -157.4120
207 2.7885 -6.11743 -19.0937 6.8471 1.0000 1.0000 86.0000 78.0000 -155.7050
208 1.8316 -6.3284 -19.077 7.8253 1.0000 1.0000 86.0000 78.0000 -153.9290
209 0.8037 -6.53937 -19.0602 8.8034 1.0000 1.0000 86.0000 78.0000 -148.7990
210 0.2554 -4.60453 -18.2017 0.0001 1.0000 1.0000 86.0000 78.0000 -112.8630
211 1.0299 -4.8044 -18.185 0.9782 1.0000 1.0000 86.0000 78.0000 -152.2660
212 2.4095 -5.01536 -18.1683 1.9564 1.0000 1.0000 86.0000 78.0000 -152.6110
213 3.4860 -5.22633 -18.1516 2.9345 1.0000 1.0000 86.0000 78.0000 -150.8880
214 3.9851 -5.4262 -18.1349 3.9127 1.0000 1.0000 86.0000 78.0000 -149.0720
215 3.9588 -5.63719 -18.1262 4.8908 1.0000 1.0000 86.0000 78.0000 -147.4970
216 3.5470 -5.83705 -18.1096 5.8690 1.0000 1.0000 86.0000 78.0000 -146.3670
217 2.8685 -6.04802 -18.0928 6.8471 1.0000 1.0000 86.0000 78.0000 -145.9530
218 2.0187 -6.25899 -18.0761 7.8253 1.0000 1.0000 86.0000 78.0000 -147.3470
219 1.1738 -6.45886 -18.0595 8.8034 1.0000 1.0000 86.0000 78.0000 -156.4440
220 0.8761 -4.52415 -17.2006 0.0001 1.0000 1.0000 86.0000 78.0000 177.7740
221 1.2696 -4.73512 -17.1839 0.9782 1.0000 1.0000 86.0000 78.0000 -159.0320
222 2.0027 -4.94609 -17.1673 1.9564 1.0000 1.0000 86.0000 78.0000 -146.5900
223 2.5300 -5.14596 -17.1506 2.9345 1.0000 1.0000 86.0000 78.0000 -142.2430
224 2.7078 -5.35693 -17.1339 3.9127 1.0000 1.0000 86.0000 78.0000 -140.2000
225 2.5922 -5.56792 -17.1253 4.8908 1.0000 1.0000 86.0000 78.0000 -139.0950
226 2.2797 -5.76779 -17.1087 5.8690 1.0000 1.0000 86.0000 78.0000 -138.6430
227 1.8417 -5.97876 -17.092 6.8471 1.0000 1.0000 86.0000 78.0000 -138.9300
228 1.3168 -6.18974 -17.0753 7.8253 1.0000 1.0000 86.0000 78.0000 -140.5910
229 0.7240 -6.3896 -17.0586 8.8034 1.0000 1.0000 86.0000 78.0000 -145.5200
230 1.5626 -7.49008 -45.7342 0.0001 1.0000 1.0000 86.1000 80.0000 152.4470
231 1.3382 -7.66772 -45.7249 0.9849 1.0000 1.0000 86.1000 80.0000 171.4460
232 1.3081 -7.84531 -45.7075 1.9697 1.0000 1.0000 86.1000 80.0000 -165.8200
233 1.4164 -8.01184 -45.6983 2.9545 1.0000 1.0000 86.1000 80.0000 -149.3810
234 1.4295 -8.18943 -45.681 3.9393 1.0000 1.0000 86.1000 80.0000 -140.8880
235 1.2583 -8.35596 -45.6718 4.9241 1.0000 1.0000 86.1000 80.0000 -138.7840
236 0.9521 -8.53355 -45.6544 5.9089 1.0000 1.0000 86.1000 80.0000 -143.7150
237 0.6483 -8.71119 -45.6451 6.8938 1.0000 1.0000 86.1000 80.0000 -159.4220
238 0.5002 -8.87767 -45.6279 7.8786 1.0000 1.0000 86.1000 80.0000 175.9440
239 0.5193 -9.05531 -45.6186 8.8634 1.0000 1.0000 86.1000 80.0000 167.2200
240 0.7933 -9.22179 -45.6013 9.8482 1.0000 1.0000 86.1000 80.0000 179.5210
241 1.7334 -7.41674 -44.7418 0.0001 1.0000 1.0000 86.1000 80.0000 -179.0770
242 2.2845 -7.59444 -44.7406 0.9849 1.0000 1.0000 86.1000 80.0000 178.6780
243 2.6194 -7.76108 -44.7476 1.9697 1.0000 1.0000 86.1000 80.0000 -169.3010
244 2.8247 -7.93878 -44.7464 2.9545 1.0000 1.0000 86.1000 80.0000 -155.5470
245 2.7791 -8.11653 -44.7533 3.9393 1.0000 1.0000 86.1000 80.0000 -146.5020
246 2.3914 -8.28312 -44.7522 4.9241 1.0000 1.0000 86.1000 80.0000 -143.4720
247 1.7644 -8.46082 -44.751 5.9089 1.0000 1.0000 86.1000 80.0000 -147.9250
248 1.1622 -8.62746 -44.7579 6.8938 1.0000 1.0000 86.1000 80.0000 -164.0930
249 0.8548 -8.80516 -44.7568 7.8786 1.0000 1.0000 86.1000 80.0000 170.0940
250 0.7570 -8.9718 -44.7637 8.8634 1.0000 1.0000 86.1000 80.0000 162.2750
251 0.8589 -9.1495 -44.7625 9.8482 1.0000 1.0000 86.1000 80.0000 -170.4830
252 1.5962 -7.35456 -43.7332 0.0001 1.0000 1.0000 95.9500 80.0000 -153.1910
253 2.9023 -7.52115 -43.7322 0.9849 1.0000 1.0000 95.9500 80.0000 -177.4210
254 3.7208 -7.69885 -43.731 1.9697 1.0000 1.0000 95.9500 80.0000 -171.0280
255 3.9962 -7.87659 -43.7379 2.9545 1.0000 1.0000 95.9500 80.0000 -159.4040
256 3.8123 -8.04318 -43.7368 3.9393 1.0000 1.0000 95.9500 80.0000 -150.6610
257 3.1684 -8.22088 -43.7356 4.9241 1.0000 1.0000 95.9500 80.0000 -147.4610
258 2.2407 -8.38752 -43.7426 5.9089 1.0000 1.0000 95.9500 80.0000 -152.3180
259 1.4121 -8.56522 -43.7415 6.8938 1.0000 1.0000 95.9500 80.0000 -171.2110
260 1.0603 -8.73186 -43.7485 7.8786 1.0000 1.0000 95.9500 80.0000 158.4160
261 0.9755 -8.90956 -43.7473 8.8634 1.0000 1.0000 95.9500 80.0000 148.6120
262 1.0976 -9.07615 -43.7462 9.8482 1.0000 1.0000 95.9500 80.0000 172.0510
263 2.0855 -7.44811 -42.7398 0.0001 1.0000 1.0000 86.1000 80.0000 -174.1660
264 3.5899 -7.6146 -42.7226 0.9849 1.0000 1.0000 86.1000 80.0000 -179.6650
265 4.5025 -7.79224 -42.7134 1.9697 1.0000 1.0000 86.1000 80.0000 -171.4920
266 4.7568 -7.95873 -42.6962 2.9545 1.0000 1.0000 86.1000 80.0000 -160.5170
267 4.4161 -8.13638 -42.687 3.9393 1.0000 1.0000 86.1000 80.0000 -152.2900
268 3.5326 -8.30286 -42.6698 4.9241 1.0000 1.0000 86.1000 80.0000 -149.3920
269 2.3597 -8.48051 -42.6606 5.9089 1.0000 1.0000 86.1000 80.0000 -155.2630
270 1.3976 -8.6581 -42.6433 6.8938 1.0000 1.0000 86.1000 80.0000 -178.8180
271 1.1021 -8.82464 -42.6342 7.8786 1.0000 1.0000 86.1000 80.0000 145.4470
272 1.0000 -9.00229 -42.625 8.8634 1.0000 1.0000 86.1000 80.0000 138.6240
273 1.0456 -9.16878 -42.6078 9.8482 1.0000 1.0000 86.1000 80.0000 176.0640
274 2.1586 -7.36407 -41.7394 0.0001 1.0000 1.0000 86.1000 80.0000 -162.1360
275 3.8297 -7.54166 -41.7221 0.9849 1.0000 1.0000 86.1000 80.0000 -175.6970
276 4.8509 -7.71931 -41.713 1.9697 1.0000 1.0000 86.1000 80.0000 -170.7320
277 5.0697 -7.8858 -41.6958 2.9545 1.0000 1.0000 86.1000 80.0000 -161.2760
278 4.5940 -8.06344 -41.6866 3.9393 1.0000 1.0000 86.1000 80.0000 -153.8460
279 3.5351 -8.22998 -41.6775 4.9241 1.0000 1.0000 86.1000 80.0000 -151.7770
280 2.2225 -8.40758 -41.6603 5.9089 1.0000 1.0000 86.1000 80.0000 -160.1410
281 1.2972 -8.57412 -41.6512 6.8938 1.0000 1.0000 86.1000 80.0000 168.0730
282 1.1986 -8.75172 -41.6339 7.8786 1.0000 1.0000 86.1000 80.0000 130.7180
283 1.1087 -8.92936 -41.6247 8.8634 1.0000 1.0000 86.1000 80.0000 129.6470
284 1.1244 -9.09585 -41.6076 9.8482 1.0000 1.0000 86.1000 80.0000 173.2710
285 2.2711 -7.29128 -40.7389 0.0001 1.0000 1.0000 86.1000 80.0000 -160.9710
286 4.0401 -7.46887 -40.7217 0.9849 1.0000 1.0000 86.1000 80.0000 -177.7620
287 5.0107 -7.63541 -40.7126 1.9697 1.0000 1.0000 86.1000 80.0000 -174.3170
288 5.0846 -7.81306 -40.7035 2.9545 1.0000 1.0000 86.1000 80.0000 -165.2770
289 4.4645 -7.99066 -40.6863 3.9393 1.0000 1.0000 86.1000 80.0000 -158.0660
290 3.3012 -8.1572 -40.6772 4.9241 1.0000 1.0000 86.1000 80.0000 -157.1220
291 1.9856 -8.3348 -40.6599 5.9089 1.0000 1.0000 86.1000 80.0000 -169.9990
292 1.3011 -8.50134 -40.6509 6.8938 1.0000 1.0000 86.1000 80.0000 149.8990
293 1.4006 -8.67894 -40.6337 7.8786 1.0000 1.0000 86.1000 80.0000 120.4610
294 1.3591 -8.85659 -40.6245 8.8634 1.0000 1.0000 86.1000 80.0000 127.8890
295 1.7332 -9.02308 -40.6073 9.8482 1.0000 1.0000 86.1000 80.0000 163.6970
296 3.4126 -7.21863 -39.7384 0.0001 1.0000 1.0000 86.1000 80.0000 175.2490
297 4.8338 -7.39628 -39.7293 0.9849 1.0000 1.0000 86.1000 80.0000 171.8580
298 5.3643 -7.56278 -39.7122 1.9697 1.0000 1.0000 86.1000 80.0000 176.8480
299 5.0866 -7.74043 -39.7031 2.9545 1.0000 1.0000 86.1000 80.0000 -173.8100
300 4.2541 -7.90692 -39.6859 3.9393 1.0000 1.0000 86.1000 80.0000 -166.6000
301 3.0302 -8.08457 -39.6768 4.9241 1.0000 1.0000 86.1000 80.0000 -167.3830
302 1.8497 -8.26217 -39.6596 5.9089 1.0000 1.0000 86.1000 80.0000 173.8340
303 1.4684 -8.42871 -39.6506 6.8938 1.0000 1.0000 86.1000 80.0000 133.9010
304 1.5215 -8.60631 -39.6334 7.8786 1.0000 1.0000 86.1000 80.0000 114.9560
305 1.2139 -8.77286 -39.6243 8.8634 1.0000 1.0000 86.1000 80.0000 132.1940
306 1.6624 -8.95046 -39.6071 9.8482 1.0000 1.0000 86.1000 80.0000 -174.3430
307 3.4308 -7.14619 -38.746 0.0001 1.0000 1.0000 86.1000 80.0000 -163.9890
308 5.0085 -7.32393 -38.753 0.9849 1.0000 1.0000 86.1000 80.0000 171.8630
309 5.6533 -7.49052 -38.7521 1.9697 1.0000 1.0000 86.1000 80.0000 169.6550
310 5.1837 -7.66822 -38.751 2.9545 1.0000 1.0000 86.1000 80.0000 176.2150
311 4.1587 -7.83486 -38.7582 3.9393 1.0000 1.0000 86.1000 80.0000 -178.0740
312 2.9220 -8.01255 -38.7571 4.9241 1.0000 1.0000 86.1000 80.0000 178.4800
313 1.9646 -8.17914 -38.7562 5.9089 1.0000 1.0000 86.1000 80.0000 156.0880
314 1.7632 -8.35688 -38.7632 6.8938 1.0000 1.0000 86.1000 80.0000 124.4050
315 1.6266 -8.52348 -38.7622 7.8786 1.0000 1.0000 86.1000 80.0000 113.1230
316 1.0404 -8.70122 -38.7693 8.8634 1.0000 1.0000 86.1000 80.0000 139.1540
317 1.6415 -8.87892 -38.7683 9.8482 1.0000 1.0000 86.1000 80.0000 -156.4610
318 3.2312 -7.08495 -37.7454 0.0001 1.0000 1.0000 95.9500 80.0000 -155.1840
319 5.0667 -7.25163 -37.7606 0.9849 1.0000 1.0000 95.9500 80.0000 165.7610
320 5.9937 -7.42942 -37.7757 1.9697 1.0000 1.0000 95.9500 80.0000 161.1600
321 5.4116 -7.5961 -37.7909 2.9545 1.0000 1.0000 95.9500 80.0000 166.3500
322 4.2386 -7.77389 -37.8061 3.9393 1.0000 1.0000 95.9500 80.0000 170.7310
323 3.0242 -7.94061 -37.8293 4.9241 1.0000 1.0000 95.9500 80.0000 165.4590
324 2.2529 -8.1184 -37.8445 5.9089 1.0000 1.0000 95.9500 80.0000 144.2370
325 2.0721 -8.28508 -37.8597 6.8938 1.0000 1.0000 95.9500 80.0000 121.3750
326 1.7290 -8.46287 -37.8748 7.8786 1.0000 1.0000 95.9500 80.0000 116.5060
327 1.0601 -8.6296 -37.8981 8.8634 1.0000 1.0000 95.9500 80.0000 154.9860
328 2.0439 -8.80739 -37.9132 9.8482 1.0000 1.0000 95.9500 80.0000 -148.7130
329 3.7360 -7.1793 -36.7358 0.0001 1.0000 1.0000 95.9500 80.0000 -155.0610
330 5.6276 -7.35709 -36.751 0.9849 1.0000 1.0000 95.9500 80.0000 161.0090
331 6.4584 -7.52372 -36.7582 1.9697 1.0000 1.0000 95.9500 80.0000 155.9380
332 5.6539 -7.70146 -36.7653 2.9545 1.0000 1.0000 95.9500 80.0000 160.7080
333 4.3440 -7.86814 -36.7805 3.9393 1.0000 1.0000 95.9500 80.0000 164.7360
334 3.1382 -8.04588 -36.7876 4.9241 1.0000 1.0000 95.9500 80.0000 159.3780
335 2.4401 -8.21252 -36.7948 5.9089 1.0000 1.0000 95.9500 80.0000 140.7010
336 2.2110 -8.3903 -36.8099 6.8938 1.0000 1.0000 95.9500 80.0000 123.1860
337 1.7310 -8.56804 -36.817 7.8786 1.0000 1.0000 95.9500 80.0000 124.2720
338 1.2261 -8.73468 -36.8242 8.8634 1.0000 1.0000 95.9500 80.0000 176.3570
339 2.6690 -8.91246 -36.8393 9.8482 1.0000 1.0000 95.9500 80.0000 -139.7230
340 4.4157 -7.27385 -35.7344 0.0001 1.0000 1.0000 91.0200 80.0000 -145.4810
341 5.9736 -7.4404 -35.7254 0.9849 1.0000 1.0000 91.0200 80.0000 165.5780
342 6.7401 -7.61801 -35.7084 1.9697 1.0000 1.0000 91.0200 80.0000 157.0740
343 5.8038 -7.78455 -35.6994 2.9545 1.0000 1.0000 91.0200 80.0000 160.5140
344 4.4041 -7.96221 -35.6904 3.9393 1.0000 1.0000 91.0200 80.0000 164.3050
345 3.1837 -8.13982 -35.6733 4.9241 1.0000 1.0000 91.0200 80.0000 159.5850
346 2.4855 -8.30637 -35.6643 5.9089 1.0000 1.0000 91.0200 80.0000 142.8290
347 2.2189 -8.48398 -35.6473 6.8938 1.0000 1.0000 91.0200 80.0000 128.0600
348 1.7408 -8.65052 -35.6383 7.8786 1.0000 1.0000 91.0200 80.0000 134.1620
349 1.5995 -8.82813 -35.6212 8.8634 1.0000 1.0000 91.0200 80.0000 -172.1650
350 3.4267 -8.99468 -35.6123 9.8482 1.0000 1.0000 91.0200 80.0000 -139.9100
351 5.6312 -7.27974 -34.7415 0.0001 1.0000 1.0000 81.1800 80.0000 -144.5360
352 6.7143 -7.44612 -34.7003 0.9849 1.0000 1.0000 81.1800 80.0000 174.0470
353 7.1561 -7.61254 -34.6672 1.9697 1.0000 1.0000 81.1800 80.0000 162.5410
354 6.0716 -7.79007 -34.634 2.9545 1.0000 1.0000 81.1800 80.0000 163.9150
355 4.5751 -7.9565 -34.6008 3.9393 1.0000 1.0000 81.1800 80.0000 166.9630
356 3.2982 -8.12288 -34.5596 4.9241 1.0000 1.0000 81.1800 80.0000 162.8380
357 2.5458 -8.30041 -34.5264 5.9089 1.0000 1.0000 81.1800 80.0000 147.5460
358 2.2479 -8.46683 -34.4933 6.8938 1.0000 1.0000 81.1800 80.0000 133.5270
359 1.8442 -8.63326 -34.4601 7.8786 1.0000 1.0000 81.1800 80.0000 139.7900
360 1.8411 -8.79968 -34.427 8.8634 1.0000 1.0000 81.1800 80.0000 -174.5600
361 3.6942 -8.97717 -34.3857 9.8482 1.0000 1.0000 81.1800 80.0000 -145.7360
362 6.3479 -7.11923 -33.7576 0.0001 1.0000 1.0000 76.2500 80.0000 -148.8040
363 7.4284 -7.28565 -33.7244 0.9849 1.0000 1.0000 76.2500 80.0000 -179.9010
364 7.5840 -7.45204 -33.6833 1.9697 1.0000 1.0000 76.2500 80.0000 168.0190
365 6.4214 -7.62957 -33.6501 2.9545 1.0000 1.0000 76.2500 80.0000 167.7090
366 4.8734 -7.796 -33.617 3.9393 1.0000 1.0000 76.2500 80.0000 169.7150
367 3.5462 -7.96243 -33.5838 4.9241 1.0000 1.0000 76.2500 80.0000 165.8170
368 2.7283 -8.13997 -33.5507 5.9089 1.0000 1.0000 76.2500 80.0000 151.8230
369 2.3858 -8.30635 -33.5095 6.8938 1.0000 1.0000 76.2500 80.0000 137.4070
370 2.0175 -8.47278 -33.4764 7.8786 1.0000 1.0000 76.2500 80.0000 138.6390
371 1.7765 -8.63921 -33.4433 8.8634 1.0000 1.0000 76.2500 80.0000 171.1580
372 2.9229 -8.81675 -33.4101 9.8482 1.0000 1.0000 76.2500 80.0000 -157.1310
373 5.0203 -6.88112 -32.7739 0.0001 1.0000 1.0000 81.1800 80.0000 -159.6700
374 6.8046 -7.04755 -32.7409 0.9849 1.0000 1.0000 81.1800 80.0000 176.0680
375 7.3894 -7.21398 -32.7077 1.9697 1.0000 1.0000 81.1800 80.0000 168.0650
376 6.4834 -7.39152 -32.6746 2.9545 1.0000 1.0000 81.1800 80.0000 168.9130
377 5.0713 -7.55791 -32.6334 3.9393 1.0000 1.0000 81.1800 80.0000 170.9560
378 3.7978 -7.72435 -32.6003 4.9241 1.0000 1.0000 81.1800 80.0000 167.3950
379 2.9693 -7.89078 -32.5672 5.9089 1.0000 1.0000 81.1800 80.0000 154.7200
380 2.5875 -8.06832 -32.5341 6.8938 1.0000 1.0000 81.1800 80.0000 140.2860
381 2.2103 -8.23475 -32.501 7.8786 1.0000 1.0000 81.1800 80.0000 136.6850
382 1.7111 -8.40115 -32.4598 8.8634 1.0000 1.0000 81.1800 80.0000 156.0130
383 2.0640 -8.57869 -32.4267 9.8482 1.0000 1.0000 81.1800 80.0000 -168.3750
384 3.5264 -6.72089 -31.7899 0.0001 1.0000 1.0000 76.2500 80.0000 -168.3600
385 6.1241 -6.88729 -31.7487 0.9849 1.0000 1.0000 76.2500 80.0000 166.6390
386 7.0104 -7.05369 -31.7076 1.9697 1.0000 1.0000 76.2500 80.0000 164.2830
387 6.2965 -7.22009 -31.6665 2.9545 1.0000 1.0000 76.2500 80.0000 167.7180
388 5.0572 -7.38649 -31.6253 3.9393 1.0000 1.0000 76.2500 80.0000 170.7160
389 3.9087 -7.55285 -31.5761 4.9241 1.0000 1.0000 76.2500 80.0000 167.8700
390 3.1373 -7.73036 -31.5349 5.9089 1.0000 1.0000 76.2500 80.0000 156.6110
391 2.7592 -7.89676 -31.4938 6.8938 1.0000 1.0000 76.2500 80.0000 143.0160
392 2.3971 -8.06316 -31.4526 7.8786 1.0000 1.0000 76.2500 80.0000 137.3420
393 1.8094 -8.22956 -31.4115 8.8634 1.0000 1.0000 76.2500 80.0000 149.1180
394 1.7127 -8.39596 -31.3704 9.8482 1.0000 1.0000 76.2500 80.0000 -172.1450
395 2.8431 -6.47208 -30.8304 0.0001 1.0000 1.0000 76.2500 80.0000 -158.1750
396 5.3575 -6.64966 -30.8054 0.9849 1.0000 1.0000 76.2500 80.0000 165.9530
397 6.2730 -6.81618 -30.7885 1.9697 1.0000 1.0000 76.2500 80.0000 163.3400
398 5.6803 -6.98269 -30.7716 2.9545 1.0000 1.0000 76.2500 80.0000 167.3890
399 4.6427 -7.16028 -30.7465 3.9393 1.0000 1.0000 76.2500 80.0000 170.8820
400 3.6947 -7.32679 -30.7296 4.9241 1.0000 1.0000 76.2500 80.0000 168.5490
401 3.0688 -7.50442 -30.7127 5.9089 1.0000 1.0000 76.2500 80.0000 158.2980
402 2.7868 -7.6709 -30.6877 6.8938 1.0000 1.0000 76.2500 80.0000 145.6570
403 2.5654 -7.83741 -30.6708 7.8786 1.0000 1.0000 76.2500 80.0000 139.3320
404 2.2172 -8.015 -30.6457 8.8634 1.0000 1.0000 76.2500 80.0000 145.0010
405 2.1988 -8.18151 -30.6288 9.8482 1.0000 1.0000 76.2500 80.0000 163.8100
406 3.3514 -6.24547 -29.8385 0.0001 1.0000 1.0000 91.0200 80.0000 171.4110
407 5.0434 -6.41206 -29.8377 0.9849 1.0000 1.0000 91.0200 80.0000 162.0420
408 5.3075 -6.58972 -29.8289 1.9697 1.0000 1.0000 91.0200 80.0000 162.7750
409 4.6502 -6.76741 -29.8281 2.9545 1.0000 1.0000 91.0200 80.0000 167.7400
410 3.8037 -6.93397 -29.8193 3.9393 1.0000 1.0000 91.0200 80.0000 171.8190
411 3.0949 -7.11166 -29.8185 4.9241 1.0000 1.0000 91.0200 80.0000 169.9160
412 2.6601 -7.27822 -29.8097 5.9089 1.0000 1.0000 91.0200 80.0000 160.2460
413 2.5079 -7.45591 -29.8089 6.8938 1.0000 1.0000 91.0200 80.0000 148.2730
414 2.4240 -7.63357 -29.8 7.8786 1.0000 1.0000 91.0200 80.0000 141.8300
415 2.2400 -7.80016 -29.7993 8.8634 1.0000 1.0000 91.0200 80.0000 145.0400
416 2.2005 -7.97782 -29.7904 9.8482 1.0000 1.0000 91.0200 80.0000 158.8490
417 2.8987 -6.25223 -28.8454 0.0001 1.0000 1.0000 86.1000 80.0000 170.0520
418 3.7639 -6.42986 -28.8285 0.9849 1.0000 1.0000 86.1000 80.0000 165.8090
419 3.7851 -6.59641 -28.8197 1.9697 1.0000 1.0000 86.1000 80.0000 166.6530
420 3.2709 -6.77404 -28.8028 2.9545 1.0000 1.0000 86.1000 80.0000 171.2190
421 2.6735 -6.94059 -28.7941 3.9393 1.0000 1.0000 86.1000 80.0000 175.0430
422 2.1946 -7.11822 -28.7772 4.9241 1.0000 1.0000 86.1000 80.0000 172.9170
423 1.9186 -7.29588 -28.7683 5.9089 1.0000 1.0000 86.1000 80.0000 162.9640
424 1.8531 -7.4624 -28.7515 6.8938 1.0000 1.0000 86.1000 80.0000 150.6610
425 1.8422 -7.64006 -28.7426 7.8786 1.0000 1.0000 86.1000 80.0000 143.5140
426 1.7244 -7.80662 -28.7338 8.8634 1.0000 1.0000 86.1000 80.0000 144.6630
427 1.5477 -7.98425 -28.7169 9.8482 1.0000 1.0000 86.1000 80.0000 155.2890
428 1.6184 -6.18136 -27.8447 0.0001 1.0000 1.0000 86.1000 80.0000 168.8550
429 1.9191 -6.35899 -27.8278 0.9849 1.0000 1.0000 86.1000 80.0000 167.7040
430 1.8833 -6.52555 -27.8191 1.9697 1.0000 1.0000 86.1000 80.0000 170.1020
431 1.6127 -6.70318 -27.8022 2.9545 1.0000 1.0000 86.1000 80.0000 175.2520
432 1.3125 -6.86974 -27.7934 3.9393 1.0000 1.0000 86.1000 80.0000 179.2240
433 1.0746 -7.04736 -27.7765 4.9241 1.0000 1.0000 86.1000 80.0000 176.8410
434 0.9417 -7.21392 -27.7678 5.9089 1.0000 1.0000 86.1000 80.0000 166.0530
435 0.9228 -7.39158 -27.759 6.8938 1.0000 1.0000 86.1000 80.0000 152.6170
436 0.9346 -7.56921 -27.7421 7.8786 1.0000 1.0000 86.1000 80.0000 144.2880
437 0.8653 -7.73577 -27.7333 8.8634 1.0000 1.0000 86.1000 80.0000 143.1760
438 0.6309 -7.9134 -27.7164 9.8482 1.0000 1.0000 86.1000 80.0000 148.4660
439 0.5686 -10.0971 -41.8757 0.0001 1.0000 1.0000 303.0000 75.0000 171.7590
440 0.4979 -9.87408 -41.7318 0.9660 1.0000 1.0000 303.0000 75.0000 -169.2150
441 0.5872 -9.66216 -41.5879 1.9319 1.0000 1.0000 303.0000 75.0000 -167.2680
442 0.6772 -9.43919 -41.4521 2.8979 1.0000 1.0000 303.0000 75.0000 -178.1150
443 0.7379 -9.22728 -41.3082 3.8638 1.0000 1.0000 303.0000 75.0000 172.1640
444 0.7489 -9.00432 -41.1724 4.8297 1.0000 1.0000 303.0000 75.0000 170.8550
445 0.7109 -8.79246 -41.0365 5.7957 1.0000 1.0000 303.0000 75.0000 179.4790
446 0.6634 -8.56945 -40.8926 6.7616 1.0000 1.0000 303.0000 75.0000 -165.0400
447 0.5992 -8.35755 -40.7486 7.7275 1.0000 1.0000 303.0000 75.0000 -150.0040
448 0.4398 -8.1346 -40.6127 8.6934 1.0000 1.0000 303.0000 75.0000 -142.7620
449 0.2072 -7.9116 -40.4688 9.6593 1.0000 1.0000 303.0000 75.0000 -173.3780
450 0.4363 -9.55821 -42.7183 0.0001 1.0000 1.0000 303.0000 75.0000 139.5680
451 0.6831 -9.33516 -42.5744 0.9660 1.0000 1.0000 303.0000 75.0000 -178.8350
452 1.2074 -9.12328 -42.4386 1.9319 1.0000 1.0000 303.0000 75.0000 -168.0680
453 1.5633 -8.90024 -42.2947 2.8979 1.0000 1.0000 303.0000 75.0000 -174.0400
454 1.7451 -8.68836 -42.1589 3.8638 1.0000 1.0000 303.0000 75.0000 178.6520
455 1.7851 -8.46533 -42.015 4.8297 1.0000 1.0000 303.0000 75.0000 176.7850
456 1.7012 -8.25345 -41.8791 5.7957 1.0000 1.0000 303.0000 75.0000 -177.6190
457 1.5507 -8.03043 -41.7353 6.7616 1.0000 1.0000 303.0000 75.0000 -166.1710
458 1.3377 -7.81856 -41.5994 7.7275 1.0000 1.0000 303.0000 75.0000 -153.3880
459 0.9600 -7.59554 -41.4554 8.6934 1.0000 1.0000 303.0000 75.0000 -144.4700
460 0.3753 -7.38368 -41.3195 9.6593 1.0000 1.0000 303.0000 75.0000 -154.8610
461 0.4023 -9.01941 -43.561 0.0001 1.0000 1.0000 303.0000 75.0000 110.2350
462 0.9271 -8.79635 -43.4172 0.9660 1.0000 1.0000 303.0000 75.0000 -177.4200
463 1.8814 -8.58445 -43.2813 1.9319 1.0000 1.0000 303.0000 75.0000 -165.2930
464 2.5059 -8.36139 -43.1375 2.8979 1.0000 1.0000 303.0000 75.0000 -169.7310
465 2.8140 -8.14949 -43.0017 3.8638 1.0000 1.0000 303.0000 75.0000 -176.0180
466 2.8836 -7.92644 -42.8578 4.8297 1.0000 1.0000 303.0000 75.0000 -178.3210
467 2.7505 -7.71455 -42.7219 5.7957 1.0000 1.0000 303.0000 75.0000 -174.6600
468 2.4845 -7.49151 -42.5781 6.7616 1.0000 1.0000 303.0000 75.0000 -165.8430
469 2.1276 -7.27963 -42.4422 7.7275 1.0000 1.0000 303.0000 75.0000 -154.6900
470 1.6504 -7.05659 -42.2983 8.6934 1.0000 1.0000 303.0000 75.0000 -144.7080
471 1.1005 -6.84471 -42.1624 9.6593 1.0000 1.0000 303.0000 75.0000 -140.5460
472 0.9162 -8.48072 -44.4038 0.0001 1.0000 1.0000 303.0000 75.0000 -152.3750
473 1.7180 -8.25764 -44.26 0.9660 1.0000 1.0000 303.0000 75.0000 -160.7910
474 2.7292 -8.04572 -44.1242 1.9319 1.0000 1.0000 303.0000 75.0000 -160.4250
475 3.4117 -7.82265 -43.9804 2.8979 1.0000 1.0000 303.0000 75.0000 -165.7140
476 3.7568 -7.61074 -43.8446 3.8638 1.0000 1.0000 303.0000 75.0000 -171.7950
477 3.8194 -7.38767 -43.7007 4.8297 1.0000 1.0000 303.0000 75.0000 -174.4530
478 3.6269 -7.17576 -43.5649 5.7957 1.0000 1.0000 303.0000 75.0000 -172.0470
479 3.2480 -6.9527 -43.421 6.7616 1.0000 1.0000 303.0000 75.0000 -165.0460
480 2.7551 -6.7408 -43.2852 7.7275 1.0000 1.0000 303.0000 75.0000 -155.3280
481 2.2053 -6.51774 -43.1413 8.6934 1.0000 1.0000 303.0000 75.0000 -145.4210
482 1.7907 -6.30584 -43.0054 9.6593 1.0000 1.0000 303.0000 75.0000 -139.0520
483 2.0552 -7.94214 -45.2468 0.0001 1.0000 1.0000 303.0000 75.0000 -141.9630
484 2.6619 -7.71909 -45.1111 0.9660 1.0000 1.0000 303.0000 75.0000 -152.3770
485 3.4959 -7.5071 -44.9672 1.9319 1.0000 1.0000 303.0000 75.0000 -156.1840
486 4.0911 -7.28406 -44.8315 2.8979 1.0000 1.0000 303.0000 75.0000 -162.3960
487 4.3953 -7.07208 -44.6876 3.8638 1.0000 1.0000 303.0000 75.0000 -168.5260
488 4.4156 -6.84905 -44.5519 4.8297 1.0000 1.0000 303.0000 75.0000 -171.4440
489 4.1579 -6.63707 -44.408 5.7957 1.0000 1.0000 303.0000 75.0000 -169.8990
490 3.6744 -6.41404 -44.2722 6.7616 1.0000 1.0000 303.0000 75.0000 -164.3000
491 3.0272 -6.20207 -44.1283 7.7275 1.0000 1.0000 303.0000 75.0000 -156.1490
492 2.2744 -5.97905 -43.9925 8.6934 1.0000 1.0000 303.0000 75.0000 -147.4490
493 1.6079 -5.76709 -43.8485 9.6593 1.0000 1.0000 303.0000 75.0000 -141.1820
494 1.6202 -7.40366 -46.0899 0.0001 1.0000 1.0000 303.0000 75.0000 -143.3550
495 2.6926 -7.1806 -45.9542 0.9660 1.0000 1.0000 303.0000 75.0000 -148.5660
496 3.7020 -6.96859 -45.8104 1.9319 1.0000 1.0000 303.0000 75.0000 -153.1900
497 4.3232 -6.74553 -45.6747 2.8979 1.0000 1.0000 303.0000 75.0000 -159.9760
498 4.6031 -6.53353 -45.5308 3.8638 1.0000 1.0000 303.0000 75.0000 -166.1220
499 4.5816 -6.31048 -45.3951 4.8297 1.0000 1.0000 303.0000 75.0000 -169.1890
500 4.2771 -6.09849 -45.2512 5.7957 1.0000 1.0000 303.0000 75.0000 -168.2340
501 3.7313 -5.87544 -45.1154 6.7616 1.0000 1.0000 303.0000 75.0000 -163.6690
502 2.9835 -5.66345 -44.9715 7.7275 1.0000 1.0000 303.0000 75.0000 -156.9160
503 2.0630 -5.44041 -44.8357 8.6934 1.0000 1.0000 303.0000 75.0000 -150.0990
504 1.1103 -5.22843 -44.6918 9.6593 1.0000 1.0000 303.0000 75.0000 -147.7680
505 0.7227 -6.86529 -46.9332 0.0001 1.0000 1.0000 303.0000 75.0000 -162.4670
506 2.3486 -6.64221 -46.7975 0.9660 1.0000 1.0000 303.0000 75.0000 -147.7430
507 3.5446 -6.43018 -46.6537 1.9319 1.0000 1.0000 303.0000 75.0000 -151.5400
508 4.1744 -6.20711 -46.518 2.8979 1.0000 1.0000 303.0000 75.0000 -158.4300
509 4.4106 -5.99509 -46.3741 3.8638 1.0000 1.0000 303.0000 75.0000 -164.5150
510 4.3469 -5.77202 -46.2384 4.8297 1.0000 1.0000 303.0000 75.0000 -167.7220
511 4.0263 -5.56001 -46.0945 5.7957 1.0000 1.0000 303.0000 75.0000 -167.2240
512 3.4862 -5.33695 -45.9588 6.7616 1.0000 1.0000 303.0000 75.0000 -163.3390
513 2.7587 -5.12494 -45.8149 7.7275 1.0000 1.0000 303.0000 75.0000 -157.3150
514 1.9032 -4.90188 -45.6791 8.6934 1.0000 1.0000 303.0000 75.0000 -150.8480
515 1.1730 -4.68988 -45.5352 9.6593 1.0000 1.0000 303.0000 75.0000 -145.7190
516 1.2824 -6.32708 -47.7846 0.0001 1.0000 1.0000 303.0000 75.0000 -142.7840
517 2.4666 -6.10392 -47.6409 0.9660 1.0000 1.0000 303.0000 75.0000 -142.3380
518 3.3501 -5.89194 -47.5052 1.9319 1.0000 1.0000 303.0000 75.0000 -149.6080
519 3.8131 -5.66879 -47.3614 2.8979 1.0000 1.0000 303.0000 75.0000 -157.3350
520 3.9430 -5.45681 -47.2256 3.8638 1.0000 1.0000 303.0000 75.0000 -163.6390
521 3.8288 -5.23367 -47.0819 4.8297 1.0000 1.0000 303.0000 75.0000 -167.2690
522 3.5192 -5.02164 -46.938 5.7957 1.0000 1.0000 303.0000 75.0000 -167.4010
523 3.0337 -4.79856 -46.8023 6.7616 1.0000 1.0000 303.0000 75.0000 -164.1800
524 2.3789 -4.58659 -46.6665 7.7275 1.0000 1.0000 303.0000 75.0000 -158.8990
525 1.5842 -4.36346 -46.5227 8.6934 1.0000 1.0000 303.0000 75.0000 -154.1510
526 0.8279 -4.15144 -46.3788 9.6593 1.0000 1.0000 303.0000 75.0000 -157.6390
527 0.6872 -5.78892 -48.6282 0.0001 1.0000 1.0000 303.0000 75.0000 -175.5180
528 1.9513 -5.56574 -48.4844 0.9660 1.0000 1.0000 303.0000 75.0000 -148.1010
529 2.8843 -5.35374 -48.3487 1.9319 1.0000 1.0000 303.0000 75.0000 -151.3510
530 3.2810 -5.13058 -48.205 2.8979 1.0000 1.0000 303.0000 75.0000 -157.4900
531 3.3226 -4.91858 -48.0692 3.8638 1.0000 1.0000 303.0000 75.0000 -163.7140
532 3.1789 -4.69542 -47.9255 4.8297 1.0000 1.0000 303.0000 75.0000 -168.3110
533 2.9146 -4.48343 -47.7897 5.7957 1.0000 1.0000 303.0000 75.0000 -169.6320
534 2.5199 -4.26027 -47.6459 6.7616 1.0000 1.0000 303.0000 75.0000 -167.2300
535 1.9731 -4.04829 -47.5101 7.7275 1.0000 1.0000 303.0000 75.0000 -162.1480
536 1.2948 -3.82514 -47.3663 8.6934 1.0000 1.0000 303.0000 75.0000 -156.5120
537 0.6621 -3.61316 -47.2305 9.6593 1.0000 1.0000 303.0000 75.0000 -154.8990
538 0.5910 -5.25086 -49.4718 0.0001 1.0000 1.0000 303.0000 75.0000 -159.2710
539 1.5751 -5.02767 -49.3281 0.9660 1.0000 1.0000 303.0000 75.0000 -149.8340
540 2.3860 -4.81565 -49.1924 1.9319 1.0000 1.0000 303.0000 75.0000 -151.6030
541 2.6918 -4.59247 -49.0487 2.8979 1.0000 1.0000 303.0000 75.0000 -156.7300
542 2.6717 -4.38045 -48.9129 3.8638 1.0000 1.0000 303.0000 75.0000 -164.1560
543 2.5507 -4.15727 -48.7692 4.8297 1.0000 1.0000 303.0000 75.0000 -171.3430
544 2.3820 -3.94527 -48.6334 5.7957 1.0000 1.0000 303.0000 75.0000 -174.9970
545 2.1009 -3.72209 -48.4897 6.7616 1.0000 1.0000 303.0000 75.0000 -173.8760
546 1.6480 -3.51009 -48.3539 7.7275 1.0000 1.0000 303.0000 75.0000 -168.9820
547 1.0289 -3.28693 -48.2101 8.6934 1.0000 1.0000 303.0000 75.0000 -161.8750
548 0.3977 -3.07493 -48.0743 9.6593 1.0000 1.0000 303.0000 75.0000 -152.7460
549 0.1958 -4.71291 -50.3156 0.0001 1.0000 1.0000 303.0000 75.0000 -150.1920
550 1.0375 -4.4897 -50.1719 0.9660 1.0000 1.0000 303.0000 75.0000 -147.3630
551 1.8061 -4.27766 -50.0362 1.9319 1.0000 1.0000 303.0000 75.0000 -147.2430
552 2.0829 -4.05446 -49.8925 2.8979 1.0000 1.0000 303.0000 75.0000 -153.3680
553 2.0796 -3.84243 -49.7568 3.8638 1.0000 1.0000 303.0000 75.0000 -164.8390
554 2.0729 -3.6193 -49.6212 4.8297 1.0000 1.0000 303.0000 75.0000 -176.8710
555 2.0662 -3.40721 -49.4774 5.7957 1.0000 1.0000 303.0000 75.0000 176.5400
556 1.9156 -3.18402 -49.3336 6.7616 1.0000 1.0000 303.0000 75.0000 176.5100
557 1.5277 -2.972 -49.1978 7.7275 1.0000 1.0000 303.0000 75.0000 -179.0190
558 0.8954 -2.74888 -49.0622 8.6934 1.0000 1.0000 303.0000 75.0000 -171.6800
559 0.1632 -2.5368 -48.9183 9.6593 1.0000 1.0000 303.0000 75.0000 -142.5450
560 0.3295 -4.17507 -51.1596 0.0001 1.0000 1.0000 303.0000 75.0000 -12.2884
561 0.5965 -3.9519 -51.024 0.9660 1.0000 1.0000 303.0000 75.0000 -120.5640
562 1.3049 -3.73978 -50.8802 1.9319 1.0000 1.0000 303.0000 75.0000 -134.6400
563 1.5717 -3.51663 -50.7446 2.8979 1.0000 1.0000 303.0000 75.0000 -147.5240
564 1.6510 -3.30452 -50.6008 3.8638 1.0000 1.0000 303.0000 75.0000 -166.7770
565 1.8357 -3.08136 -50.4652 4.8297 1.0000 1.0000 303.0000 75.0000 176.0020
566 2.0199 -2.86926 -50.3214 5.7957 1.0000 1.0000 303.0000 75.0000 168.3180
567 1.9938 -2.64611 -50.1857 6.7616 1.0000 1.0000 303.0000 75.0000 168.4440
568 1.6627 -2.43402 -50.0419 7.7275 1.0000 1.0000 303.0000 75.0000 172.7020
569 1.0223 -2.21088 -49.9062 8.6934 1.0000 1.0000 303.0000 75.0000 178.3790
570 0.1854 -1.99878 -49.7624 9.6593 1.0000 1.0000 303.0000 75.0000 -168.3450
571 0.4909 -3.63733 -52.0036 0.0001 1.0000 1.0000 303.0000 75.0000 -12.0278
572 0.5659 -3.41414 -51.8681 0.9660 1.0000 1.0000 303.0000 75.0000 -90.3696
573 1.0835 -3.20201 -51.7243 1.9319 1.0000 1.0000 303.0000 75.0000 -122.4300
574 1.2986 -2.97883 -51.5887 2.8979 1.0000 1.0000 303.0000 75.0000 -144.1160
575 1.4700 -2.76671 -51.4449 3.8638 1.0000 1.0000 303.0000 75.0000 -170.4470
576 1.8204 -2.54354 -51.3093 4.8297 1.0000 1.0000 303.0000 75.0000 170.8300
577 2.1314 -2.33142 -51.1655 5.7957 1.0000 1.0000 303.0000 75.0000 164.2400
578 2.1891 -2.10825 -51.0299 6.7616 1.0000 1.0000 303.0000 75.0000 165.1520
579 1.9256 -1.89614 -50.8861 7.7275 1.0000 1.0000 303.0000 75.0000 169.4180
580 1.3615 -1.67298 -50.7504 8.6934 1.0000 1.0000 303.0000 75.0000 173.6430
581 0.6402 -1.46087 -50.6066 9.6593 1.0000 1.0000 303.0000 75.0000 173.1720
582 0.1655 -3.09969 -52.8479 0.0001 1.0000 1.0000 303.0000 75.0000 173.5790
583 0.5910 -2.87649 -52.7123 0.9660 1.0000 1.0000 303.0000 75.0000 -119.0640
584 1.0792 -2.66434 -52.5686 1.9319 1.0000 1.0000 303.0000 75.0000 -127.2280
585 1.2577 -2.44115 -52.433 2.8979 1.0000 1.0000 303.0000 75.0000 -147.1210
586 1.4623 -2.229 -52.2892 3.8638 1.0000 1.0000 303.0000 75.0000 -173.1200
587 1.8417 -2.00582 -52.1536 4.8297 1.0000 1.0000 303.0000 75.0000 169.8100
588 2.1623 -1.79368 -52.0098 5.7957 1.0000 1.0000 303.0000 75.0000 164.2860
589 2.2437 -1.5705 -51.8742 6.7616 1.0000 1.0000 303.0000 75.0000 165.5690
590 2.0374 -1.35836 -51.7304 7.7275 1.0000 1.0000 303.0000 75.0000 169.6700
591 1.5619 -1.13519 -51.5948 8.6934 1.0000 1.0000 303.0000 75.0000 172.6940
592 0.9353 -0.92306 -51.451 9.6593 1.0000 1.0000 303.0000 75.0000 167.7750
593 0.5220 -2.56223 -53.7003 0.0001 1.0000 1.0000 303.0000 75.0000 150.0210
594 0.6216 -2.33895 -53.5566 0.9660 1.0000 1.0000 303.0000 75.0000 -141.5110
595 1.0405 -2.12684 -53.421 1.9319 1.0000 1.0000 303.0000 75.0000 -134.7290
596 1.1857 -1.90357 -53.2774 2.8979 1.0000 1.0000 303.0000 75.0000 -150.3550
597 1.3412 -1.69147 -53.1417 3.8638 1.0000 1.0000 303.0000 75.0000 -173.0320
598 1.6205 -1.4682 -52.998 4.8297 1.0000 1.0000 303.0000 75.0000 171.5720
599 1.8535 -1.25611 -52.8623 5.7957 1.0000 1.0000 303.0000 75.0000 166.4250
600 1.9114 -1.03285 -52.7187 6.7616 1.0000 1.0000 303.0000 75.0000 167.7670
601 1.7597 -0.82076 -52.583 7.7275 1.0000 1.0000 303.0000 75.0000 171.8770
602 1.4006 -0.5975 -52.4393 8.6934 1.0000 1.0000 303.0000 75.0000 174.7680
603 0.8960 -0.38542 -52.3036 9.6593 1.0000 1.0000 303.0000 75.0000 169.2950
604 0.5309 -2.02481 -54.5448 0.0001 1.0000 1.0000 303.0000 75.0000 146.2950
605 0.4303 -1.80151 -54.4011 0.9660 1.0000 1.0000 303.0000 75.0000 -154.6840
606 0.6800 -1.58938 -54.2655 1.9319 1.0000 1.0000 303.0000 75.0000 -138.8130
607 0.7650 -1.36609 -54.1219 2.8979 1.0000 1.0000 303.0000 75.0000 -151.4630
608 0.8343 -1.15398 -53.9862 3.8638 1.0000 1.0000 303.0000 75.0000 -171.5710
609 0.9606 -0.93069 -53.8426 4.8297 1.0000 1.0000 303.0000 75.0000 174.0360
610 1.0659 -0.71858 -53.7069 5.7957 1.0000 1.0000 303.0000 75.0000 168.9630
611 1.0871 -0.4953 -53.5633 6.7616 1.0000 1.0000 303.0000 75.0000 170.4060
612 1.0055 -0.28319 -53.4276 7.7275 1.0000 1.0000 303.0000 75.0000 175.0010
613 0.8107 -0.05992 -53.2839 8.6934 1.0000 1.0000 303.0000 75.0000 179.3980
614 0.4867 0.15218 -53.1482 9.6593 1.0000 1.0000 303.0000 75.0000 179.9130
615 1.3515 -6.78014 -30.1913 1.0001 1.0000 1.0000 40.0000 80.0000 -134.0210
616 1.9756 -6.89062 -30.0616 1.9849 1.0000 1.0000 40.0000 80.0000 -134.8940
617 1.9901 -7.00107 -29.9239 2.9697 1.0000 1.0000 40.0000 80.0000 -134.8630
618 1.5638 -7.11155 -29.7943 3.9545 1.0000 1.0000 40.0000 80.0000 -136.2820
619 0.9149 -7.22201 -29.6565 4.9393 1.0000 1.0000 40.0000 80.0000 -143.6330
620 0.3514 -7.33246 -29.5188 5.9241 1.0000 1.0000 40.0000 80.0000 173.9970
621 0.5034 -7.44295 -29.3892 6.9089 1.0000 1.0000 40.0000 80.0000 96.5385
622 0.7285 -7.55345 -29.2596 7.8938 1.0000 1.0000 40.0000 80.0000 84.3050
623 0.6180 -7.66391 -29.1219 8.8786 1.0000 1.0000 40.0000 80.0000 92.8395
624 0.4748 -7.77441 -28.9923 9.8634 1.0000 1.0000 40.0000 80.0000 170.4670
625 1.7579 -6.01095 -29.5489 1.0001 1.0000 1.0000 40.0000 80.0000 -143.2740
626 2.8626 -6.12145 -29.4192 1.9849 1.0000 1.0000 40.0000 80.0000 -136.7660
627 3.1195 -6.23191 -29.2815 2.9697 1.0000 1.0000 40.0000 80.0000 -135.0060
628 2.5515 -6.3424 -29.1518 3.9545 1.0000 1.0000 40.0000 80.0000 -136.8330
629 1.5145 -6.45287 -29.0141 4.9393 1.0000 1.0000 40.0000 80.0000 -147.2830
630 0.6986 -6.56337 -28.8845 5.9241 1.0000 1.0000 40.0000 80.0000 160.7320
631 1.0954 -6.67384 -28.7468 6.9089 1.0000 1.0000 40.0000 80.0000 99.4193
632 1.5004 -6.78435 -28.6171 7.8938 1.0000 1.0000 40.0000 80.0000 88.2935
633 1.3692 -6.89483 -28.4794 8.8786 1.0000 1.0000 40.0000 80.0000 93.5746
634 0.9351 -7.01644 -28.3498 9.8634 1.0000 1.0000 40.0000 80.0000 133.0200
635 1.6269 -5.24186 -28.9144 1.0001 1.0000 1.0000 40.0000 80.0000 -166.9400
636 2.8033 -5.35233 -28.7767 1.9849 1.0000 1.0000 40.0000 80.0000 -144.8960
637 3.2654 -5.46281 -28.6389 2.9697 1.0000 1.0000 40.0000 80.0000 -139.0730
638 2.7558 -5.57332 -28.5093 3.9545 1.0000 1.0000 40.0000 80.0000 -141.4040
639 1.6888 -5.68379 -28.3715 4.9393 1.0000 1.0000 40.0000 80.0000 -157.8770
640 1.1187 -5.80541 -28.2419 5.9241 1.0000 1.0000 40.0000 80.0000 145.2310
641 1.7098 -5.9159 -28.1041 6.9089 1.0000 1.0000 40.0000 80.0000 103.3790
642 2.1427 -6.02642 -27.9745 7.8938 1.0000 1.0000 40.0000 80.0000 93.6196
643 1.9569 -6.13691 -27.8368 8.8786 1.0000 1.0000 40.0000 80.0000 97.3129
644 1.4094 -6.24743 -27.7072 9.8634 1.0000 1.0000 40.0000 80.0000 124.5730
645 1.7407 -4.4728 -28.2717 1.0001 1.0000 1.0000 40.0000 80.0000 175.3310
646 2.6180 -4.58328 -28.134 1.9849 1.0000 1.0000 40.0000 80.0000 -154.6050
647 3.0109 -4.70491 -28.0042 2.9697 1.0000 1.0000 40.0000 80.0000 -146.1560
648 2.5610 -4.8154 -27.8665 3.9545 1.0000 1.0000 40.0000 80.0000 -151.0120
649 1.7623 -4.92592 -27.7369 4.9393 1.0000 1.0000 40.0000 80.0000 -176.0090
650 1.6820 -5.03642 -27.5991 5.9241 1.0000 1.0000 40.0000 80.0000 136.2270
651 2.2729 -5.14695 -27.4695 6.9089 1.0000 1.0000 40.0000 80.0000 109.1660
652 2.5593 -5.25744 -27.3318 7.8938 1.0000 1.0000 40.0000 80.0000 100.7700
653 2.2213 -5.36795 -27.1941 8.8786 1.0000 1.0000 40.0000 80.0000 103.7320
654 1.5588 -5.47848 -27.0644 9.8634 1.0000 1.0000 40.0000 80.0000 128.7860
655 1.8148 -3.71491 -27.6288 1.0001 1.0000 1.0000 40.0000 80.0000 175.9800
656 2.4889 -3.8254 -27.491 1.9849 1.0000 1.0000 40.0000 80.0000 -158.1140
657 2.6920 -3.93593 -27.3614 2.9697 1.0000 1.0000 40.0000 80.0000 -153.4240
658 2.3377 -4.04644 -27.2237 3.9545 1.0000 1.0000 40.0000 80.0000 -164.8770
659 2.0299 -4.15697 -27.094 4.9393 1.0000 1.0000 40.0000 80.0000 165.7660
660 2.2993 -4.26748 -26.9563 5.9241 1.0000 1.0000 40.0000 80.0000 134.2840
661 2.7202 -4.37802 -26.8266 6.9089 1.0000 1.0000 40.0000 80.0000 117.0250
662 2.7416 -4.48853 -26.6889 7.8938 1.0000 1.0000 40.0000 80.0000 110.3060
663 2.1972 -4.59908 -26.5593 8.8786 1.0000 1.0000 40.0000 80.0000 113.3330
664 1.4459 -4.7096 -26.4215 9.8634 1.0000 1.0000 40.0000 80.0000 140.3410
665 1.7608 -2.94597 -26.9858 1.0001 1.0000 1.0000 40.0000 80.0000 -172.6900
666 2.2490 -3.05648 -26.8481 1.9849 1.0000 1.0000 40.0000 80.0000 -156.6520
667 2.3113 -3.16702 -26.7184 2.9697 1.0000 1.0000 40.0000 80.0000 -161.6530
668 2.2484 -3.27757 -26.5887 3.9545 1.0000 1.0000 40.0000 80.0000 178.5750
669 2.4666 -3.38809 -26.451 4.9393 1.0000 1.0000 40.0000 80.0000 154.3180
670 2.8472 -3.49861 -26.3133 5.9241 1.0000 1.0000 40.0000 80.0000 136.9140
671 3.0166 -3.60916 -26.1836 6.9089 1.0000 1.0000 40.0000 80.0000 126.9500
672 2.7462 -3.71969 -26.0459 7.8938 1.0000 1.0000 40.0000 80.0000 122.7140
673 2.0280 -3.83025 -25.9162 8.8786 1.0000 1.0000 40.0000 80.0000 126.6140
674 1.2596 -3.94078 -25.7785 9.8634 1.0000 1.0000 40.0000 80.0000 155.0140
675 1.5251 -2.1771 -26.3427 1.0001 1.0000 1.0000 40.0000 80.0000 -160.5500
676 1.7836 -2.28765 -26.213 1.9849 1.0000 1.0000 40.0000 80.0000 -158.2810
677 1.9307 -2.39817 -26.0752 2.9697 1.0000 1.0000 40.0000 80.0000 -176.8890
678 2.3617 -2.50873 -25.9456 3.9545 1.0000 1.0000 40.0000 80.0000 162.2380
679 2.9040 -2.61926 -25.8078 4.9393 1.0000 1.0000 40.0000 80.0000 149.4380
680 3.2246 -2.72983 -25.6782 5.9241 1.0000 1.0000 40.0000 80.0000 142.5620
681 3.1474 -2.84036 -25.5404 6.9089 1.0000 1.0000 40.0000 80.0000 139.0110
682 2.6507 -2.95093 -25.4108 7.8938 1.0000 1.0000 40.0000 80.0000 138.5250
683 1.8627 -3.06147 -25.2731 8.8786 1.0000 1.0000 40.0000 80.0000 144.3580
684 1.1731 -3.17202 -25.1353 9.8634 1.0000 1.0000 40.0000 80.0000 168.2100
685 1.2036 -1.40829 -25.6994 1.0001 1.0000 1.0000 40.0000 80.0000 -161.8880
686 1.3391 -1.51885 -25.5697 1.9849 1.0000 1.0000 40.0000 80.0000 -175.4530
687 1.8511 -1.62939 -25.4319 2.9697 1.0000 1.0000 40.0000 80.0000 161.0910
688 2.5969 -1.73996 -25.3023 3.9545 1.0000 1.0000 40.0000 80.0000 151.3510
689 3.1593 -1.8505 -25.1645 4.9393 1.0000 1.0000 40.0000 80.0000 149.5640
690 3.3428 -1.96108 -25.0349 5.9241 1.0000 1.0000 40.0000 80.0000 150.7660
691 3.1057 -2.07163 -24.8971 6.9089 1.0000 1.0000 40.0000 80.0000 153.4460
692 2.5171 -2.18221 -24.7675 7.8938 1.0000 1.0000 40.0000 80.0000 158.1010
693 1.7642 -2.29276 -24.6297 8.8786 1.0000 1.0000 40.0000 80.0000 167.4880
694 1.1773 -2.40335 -24.5001 9.8634 1.0000 1.0000 40.0000 80.0000 -174.3720
695 1.0673 -0.63954 -25.0559 1.0001 1.0000 1.0000 40.0000 80.0000 -165.1850
696 1.2294 -0.75012 -24.9262 1.9849 1.0000 1.0000 40.0000 80.0000 166.2320
697 1.9276 -0.86067 -24.7885 2.9697 1.0000 1.0000 40.0000 80.0000 148.6180
698 2.6308 -0.97125 -24.6588 3.9545 1.0000 1.0000 40.0000 80.0000 148.1370
699 3.0553 -1.08181 -24.5211 4.9393 1.0000 1.0000 40.0000 80.0000 153.8520
700 3.1440 -1.1924 -24.3914 5.9241 1.0000 1.0000 40.0000 80.0000 161.6000
701 2.9040 -1.30299 -24.2617 6.9089 1.0000 1.0000 40.0000 80.0000 170.2180
702 2.3956 -1.41355 -24.124 7.8938 1.0000 1.0000 40.0000 80.0000 -179.7360
703 1.7615 -1.52412 -23.9863 8.8786 1.0000 1.0000 40.0000 80.0000 -166.3230
704 1.2271 -1.63472 -23.8566 9.8634 1.0000 1.0000 40.0000 80.0000 -148.7920
705 0.9843 0.12912 -24.4204 1.0001 1.0000 1.0000 40.0000 80.0000 -143.2870
706 0.9472 0.01856 -24.2827 1.9849 1.0000 1.0000 40.0000 80.0000 169.3840
707 1.6162 -0.09204 -24.153 2.9697 1.0000 1.0000 40.0000 80.0000 147.0790
708 2.1960 -0.2026 -24.0152 3.9545 1.0000 1.0000 40.0000 80.0000 150.4930
709 2.5203 -0.3132 -23.8855 4.9393 1.0000 1.0000 40.0000 80.0000 161.7000
710 2.6379 -0.42377 -23.7478 5.9241 1.0000 1.0000 40.0000 80.0000 174.9950
711 2.5517 -0.53438 -23.6181 6.9089 1.0000 1.0000 40.0000 80.0000 -171.8230
712 2.2475 -0.64496 -23.4804 7.8938 1.0000 1.0000 40.0000 80.0000 -158.7170
713 1.7657 -0.75556 -23.3507 8.8786 1.0000 1.0000 40.0000 80.0000 -144.2600
714 1.2257 -0.86615 -23.213 9.8634 1.0000 1.0000 40.0000 80.0000 -126.8500
715 0.8036 0.89774 -23.7767 1.0001 1.0000 1.0000 40.0000 80.0000 -113.3660
716 0.4028 0.78716 -23.6389 1.9849 1.0000 1.0000 40.0000 80.0000 -172.7070
717 0.9242 0.67656 -23.5092 2.9697 1.0000 1.0000 40.0000 80.0000 146.6560
718 1.3780 0.56598 -23.3715 3.9545 1.0000 1.0000 40.0000 80.0000 154.9910
719 1.6701 0.45537 -23.2418 4.9393 1.0000 1.0000 40.0000 80.0000 172.2760
720 1.8877 0.34478 -23.104 5.9241 1.0000 1.0000 40.0000 80.0000 -170.0230
721 1.9845 0.23417 -22.9744 6.9089 1.0000 1.0000 40.0000 80.0000 -155.0000
722 1.8779 0.12358 -22.8366 7.8938 1.0000 1.0000 40.0000 80.0000 -142.0670
723 1.5418 0.00185 -22.7069 8.8786 1.0000 1.0000 40.0000 80.0000 -129.3520
724 1.0224 -0.10875 -22.5692 9.8634 1.0000 1.0000 40.0000 80.0000 -114.1650
725 0.4901 1.6663 -23.1328 1.0001 1.0000 1.0000 40.0000 80.0000 -91.7207
726 0.0654 1.55571 -22.995 1.9849 1.0000 1.0000 40.0000 80.0000 -70.7167
727 0.2960 1.44509 -22.8653 2.9697 1.0000 1.0000 40.0000 80.0000 132.2020
728 0.5370 1.3345 -22.7276 3.9545 1.0000 1.0000 40.0000 80.0000 157.8470
729 0.7481 1.22388 -22.5979 4.9393 1.0000 1.0000 40.0000 80.0000 -175.9060
730 0.9597 1.11328 -22.4601 5.9241 1.0000 1.0000 40.0000 80.0000 -155.7600
731 1.0964 0.99154 -22.3304 6.9089 1.0000 1.0000 40.0000 80.0000 -141.5650
732 1.0904 0.88094 -22.1927 7.8938 1.0000 1.0000 40.0000 80.0000 -130.4750
733 0.9170 0.77031 -22.063 8.8786 1.0000 1.0000 40.0000 80.0000 -120.3750
734 0.5687 0.6597 -21.9253 9.8634 1.0000 1.0000 40.0000 80.0000 -110.4200
735 0.4563 6.2471 -38.8961 1.0001 1.0000 1.0000 150.0000 54.0000 70.7100
736 0.6893 5.95538 -39.4039 1.8091 1.0000 1.0000 150.0000 54.0000 51.7906
737 0.9755 5.65253 -39.9117 2.6181 1.0000 1.0000 150.0000 54.0000 47.0762
738 1.2065 5.36069 -40.4275 3.4272 1.0000 1.0000 150.0000 54.0000 48.9537
739 1.3559 5.06886 -40.9352 4.2362 1.0000 1.0000 150.0000 54.0000 50.8368
740 1.4292 4.76589 -41.4428 5.0452 1.0000 1.0000 150.0000 54.0000 51.1118
741 1.4043 4.47398 -41.9505 5.8542 1.0000 1.0000 150.0000 54.0000 49.7409
742 1.2391 4.17093 -42.458 6.6632 1.0000 1.0000 150.0000 54.0000 46.5973
743 0.9476 3.87889 -42.9736 7.4722 1.0000 1.0000 150.0000 54.0000 41.2260
744 0.7439 5.38372 -38.3897 1.0001 1.0000 1.0000 150.0000 54.0000 38.4057
745 0.9543 5.09205 -38.8975 1.8091 1.0000 1.0000 150.0000 54.0000 38.1329
746 1.3278 4.80033 -39.4053 2.6181 1.0000 1.0000 150.0000 54.0000 44.9719
747 1.6688 4.49743 -39.921 3.4272 1.0000 1.0000 150.0000 54.0000 50.1039
748 1.9258 4.20564 -40.4287 4.2362 1.0000 1.0000 150.0000 54.0000 51.8527
749 2.0965 3.9027 -40.9362 5.0452 1.0000 1.0000 150.0000 54.0000 51.1269
750 2.1235 3.61083 -41.4438 5.8542 1.0000 1.0000 150.0000 54.0000 48.6418
751 1.9137 3.30782 -41.9513 6.6632 1.0000 1.0000 150.0000 54.0000 43.6201
752 1.4890 3.01582 -42.4669 7.4722 1.0000 1.0000 150.0000 54.0000 32.6809
753 1.2250 4.53142 -37.8835 1.0001 1.0000 1.0000 150.0000 54.0000 15.4152
754 1.2894 4.22867 -38.3912 1.8091 1.0000 1.0000 150.0000 54.0000 21.3144
755 1.4378 3.937 -38.8989 2.6181 1.0000 1.0000 150.0000 54.0000 34.9997
756 1.5919 3.63418 -39.4065 3.4272 1.0000 1.0000 150.0000 54.0000 42.6870
757 1.7543 3.34238 -39.9222 4.2362 1.0000 1.0000 150.0000 54.0000 44.2890
758 1.9433 3.03948 -40.4297 5.0452 1.0000 1.0000 150.0000 54.0000 43.1477
759 2.0665 2.74765 -40.9373 5.8542 1.0000 1.0000 150.0000 54.0000 40.6471
760 1.9879 2.45578 -41.4448 6.6632 1.0000 1.0000 150.0000 54.0000 35.0461
761 1.7494 2.15276 -41.9522 7.4722 1.0000 1.0000 150.0000 54.0000 22.3580
762 1.7693 3.66797 -37.3773 1.0001 1.0000 1.0000 150.0000 54.0000 6.9688
763 1.8051 3.36526 -37.885 1.8091 1.0000 1.0000 150.0000 54.0000 15.6766
764 1.7050 3.07362 -38.3927 2.6181 1.0000 1.0000 150.0000 54.0000 24.6906
765 1.5436 2.77084 -38.9002 3.4272 1.0000 1.0000 150.0000 54.0000 24.6808
766 1.5013 2.47908 -39.4159 4.2362 1.0000 1.0000 150.0000 54.0000 19.6864
767 1.6170 2.18732 -39.9234 5.0452 1.0000 1.0000 150.0000 54.0000 18.0011
768 1.7647 1.88442 -40.4309 5.8542 1.0000 1.0000 150.0000 54.0000 19.4326
769 1.8181 1.59259 -40.9383 6.6632 1.0000 1.0000 150.0000 54.0000 18.3904
770 1.8161 1.28956 -41.4538 7.4722 1.0000 1.0000 150.0000 54.0000 11.1515
771 2.0810 2.80448 -36.8713 1.0001 1.0000 1.0000 150.0000 54.0000 4.5342
772 2.1871 2.50181 -37.3789 1.8091 1.0000 1.0000 150.0000 54.0000 17.0935
773 2.0195 2.21021 -37.8866 2.6181 1.0000 1.0000 150.0000 54.0000 19.9837
774 1.7646 1.91857 -38.3942 3.4272 1.0000 1.0000 150.0000 54.0000 7.0598
775 1.7606 1.61574 -38.9097 4.2362 1.0000 1.0000 150.0000 54.0000 -8.9606
776 1.8410 1.32402 -39.4172 5.0452 1.0000 1.0000 150.0000 54.0000 -13.5552
777 1.8225 1.02116 -39.9246 5.8542 1.0000 1.0000 150.0000 54.0000 -9.1775
778 1.7386 0.72936 -40.432 6.6632 1.0000 1.0000 150.0000 54.0000 -3.6382
779 1.6994 0.42642 -40.9393 7.4722 1.0000 1.0000 150.0000 54.0000 -2.5809
780 1.9518 1.94095 -36.3654 1.0001 1.0000 1.0000 150.0000 54.0000 -1.2543
781 2.1244 1.64942 -36.8731 1.8091 1.0000 1.0000 150.0000 54.0000 17.6556
782 2.0891 1.34676 -37.3806 2.6181 1.0000 1.0000 150.0000 54.0000 16.3544
783 2.0307 1.05515 -37.8882 3.4272 1.0000 1.0000 150.0000 54.0000 -4.4280
784 2.2481 0.75241 -38.3956 4.2362 1.0000 1.0000 150.0000 54.0000 -22.9309
785 2.3387 0.46073 -38.903 5.0452 1.0000 1.0000 150.0000 54.0000 -28.7586
786 2.1221 0.15786 -39.4185 5.8542 1.0000 1.0000 150.0000 54.0000 -26.5169
787 1.7581 -0.1339 -39.9258 6.6632 1.0000 1.0000 150.0000 54.0000 -21.7155
788 1.4662 -0.4257 -40.4332 7.4722 1.0000 1.0000 150.0000 54.0000 -19.4542
789 1.4798 1.07743 -35.8516 1.0001 1.0000 1.0000 150.0000 54.0000 -16.0284
790 1.5733 0.7859 -36.3673 1.8091 1.0000 1.0000 150.0000 54.0000 11.5561
791 1.7929 0.48326 -36.8748 2.6181 1.0000 1.0000 150.0000 54.0000 8.6356
792 2.0741 0.1917 -37.3823 3.4272 1.0000 1.0000 150.0000 54.0000 -13.1035
793 2.4482 -0.11101 -37.8897 4.2362 1.0000 1.0000 150.0000 54.0000 -28.4952
794 2.5030 -0.4027 -38.4051 5.0452 1.0000 1.0000 150.0000 54.0000 -33.6798
795 2.1587 -0.70548 -38.9124 5.8542 1.0000 1.0000 150.0000 54.0000 -33.2093
796 1.6327 -0.9972 -39.4198 6.6632 1.0000 1.0000 150.0000 54.0000 -31.9693
797 1.1949 -1.28896 -39.9271 7.4722 1.0000 1.0000 150.0000 54.0000 -36.6893
798 1.0821 0.21382 -35.346 1.0001 1.0000 1.0000 150.0000 54.0000 -43.5036
799 0.9133 -0.07767 -35.8616 1.8091 1.0000 1.0000 150.0000 54.0000 -12.1515
800 1.2653 -0.38026 -36.3691 2.6181 1.0000 1.0000 150.0000 54.0000 -6.5213
801 1.7314 -0.67179 -36.8765 3.4272 1.0000 1.0000 150.0000 54.0000 -21.1156
802 2.0822 -0.97446 -37.3839 4.2362 1.0000 1.0000 150.0000 54.0000 -31.2959
803 2.0675 -1.26607 -37.8912 5.0452 1.0000 1.0000 150.0000 54.0000 -34.8845
804 1.7063 -1.55776 -38.4066 5.8542 1.0000 1.0000 150.0000 54.0000 -34.7343
805 1.2054 -1.86055 -38.9138 6.6632 1.0000 1.0000 150.0000 54.0000 -35.6750
806 0.8132 -2.15227 -39.4211 7.4722 1.0000 1.0000 150.0000 54.0000 -48.4925
807 0.7740 -0.64982 -34.8405 1.0001 1.0000 1.0000 150.0000 54.0000 -70.4297
808 0.5304 -0.94123 -35.348 1.8091 1.0000 1.0000 150.0000 54.0000 -51.8452
809 0.6679 -1.24383 -35.8635 2.6181 1.0000 1.0000 150.0000 54.0000 -26.4251
810 0.9665 -1.53532 -36.3709 3.4272 1.0000 1.0000 150.0000 54.0000 -28.4230
811 1.1456 -1.82685 -36.8783 4.2362 1.0000 1.0000 150.0000 54.0000 -33.3822
812 1.0988 -2.12952 -37.3855 5.0452 1.0000 1.0000 150.0000 54.0000 -34.9698
813 0.8658 -2.42117 -37.9009 5.8542 1.0000 1.0000 150.0000 54.0000 -33.6355
814 0.5642 -2.72392 -38.408 6.6632 1.0000 1.0000 150.0000 54.0000 -32.5140
815 0.2923 -3.01561 -38.9152 7.4722 1.0000 1.0000 150.0000 54.0000 -39.4005
816 0.6591 -2.405 -53.4834 0.5001 1.0000 1.0000 216.0000 50.0000 -142.9960
817 0.8609 -2.03154 -54.0034 1.2661 1.0000 1.0000 216.0000 50.0000 -120.3480
818 0.4519 -1.65818 -54.5316 2.0322 1.0000 1.0000 216.0000 50.0000 -107.3760
819 0.0896 -1.28479 -55.0517 2.7982 1.0000 1.0000 216.0000 50.0000 8.0789
820 0.3182 -0.91151 -55.5799 3.5643 1.0000 1.0000 216.0000 50.0000 46.2783
821 0.3784 -0.53828 -56.1083 4.3303 1.0000 1.0000 216.0000 50.0000 40.1596
822 0.3292 -0.16501 -56.6286 5.0964 1.0000 1.0000 216.0000 50.0000 28.5816
823 0.1858 0.20814 -57.157 5.8624 1.0000 1.0000 216.0000 50.0000 5.6949
824 0.1731 0.58133 -57.6774 6.6285 1.0000 1.0000 216.0000 50.0000 -108.3960
825 0.5711 -3.20935 -54.0667 0.5001 1.0000 1.0000 216.0000 50.0000 -135.9250
826 0.5076 -2.83593 -54.5866 1.2661 1.0000 1.0000 216.0000 50.0000 -98.6555
827 0.4359 -2.46262 -55.1147 2.0322 1.0000 1.0000 216.0000 50.0000 35.9314
828 1.1461 -2.08928 -55.6348 2.7982 1.0000 1.0000 216.0000 50.0000 59.0725
829 1.3869 -1.71605 -56.1631 3.5643 1.0000 1.0000 216.0000 50.0000 60.4655
830 1.2448 -1.35396 -56.6913 4.3303 1.0000 1.0000 216.0000 50.0000 56.3335
831 0.8946 -0.98074 -57.2115 5.0964 1.0000 1.0000 216.0000 50.0000 49.3187
832 0.3965 -0.60763 -57.74 5.8624 1.0000 1.0000 216.0000 50.0000 37.5497
833 0.2246 -0.23449 -58.2603 6.6285 1.0000 1.0000 216.0000 50.0000 -113.4860
834 0.5948 -4.02486 -54.6497 0.5001 1.0000 1.0000 216.0000 50.0000 -130.4190
835 0.3188 -3.65149 -55.1696 1.2661 1.0000 1.0000 216.0000 50.0000 63.1868
836 1.8067 -3.27822 -55.6977 2.0322 1.0000 1.0000 216.0000 50.0000 68.8271
837 2.7291 -2.90492 -56.2178 2.7982 1.0000 1.0000 216.0000 50.0000 70.1955
838 2.8151 -2.53173 -56.746 3.5643 1.0000 1.0000 216.0000 50.0000 68.4119
839 2.3539 -2.15859 -57.2742 4.3303 1.0000 1.0000 216.0000 50.0000 64.5315
840 1.6170 -1.78541 -57.7945 5.0964 1.0000 1.0000 216.0000 50.0000 60.5976
841 0.7074 -1.41235 -58.3228 5.8624 1.0000 1.0000 216.0000 50.0000 63.5839
842 0.3790 -1.03926 -58.8432 6.6285 1.0000 1.0000 216.0000 50.0000 -168.0690
843 1.0085 -4.84042 -55.2325 0.5001 1.0000 1.0000 216.0000 50.0000 -158.6820
844 1.1482 -4.46709 -55.7524 1.2661 1.0000 1.0000 216.0000 50.0000 120.4210
845 2.8419 -4.09387 -56.2805 2.0322 1.0000 1.0000 216.0000 50.0000 88.1058
846 3.8584 -3.72062 -56.8005 2.7982 1.0000 1.0000 216.0000 50.0000 79.8689
847 3.8421 -3.34748 -57.3287 3.5643 1.0000 1.0000 216.0000 50.0000 73.9164
848 3.1871 -2.97438 -57.8569 4.3303 1.0000 1.0000 216.0000 50.0000 68.0293
849 2.2196 -2.60125 -58.3771 5.0964 1.0000 1.0000 216.0000 50.0000 64.0479
850 1.0747 -2.22823 -58.9055 5.8624 1.0000 1.0000 216.0000 50.0000 72.6118
851 0.7442 -1.85518 -59.4258 6.6285 1.0000 1.0000 216.0000 50.0000 164.2720
852 1.8173 -5.65604 -55.8152 0.5001 1.0000 1.0000 216.0000 50.0000 -177.1660
853 2.0302 -5.28275 -56.3351 1.2661 1.0000 1.0000 216.0000 50.0000 148.0760
854 3.0301 -4.90957 -56.8631 2.0322 1.0000 1.0000 216.0000 50.0000 105.7130
855 3.9320 -4.53637 -57.3832 2.7982 1.0000 1.0000 216.0000 50.0000 87.2083
856 3.9599 -4.16327 -57.9113 3.5643 1.0000 1.0000 216.0000 50.0000 75.9091
857 3.3809 -3.79022 -58.4395 4.3303 1.0000 1.0000 216.0000 50.0000 66.4713
858 2.4788 -3.41713 -58.9597 5.0964 1.0000 1.0000 216.0000 50.0000 59.8481
859 1.3394 -3.04416 -59.488 5.8624 1.0000 1.0000 216.0000 50.0000 64.0798
860 0.7056 -2.67116 -60.0083 6.6285 1.0000 1.0000 216.0000 50.0000 142.8610
861 1.8284 -6.4606 -56.3979 0.5001 1.0000 1.0000 216.0000 50.0000 176.8350
862 1.9714 -6.08736 -56.9178 1.2661 1.0000 1.0000 216.0000 50.0000 159.8320
863 2.3549 -5.71423 -57.4457 2.0322 1.0000 1.0000 216.0000 50.0000 114.9560
864 3.0778 -5.34107 -57.9657 2.7982 1.0000 1.0000 216.0000 50.0000 88.2092
865 3.2573 -4.96802 -58.4939 3.5643 1.0000 1.0000 216.0000 50.0000 71.9204
866 2.9730 -4.60611 -59.0219 4.3303 1.0000 1.0000 216.0000 50.0000 58.7613
867 2.3958 -4.23307 -59.5421 5.0964 1.0000 1.0000 216.0000 50.0000 49.0652
868 1.5267 -3.86015 -60.0704 5.8624 1.0000 1.0000 216.0000 50.0000 46.4501
869 0.5207 -3.48719 -60.5906 6.6285 1.0000 1.0000 216.0000 50.0000 78.6780
870 0.8661 -7.27632 -56.9803 0.5001 1.0000 1.0000 216.0000 50.0000 170.1840
871 1.0317 -6.90312 -57.5002 1.2661 1.0000 1.0000 216.0000 50.0000 158.2160
872 1.3497 -6.53004 -58.0281 2.0322 1.0000 1.0000 216.0000 50.0000 109.1040
873 1.9337 -6.15692 -58.5481 2.7982 1.0000 1.0000 216.0000 50.0000 79.8984
874 2.2121 -5.78392 -59.0762 3.5643 1.0000 1.0000 216.0000 50.0000 61.0755
875 2.2211 -5.41088 -59.5962 4.3303 1.0000 1.0000 216.0000 50.0000 46.1573
876 2.0080 -5.03796 -60.1244 5.0964 1.0000 1.0000 216.0000 50.0000 36.1425
877 1.5266 -4.66508 -60.6527 5.8624 1.0000 1.0000 216.0000 50.0000 33.0788
878 0.8620 -4.29216 -61.1729 6.6285 1.0000 1.0000 216.0000 50.0000 45.4411
879 0.6090 -8.09202 -57.5545 0.5001 1.0000 1.0000 216.0000 50.0000 95.8268
880 0.4949 -7.71894 -58.0824 1.2661 1.0000 1.0000 216.0000 50.0000 119.4310
881 0.6488 -7.3459 -58.6103 2.0322 1.0000 1.0000 216.0000 50.0000 93.1015
882 0.9124 -6.97283 -59.1303 2.7982 1.0000 1.0000 216.0000 50.0000 67.1470
883 1.1020 -6.59987 -59.6583 3.5643 1.0000 1.0000 216.0000 50.0000 47.5928
884 1.2009 -6.22688 -60.1784 4.3303 1.0000 1.0000 216.0000 50.0000 33.2282
885 1.1741 -5.854 -60.7066 5.0964 1.0000 1.0000 216.0000 50.0000 24.9733
886 0.9668 -5.48117 -61.2348 5.8624 1.0000 1.0000 216.0000 50.0000 22.7646
887 0.5698 -5.1083 -61.755 6.6285 1.0000 1.0000 216.0000 50.0000 27.2386
