#         t         u1         u2         u3        s11        s12        s13        s22        s23        s33
 0.0000e+00  0.000e+00  0.000e+00  0.000e+00  0.000e+00  0.000e+00  0.000e+00  0.000e+00  0.000e+00  0.000e+00
 1.7010e-04  1.200e-05 -7.000e-05 -2.000e-05 -3.000e-05  8.000e-05  0.000e+00 -1.000e-04  0.000e+00 -1.000e-06
 3.9110e-04  2.700e-05 -1.600e-04 -3.000e-05 -6.000e-05  1.800e-04  1.000e-07 -1.000e-04 -1.000e-06 -3.000e-06
 6.7510e-04  4.400e-05 -2.600e-04 -5.000e-05 -9.000e-05  2.900e-04  3.000e-07 -2.000e-04 -1.000e-06 -4.000e-06
 1.0360e-03  6.500e-05 -3.700e-04 -8.000e-05 -1.300e-04  4.200e-04  5.000e-07 -3.000e-04 -3.000e-06 -7.000e-06
 1.4920e-03  8.900e-05 -5.000e-04 -1.100e-04 -1.700e-04  5.600e-04  7.000e-07 -4.000e-04 -4.000e-06 -9.000e-06
 2.0490e-03  1.150e-04 -6.300e-04 -1.400e-04 -2.100e-04  7.200e-04  9.000e-07 -5.000e-04 -5.000e-06 -1.100e-05
 2.7230e-03  1.440e-04 -7.800e-04 -1.800e-04 -2.500e-04  9.000e-04  1.200e-06 -7.000e-04 -7.000e-06 -1.300e-05
 3.5330e-03  1.760e-04 -9.400e-04 -2.200e-04 -2.900e-04  1.080e-03  1.600e-06 -8.000e-04 -9.000e-06 -1.500e-05
 4.5000e-03  2.100e-04 -1.100e-03 -2.700e-04 -3.200e-04  1.280e-03  2.000e-06 -9.000e-04 -1.200e-05 -1.800e-05
 5.6460e-03  2.470e-04 -1.280e-03 -3.200e-04 -3.600e-04  1.490e-03  2.500e-06 -1.000e-03 -1.400e-05 -2.100e-05
 6.9970e-03  2.860e-04 -1.450e-03 -3.700e-04 -3.900e-04  1.700e-03  3.000e-06 -1.200e-03 -1.700e-05 -2.300e-05
 8.5820e-03  3.280e-04 -1.640e-03 -4.300e-04 -4.200e-04  1.930e-03  3.500e-06 -1.300e-03 -2.000e-05 -2.600e-05
 1.0430e-02  3.720e-04 -1.820e-03 -4.900e-04 -4.400e-04  2.160e-03  4.100e-06 -1.400e-03 -2.300e-05 -2.800e-05
 1.2580e-02  4.180e-04 -2.010e-03 -5.600e-04 -4.600e-04  2.400e-03  4.700e-06 -1.500e-03 -2.700e-05 -3.100e-05
 1.5060e-02  4.650e-04 -2.190e-03 -6.200e-04 -4.800e-04  2.640e-03  5.300e-06 -1.600e-03 -3.100e-05 -3.400e-05
 1.7900e-02  5.150e-04 -2.380e-03 -6.900e-04 -4.900e-04  2.880e-03  6.000e-06 -1.700e-03 -3.500e-05 -3.600e-05
 2.1160e-02  5.650e-04 -2.560e-03 -7.600e-04 -5.100e-04  3.130e-03  6.600e-06 -1.800e-03 -3.900e-05 -3.800e-05
 2.4860e-02  6.170e-04 -2.750e-03 -8.300e-04 -5.100e-04  3.370e-03  7.300e-06 -1.900e-03 -4.300e-05 -4.000e-05
 2.9070e-02  6.690e-04 -2.930e-03 -9.100e-04 -5.200e-04  3.620e-03  7.900e-06 -2.000e-03 -4.800e-05 -4.200e-05
 3.3840e-02  7.230e-04 -3.100e-03 -9.800e-04 -5.200e-04  3.860e-03  8.600e-06 -2.000e-03 -5.300e-05 -4.400e-05
 3.9220e-02  7.760e-04 -3.270e-03 -1.050e-03 -5.100e-04  4.100e-03  9.300e-06 -2.100e-03 -5.700e-05 -4.500e-05
 4.5300e-02  8.300e-04 -3.440e-03 -1.120e-03 -5.100e-04  4.340e-03  1.000e-05 -2.100e-03 -6.200e-05 -4.700e-05
 5.2130e-02  8.850e-04 -3.590e-03 -1.190e-03 -5.000e-04  4.580e-03  1.070e-05 -2.200e-03 -6.700e-05 -4.800e-05
 5.9800e-02  9.390e-04 -3.750e-03 -1.260e-03 -4.900e-04  4.810e-03  1.140e-05 -2.200e-03 -7.100e-05 -4.900e-05
 6.8400e-02  9.930e-04 -3.900e-03 -1.330e-03 -4.800e-04  5.040e-03  1.200e-05 -2.200e-03 -7.600e-05 -5.000e-05
 7.8030e-02  1.046e-03 -4.040e-03 -1.390e-03 -4.700e-04  5.270e-03  1.270e-05 -2.200e-03 -8.000e-05 -5.100e-05
 8.8790e-02  1.100e-03 -4.170e-03 -1.460e-03 -4.500e-04  5.490e-03  1.340e-05 -2.200e-03 -8.500e-05 -5.200e-05
 1.0080e-01  1.152e-03 -4.300e-03 -1.520e-03 -4.400e-04  5.700e-03  1.410e-05 -2.200e-03 -8.900e-05 -5.300e-05
 1.1410e-01  1.203e-03 -4.430e-03 -1.580e-03 -4.200e-04  5.910e-03  1.480e-05 -2.200e-03 -9.300e-05 -5.300e-05
 1.2900e-01  1.253e-03 -4.540e-03 -1.630e-03 -4.100e-04  6.120e-03  1.560e-05 -2.200e-03 -9.800e-05 -5.300e-05
 1.4540e-01  1.302e-03 -4.650e-03 -1.690e-03 -3.900e-04  6.310e-03  1.630e-05 -2.200e-03 -1.020e-04 -5.300e-05
 1.6360e-01  1.350e-03 -4.750e-03 -1.740e-03 -3.700e-04  6.500e-03  1.700e-05 -2.200e-03 -1.060e-04 -5.300e-05
 1.8370e-01  1.396e-03 -4.850e-03 -1.790e-03 -3.500e-04  6.690e-03  1.780e-05 -2.100e-03 -1.090e-04 -5.300e-05
 2.0590e-01  1.441e-03 -4.940e-03 -1.830e-03 -3.300e-04  6.870e-03  1.860e-05 -2.100e-03 -1.130e-04 -5.300e-05
 2.3040e-01  1.484e-03 -5.020e-03 -1.880e-03 -3.100e-04  7.040e-03  1.940e-05 -2.100e-03 -1.160e-04 -5.300e-05
 2.5740e-01  1.525e-03 -5.100e-03 -1.920e-03 -3.000e-04  7.200e-03  2.030e-05 -2.000e-03 -1.200e-04 -5.200e-05
 2.8720e-01  1.564e-03 -5.180e-03 -1.960e-03 -2.800e-04  7.360e-03  2.120e-05 -2.000e-03 -1.230e-04 -5.200e-05
 3.1990e-01  1.602e-03 -5.240e-03 -1.990e-03 -2.600e-04  7.520e-03  2.200e-05 -1.900e-03 -1.260e-04 -5.100e-05
 3.5580e-01  1.637e-03 -5.310e-03 -2.025e-03 -2.400e-04  7.660e-03  2.290e-05 -1.900e-03 -1.290e-04 -5.000e-05
 3.9530e-01  1.671e-03 -5.360e-03 -2.056e-03 -2.300e-04  7.800e-03  2.390e-05 -1.800e-03 -1.320e-04 -4.900e-05
 4.3850e-01  1.703e-03 -5.420e-03 -2.084e-03 -2.100e-04  7.940e-03  2.480e-05 -1.800e-03 -1.340e-04 -4.800e-05
 4.8590e-01  1.732e-03 -5.460e-03 -2.110e-03 -1.900e-04  8.060e-03  2.580e-05 -1.700e-03 -1.370e-04 -4.800e-05
 5.3770e-01  1.759e-03 -5.510e-03 -2.134e-03 -1.800e-04  8.190e-03  2.690e-05 -1.700e-03 -1.390e-04 -4.700e-05
 5.9420e-01  1.784e-03 -5.550e-03 -2.156e-03 -1.600e-04  8.300e-03  2.790e-05 -1.700e-03 -1.410e-04 -4.600e-05
 6.5580e-01  1.807e-03 -5.580e-03 -2.175e-03 -1.500e-04  8.410e-03  2.900e-05 -1.600e-03 -1.430e-04 -4.500e-05
 7.2290e-01  1.828e-03 -5.620e-03 -2.193e-03 -1.400e-04  8.510e-03  3.010e-05 -1.600e-03 -1.450e-04 -4.400e-05
 7.9590e-01  1.846e-03 -5.640e-03 -2.209e-03 -1.300e-04  8.610e-03  3.120e-05 -1.500e-03 -1.470e-04 -4.300e-05
 8.7520e-01  1.862e-03 -5.670e-03 -2.222e-03 -1.200e-04  8.700e-03  3.230e-05 -1.500e-03 -1.480e-04 -4.200e-05
 9.6140e-01  1.876e-03 -5.690e-03 -2.235e-03 -1.100e-04  8.790e-03  3.340e-05 -1.400e-03 -1.490e-04 -4.100e-05
 1.0550e+00  1.888e-03 -5.710e-03 -2.245e-03 -1.000e-04  8.870e-03  3.460e-05 -1.400e-03 -1.510e-04 -4.000e-05
 1.1560e+00  1.897e-03 -5.730e-03 -2.254e-03 -9.000e-05  8.940e-03  3.580e-05 -1.400e-03 -1.520e-04 -3.800e-05
 1.2660e+00  1.904e-03 -5.750e-03 -2.262e-03 -8.000e-05  9.010e-03  3.700e-05 -1.300e-03 -1.530e-04 -3.700e-05
 1.3840e+00  1.909e-03 -5.760e-03 -2.268e-03 -8.000e-05  9.070e-03  3.820e-05 -1.300e-03 -1.540e-04 -3.600e-05
 1.5130e+00  1.913e-03 -5.770e-03 -2.273e-03 -8.000e-05  9.130e-03  3.940e-05 -1.300e-03 -1.550e-04 -3.500e-05
 1.6510e+00  1.914e-03 -5.780e-03 -2.277e-03 -8.000e-05  9.190e-03  4.060e-05 -1.200e-03 -1.560e-04 -3.400e-05
 1.8000e+00  1.913e-03 -5.790e-03 -2.279e-03 -8.000e-05  9.240e-03  4.180e-05 -1.200e-03 -1.570e-04 -3.300e-05
 1.9600e+00  1.910e-03 -5.790e-03 -2.281e-03 -8.000e-05  9.280e-03  4.310e-05 -1.200e-03 -1.570e-04 -3.200e-05
 2.1330e+00  1.905e-03 -5.800e-03 -2.281e-03 -8.000e-05  9.330e-03  4.430e-05 -1.100e-03 -1.580e-04 -3.100e-05
 2.3170e+00  1.899e-03 -5.800e-03 -2.280e-03 -8.000e-05  9.360e-03  4.550e-05 -1.100e-03 -1.580e-04 -3.000e-05
 2.5160e+00  1.891e-03 -5.800e-03 -2.279e-03 -9.000e-05  9.400e-03  4.680e-05 -1.100e-03 -1.580e-04 -2.900e-05
 2.7280e+00  1.881e-03 -5.800e-03 -2.276e-03 -9.000e-05  9.430e-03  4.800e-05 -1.100e-03 -1.580e-04 -2.800e-05
 2.9550e+00  1.869e-03 -5.790e-03 -2.272e-03 -1.000e-04  9.450e-03  4.930e-05 -1.000e-03 -1.590e-04 -2.700e-05
 3.1970e+00  1.856e-03 -5.790e-03 -2.268e-03 -1.100e-04  9.470e-03  5.060e-05 -1.000e-03 -1.590e-04 -2.600e-05
