#         t         u1         u2         u3        s11        s12        s13        s22        s23        s33
 0.0000e+00  0.000e+00  0.000e+00  0.000e+00  0.000e+00  0.000e+00  0.000e+00  0.000e+00  0.000e+00  0.000e+00
 1.7010e-04  3.000e-06 -2.000e-05  1.000e-06 -4.000e-06  1.000e-05 -2.000e-08 -2.000e-05  6.000e-08 -4.000e-07
 3.9110e-04  7.000e-06 -4.000e-05  3.000e-06 -9.000e-06  2.200e-05 -3.000e-08 -4.000e-05  1.400e-07 -9.000e-07
 6.7510e-04  1.100e-05 -7.000e-05  4.000e-06 -1.400e-05  3.600e-05 -6.000e-08 -7.000e-05  2.100e-07 -1.500e-06
 1.0360e-03  1.600e-05 -1.000e-04  6.000e-06 -2.100e-05  5.200e-05 -8.000e-08 -1.000e-04  2.700e-07 -2.100e-06
 1.4920e-03  2.100e-05 -1.400e-04  8.000e-06 -2.700e-05  7.000e-05 -1.200e-07 -1.400e-04  3.200e-07 -2.700e-06
 2.0490e-03  2.700e-05 -1.800e-04  9.000e-06 -3.500e-05  9.000e-05 -1.500e-07 -1.800e-04  4.200e-07 -3.500e-06
 2.7230e-03  3.300e-05 -2.200e-04  1.100e-05 -4.200e-05  1.110e-04 -2.000e-07 -2.200e-04  4.900e-07 -4.300e-06
 3.5330e-03  3.900e-05 -2.700e-04  1.300e-05 -5.000e-05  1.340e-04 -2.400e-07 -2.600e-04  5.500e-07 -5.100e-06
 4.5000e-03  4.600e-05 -3.200e-04  1.400e-05 -5.900e-05  1.580e-04 -2.800e-07 -3.100e-04  6.600e-07 -6.000e-06
 5.6460e-03  5.400e-05 -3.700e-04  1.600e-05 -6.700e-05  1.840e-04 -3.300e-07 -3.600e-04  7.600e-07 -6.900e-06
 6.9970e-03  6.100e-05 -4.200e-04  1.700e-05 -7.600e-05  2.110e-04 -3.800e-07 -4.100e-04  8.600e-07 -7.800e-06
 8.5820e-03  6.900e-05 -4.700e-04  1.800e-05 -8.500e-05  2.380e-04 -4.200e-07 -4.600e-04  9.800e-07 -8.800e-06
 1.0430e-02  7.700e-05 -5.200e-04  1.900e-05 -9.400e-05  2.660e-04 -4.700e-07 -5.200e-04  1.120e-06 -9.800e-06
 1.2580e-02  8.500e-05 -5.800e-04  2.000e-05 -1.020e-04  2.950e-04 -5.300e-07 -5.700e-04  1.200e-06 -1.080e-05
 1.5060e-02  9.400e-05 -6.300e-04  2.100e-05 -1.110e-04  3.250e-04 -5.800e-07 -6.200e-04  1.300e-06 -1.180e-05
 1.7900e-02  1.030e-04 -6.800e-04  2.100e-05 -1.200e-04  3.540e-04 -6.300e-07 -6.800e-04  1.440e-06 -1.280e-05
 2.1160e-02  1.110e-04 -7.300e-04  2.200e-05 -1.290e-04  3.840e-04 -6.800e-07 -7.300e-04  1.540e-06 -1.370e-05
 2.4860e-02  1.200e-04 -7.900e-04  2.200e-05 -1.370e-04  4.140e-04 -7.400e-07 -7.800e-04  1.670e-06 -1.460e-05
 2.9070e-02  1.300e-04 -8.400e-04  2.200e-05 -1.460e-04  4.440e-04 -8.000e-07 -8.400e-04  1.760e-06 -1.560e-05
 3.3840e-02  1.390e-04 -8.900e-04  2.300e-05 -1.540e-04  4.740e-04 -8.500e-07 -8.900e-04  1.880e-06 -1.650e-05
 3.9220e-02  1.480e-04 -9.300e-04  2.300e-05 -1.620e-04  5.040e-04 -9.000e-07 -9.400e-04  1.950e-06 -1.740e-05
 4.5300e-02  1.580e-04 -9.800e-04  2.300e-05 -1.700e-04  5.340e-04 -9.500e-07 -9.900e-04  2.040e-06 -1.820e-05
 5.2130e-02  1.670e-04 -1.020e-03  2.300e-05 -1.770e-04  5.630e-04 -1.000e-06 -1.040e-03  2.120e-06 -1.900e-05
 5.9800e-02  1.770e-04 -1.070e-03  2.400e-05 -1.850e-04  5.920e-04 -1.050e-06 -1.080e-03  2.220e-06 -1.980e-05
 6.8400e-02  1.870e-04 -1.110e-03  2.400e-05 -1.920e-04  6.210e-04 -1.100e-06 -1.130e-03  2.330e-06 -2.050e-05
 7.8030e-02  1.960e-04 -1.150e-03  2.500e-05 -1.990e-04  6.490e-04 -1.140e-06 -1.170e-03  2.390e-06 -2.120e-05
 8.8790e-02  2.060e-04 -1.190e-03  2.500e-05 -2.060e-04  6.770e-04 -1.190e-06 -1.210e-03  2.460e-06 -2.180e-05
 1.0080e-01  2.160e-04 -1.220e-03  2.600e-05 -2.130e-04  7.040e-04 -1.240e-06 -1.250e-03  2.550e-06 -2.240e-05
 1.1410e-01  2.260e-04 -1.260e-03  2.700e-05 -2.190e-04  7.310e-04 -1.280e-06 -1.290e-03  2.580e-06 -2.300e-05
 1.2900e-01  2.360e-04 -1.290e-03  2.800e-05 -2.250e-04  7.580e-04 -1.320e-06 -1.320e-03  2.610e-06 -2.350e-05
 1.4540e-01  2.460e-04 -1.320e-03  3.000e-05 -2.310e-04  7.840e-04 -1.370e-06 -1.360e-03  2.640e-06 -2.400e-05
 1.6360e-01  2.560e-04 -1.350e-03  3.100e-05 -2.370e-04  8.090e-04 -1.410e-06 -1.390e-03  2.650e-06 -2.440e-05
 1.8370e-01  2.660e-04 -1.380e-03  3.300e-05 -2.420e-04  8.340e-04 -1.440e-06 -1.420e-03  2.680e-06 -2.480e-05
 2.0590e-01  2.760e-04 -1.400e-03  3.500e-05 -2.480e-04  8.590e-04 -1.480e-06 -1.440e-03  2.680e-06 -2.510e-05
 2.3040e-01  2.870e-04 -1.420e-03  3.700e-05 -2.530e-04  8.830e-04 -1.520e-06 -1.470e-03  2.660e-06 -2.540e-05
 2.5740e-01  2.970e-04 -1.440e-03  4.000e-05 -2.580e-04  9.070e-04 -1.560e-06 -1.490e-03  2.720e-06 -2.560e-05
 2.8720e-01  3.070e-04 -1.460e-03  4.200e-05 -2.620e-04  9.300e-04 -1.600e-06 -1.520e-03  2.670e-06 -2.580e-05
 3.1990e-01  3.170e-04 -1.480e-03  4.500e-05 -2.660e-04  9.520e-04 -1.640e-06 -1.540e-03  2.700e-06 -2.600e-05
 3.5580e-01  3.270e-04 -1.490e-03  4.800e-05 -2.710e-04  9.750e-04 -1.670e-06 -1.560e-03  2.720e-06 -2.610e-05
 3.9530e-01  3.360e-04 -1.510e-03  5.100e-05 -2.740e-04  9.960e-04 -1.690e-06 -1.570e-03  2.720e-06 -2.620e-05
 4.3850e-01  3.460e-04 -1.520e-03  5.500e-05 -2.780e-04  1.018e-03 -1.720e-06 -1.590e-03  2.690e-06 -2.620e-05
 4.8590e-01  3.560e-04 -1.530e-03  5.900e-05 -2.820e-04  1.039e-03 -1.740e-06 -1.600e-03  2.650e-06 -2.620e-05
 5.3770e-01  3.660e-04 -1.540e-03  6.300e-05 -2.850e-04  1.059e-03 -1.770e-06 -1.620e-03  2.580e-06 -2.630e-05
 5.9420e-01  3.750e-04 -1.540e-03  6.700e-05 -2.880e-04  1.079e-03 -1.800e-06 -1.630e-03  2.500e-06 -2.620e-05
 6.5580e-01  3.850e-04 -1.550e-03  7.100e-05 -2.910e-04  1.099e-03 -1.830e-06 -1.640e-03  2.470e-06 -2.610e-05
 7.2290e-01  3.940e-04 -1.550e-03  7.600e-05 -2.930e-04  1.118e-03 -1.850e-06 -1.650e-03  2.410e-06 -2.600e-05
 7.9590e-01  4.030e-04 -1.550e-03  8.000e-05 -2.960e-04  1.137e-03 -1.870e-06 -1.650e-03  2.400e-06 -2.580e-05
 8.7520e-01  4.130e-04 -1.560e-03  8.500e-05 -2.980e-04  1.156e-03 -1.880e-06 -1.660e-03  2.350e-06 -2.560e-05
 9.6140e-01  4.220e-04 -1.560e-03  9.000e-05 -3.000e-04  1.174e-03 -1.910e-06 -1.660e-03  2.250e-06 -2.550e-05
 1.0550e+00  4.300e-04 -1.560e-03  9.500e-05 -3.010e-04  1.191e-03 -1.940e-06 -1.670e-03  2.180e-06 -2.530e-05
 1.1560e+00  4.390e-04 -1.550e-03  1.010e-04 -3.030e-04  1.209e-03 -1.960e-06 -1.670e-03  2.050e-06 -2.510e-05
 1.2660e+00  4.480e-04 -1.550e-03  1.060e-04 -3.040e-04  1.226e-03 -1.980e-06 -1.670e-03  1.950e-06 -2.480e-05
 1.3840e+00  4.560e-04 -1.550e-03  1.120e-04 -3.060e-04  1.242e-03 -2.010e-06 -1.670e-03  1.870e-06 -2.450e-05
 1.5130e+00  4.640e-04 -1.540e-03  1.180e-04 -3.070e-04  1.258e-03 -2.020e-06 -1.680e-03  1.810e-06 -2.410e-05
 1.6510e+00  4.720e-04 -1.540e-03  1.230e-04 -3.080e-04  1.274e-03 -2.040e-06 -1.670e-03  1.670e-06 -2.380e-05
 1.8000e+00  4.800e-04 -1.530e-03  1.290e-04 -3.080e-04  1.290e-03 -2.060e-06 -1.670e-03  1.540e-06 -2.350e-05
 1.9600e+00  4.880e-04 -1.520e-03  1.360e-04 -3.090e-04  1.305e-03 -2.060e-06 -1.670e-03  1.400e-06 -2.310e-05
 2.1330e+00  4.950e-04 -1.520e-03  1.420e-04 -3.090e-04  1.320e-03 -2.070e-06 -1.670e-03  1.350e-06 -2.280e-05
 2.3170e+00  5.020e-04 -1.510e-03  1.480e-04 -3.100e-04  1.334e-03 -2.080e-06 -1.670e-03  1.290e-06 -2.240e-05
 2.5160e+00  5.090e-04 -1.500e-03  1.540e-04 -3.100e-04  1.348e-03 -2.080e-06 -1.660e-03  1.210e-06 -2.210e-05
 2.7280e+00  5.160e-04 -1.490e-03  1.600e-04 -3.100e-04  1.362e-03 -2.090e-06 -1.660e-03  1.100e-06 -2.170e-05
 2.9550e+00  5.230e-04 -1.480e-03  1.670e-04 -3.100e-04  1.375e-03 -2.110e-06 -1.660e-03  9.600e-07 -2.140e-05
 3.1970e+00  5.290e-04 -1.470e-03  1.730e-04 -3.100e-04  1.388e-03 -2.120e-06 -1.650e-03  8.800e-07 -2.100e-05
