#         t         u1         u2         u3        s11        s12        s13        s22        s23        s33
 0.0000e+00  0.000e+00  0.000e+00  0.000e+00  0.000e+00  0.000e+00  0.000e+00  0.000e+00  0.000e+00  0.000e+00
 2.1160e-01 -1.900e-03  4.760e-04  4.500e-05  5.838e-03 -2.500e-03 -4.200e-06  1.200e-03 -7.800e-06  1.720e-05
 4.2320e-01 -3.410e-03  8.530e-04  8.900e-05  1.059e-02 -4.420e-03 -8.000e-06  2.100e-03 -1.430e-05  2.680e-05
 6.3480e-01 -4.640e-03  1.156e-03  1.310e-04  1.449e-02 -5.910e-03 -1.120e-05  2.780e-03 -1.910e-05  3.640e-05
 8.4640e-01 -5.650e-03  1.392e-03  1.720e-04  1.768e-02 -7.070e-03 -1.630e-05  3.290e-03 -2.570e-05  4.280e-05
 1.0580e+00 -6.470e-03  1.584e-03  2.080e-04  2.034e-02 -7.970e-03 -1.710e-05  3.690e-03 -2.570e-05  6.240e-05
 1.2700e+00 -7.140e-03  1.732e-03  2.350e-04  2.248e-02 -8.660e-03 -2.050e-05  4.020e-03 -2.620e-05  8.110e-05
 1.4810e+00 -7.680e-03  1.855e-03  2.550e-04  2.424e-02 -9.180e-03 -3.690e-05  4.280e-03 -2.930e-05  6.710e-05
 1.6930e+00 -8.140e-03  1.968e-03  2.840e-04  2.575e-02 -9.660e-03 -6.010e-05  4.500e-03 -8.430e-05  1.196e-04
 1.9150e+00 -8.580e-03  2.060e-03  3.060e-04  2.716e-02 -1.009e-02 -1.950e-05  4.710e-03 -5.600e-06  3.110e-05
 2.1370e+00 -8.990e-03  2.162e-03  3.520e-04  2.846e-02 -1.055e-02 -5.430e-05  4.840e-03 -5.750e-05  4.080e-05
 2.3590e+00 -9.360e-03  2.247e-03  3.850e-04  2.954e-02 -1.093e-02 -1.015e-04  4.920e-03 -1.345e-04  9.910e-05
 2.5820e+00 -9.750e-03  2.323e-03  4.240e-04  3.084e-02 -1.129e-02 -7.840e-05  5.080e-03 -9.720e-05  8.920e-05
 2.8040e+00 -1.006e-02  2.393e-03  4.220e-04  3.204e-02 -1.155e-02 -8.980e-05  5.370e-03 -1.282e-04  3.240e-04
 3.0260e+00 -1.042e-02  2.508e-03  5.080e-04  3.298e-02 -1.199e-02 -1.216e-04  5.510e-03 -1.150e-04  4.045e-04
