# nb. dgammadot0 x1 x2 x3 length width thickness strike dip
1 20000 -200 -200 5.06909 20 12.5 20 0 90
2 20000 -200 -180 6.14351 20 12.5 20 0 90
3 20000 -200 -160 7.14873 20 12.5 20 0 90
4 20000 -200 -140 8.00823 20 12.5 20 0 90
5 20000 -200 -120 8.74116 20 12.5 20 0 90
6 20000 -200 -100 9.26633 20 12.5 20 0 90
7 20000 -200 -80 9.59276 20 12.5 20 0 90
8 20000 -200 -60 9.7471 20 12.5 20 0 90
9 20000 -200 -40 9.8462 20 12.5 20 0 90
10 20000 -200 -20 9.91503 20 12.5 20 0 90
11 20000 -200 0 9.98669 20 12.5 20 0 90
12 20000 -200 20 9.96369 20 12.5 20 0 90
13 20000 -200 40 9.8827 20 12.5 20 0 90
14 20000 -200 60 9.77156 20 12.5 20 0 90
15 20000 -200 80 9.56158 20 12.5 20 0 90
16 20000 -200 100 9.18993 20 12.5 20 0 90
17 20000 -200 120 8.78213 20 12.5 20 0 90
18 20000 -200 140 8.596 20 12.5 20 0 90
19 20000 -200 160 8.84698 20 12.5 20 0 90
20 20000 -200 180 9.5192 20 12.5 20 0 90
21 20000 -180 -200 5.86751 20 12.5 20 0 90
22 20000 -180 -180 7.07088 20 12.5 20 0 90
23 20000 -180 -160 8.20257 20 12.5 20 0 90
24 20000 -180 -140 9.18198 20 12.5 20 0 90
25 20000 -180 -120 9.95657 20 12.5 20 0 90
26 20000 -180 -100 10.4561 20 12.5 20 0 90
27 20000 -180 -80 10.691 20 12.5 20 0 90
28 20000 -180 -60 10.7268 20 12.5 20 0 90
29 20000 -180 -40 10.679 20 12.5 20 0 90
30 20000 -180 -20 10.6172 20 12.5 20 0 90
31 20000 -180 0 10.5764 20 12.5 20 0 90
32 20000 -180 20 10.5038 20 12.5 20 0 90
33 20000 -180 40 10.4346 20 12.5 20 0 90
34 20000 -180 60 10.3614 20 12.5 20 0 90
35 20000 -180 80 10.1295 20 12.5 20 0 90
36 20000 -180 100 9.6006 20 12.5 20 0 90
37 20000 -180 120 9.00866 20 12.5 20 0 90
38 20000 -180 140 8.72903 20 12.5 20 0 90
39 20000 -180 160 9.05076 20 12.5 20 0 90
40 20000 -180 180 9.99356 20 12.5 20 0 90
41 20000 -160 -200 6.7662 20 12.5 20 0 90
42 20000 -160 -180 8.11233 20 12.5 20 0 90
43 20000 -160 -160 9.39725 20 12.5 20 0 90
44 20000 -160 -140 10.5262 20 12.5 20 0 90
45 20000 -160 -120 11.3649 20 12.5 20 0 90
46 20000 -160 -100 11.8251 20 12.5 20 0 90
47 20000 -160 -80 11.9237 20 12.5 20 0 90
48 20000 -160 -60 11.761 20 12.5 20 0 90
49 20000 -160 -40 11.4757 20 12.5 20 0 90
50 20000 -160 -20 11.1819 20 12.5 20 0 90
51 20000 -160 0 10.9352 20 12.5 20 0 90
52 20000 -160 20 10.7413 20 12.5 20 0 90
53 20000 -160 40 10.6434 20 12.5 20 0 90
54 20000 -160 60 10.6497 20 12.5 20 0 90
55 20000 -160 80 10.4737 20 12.5 20 0 90
56 20000 -160 100 9.94519 20 12.5 20 0 90
57 20000 -160 120 9.38293 20 12.5 20 0 90
58 20000 -160 140 9.12038 20 12.5 20 0 90
59 20000 -160 160 9.39525 20 12.5 20 0 90
60 20000 -160 180 10.3155 20 12.5 20 0 90
61 20000 -140 -200 7.76089 20 12.5 20 0 90
62 20000 -140 -180 9.24417 20 12.5 20 0 90
63 20000 -140 -160 10.6884 20 12.5 20 0 90
64 20000 -140 -140 11.8576 20 12.5 20 0 90
65 20000 -140 -120 12.8202 20 12.5 20 0 90
66 20000 -140 -100 13.2701 20 12.5 20 0 90
67 20000 -140 -80 13.2056 20 12.5 20 0 90
68 20000 -140 -60 12.7886 20 12.5 20 0 90
69 20000 -140 -40 12.2377 20 12.5 20 0 90
70 20000 -140 -20 11.626 20 12.5 20 0 90
71 20000 -140 0 11.0678 20 12.5 20 0 90
72 20000 -140 20 10.5847 20 12.5 20 0 90
73 20000 -140 40 10.2612 20 12.5 20 0 90
74 20000 -140 60 10.292 20 12.5 20 0 90
75 20000 -140 80 10.261 20 12.5 20 0 90
76 20000 -140 100 10.0163 20 12.5 20 0 90
77 20000 -140 120 9.79151 20 12.5 20 0 90
78 20000 -140 140 9.69637 20 12.5 20 0 90
79 20000 -140 160 9.8648 20 12.5 20 0 90
80 20000 -140 180 10.5431 20 12.5 20 0 90
81 20000 -120 -200 8.82558 20 12.5 20 0 90
82 20000 -120 -180 10.4288 20 12.5 20 0 90
83 20000 -120 -160 12.0132 20 12.5 20 0 90
84 20000 -120 -140 13.4039 20 12.5 20 0 90
85 20000 -120 -120 14.401 20 12.5 20 0 90
86 20000 -120 -100 14.7956 20 12.5 20 0 90
87 20000 -120 -80 14.5744 20 12.5 20 0 90
88 20000 -120 -60 13.9001 20 12.5 20 0 90
89 20000 -120 -40 13.0015 20 12.5 20 0 90
90 20000 -120 -20 12.036 20 12.5 20 0 90
91 20000 -120 0 11.0575 20 12.5 20 0 90
92 20000 -120 20 10.058 20 12.5 20 0 90
93 20000 -120 40 9.29892 20 12.5 20 0 90
94 20000 -120 60 9.09249 20 12.5 20 0 90
95 20000 -120 80 9.2615 20 12.5 20 0 90
96 20000 -120 100 9.4976 20 12.5 20 0 90
97 20000 -120 120 9.79012 20 12.5 20 0 90
98 20000 -120 140 10.0216 20 12.5 20 0 90
99 20000 -120 160 10.2313 20 12.5 20 0 90
100 20000 -120 180 10.7569 20 12.5 20 0 90
101 20000 -100 -200 9.92286 20 12.5 20 0 90
102 20000 -100 -180 11.6194 20 12.5 20 0 90
103 20000 -100 -160 13.3079 20 12.5 20 0 90
104 20000 -100 -140 14.7594 20 12.5 20 0 90
105 20000 -100 -120 15.829 20 12.5 20 0 90
106 20000 -100 -100 16.2094 20 12.5 20 0 90
107 20000 -100 -80 15.842 20 12.5 20 0 90
108 20000 -100 -60 14.8877 20 12.5 20 0 90
109 20000 -100 -40 13.7334 20 12.5 20 0 90
110 20000 -100 -20 12.4735 20 12.5 20 0 90
111 20000 -100 0 11.0329 20 12.5 20 0 90
112 20000 -100 20 9.41226 20 12.5 20 0 90
113 20000 -100 40 8.08804 20 12.5 20 0 90
114 20000 -100 60 7.71066 20 12.5 20 0 90
115 20000 -100 80 8.10101 20 12.5 20 0 90
116 20000 -100 100 8.75538 20 12.5 20 0 90
117 20000 -100 120 9.53374 20 12.5 20 0 90
118 20000 -100 140 10.0792 20 12.5 20 0 90
119 20000 -100 160 10.5026 20 12.5 20 0 90
120 20000 -100 180 11.0663 20 12.5 20 0 90
121 20000 -80 -200 10.9942 20 12.5 20 0 90
122 20000 -80 -180 12.7562 20 12.5 20 0 90
123 20000 -80 -160 14.5155 20 12.5 20 0 90
124 20000 -80 -140 16.0385 20 12.5 20 0 90
125 20000 -80 -120 17.0568 20 12.5 20 0 90
126 20000 -80 -100 17.3691 20 12.5 20 0 90
127 20000 -80 -80 16.8887 20 12.5 20 0 90
128 20000 -80 -60 15.6461 20 12.5 20 0 90
129 20000 -80 -40 14.2556 20 12.5 20 0 90
130 20000 -80 -20 12.8377 20 12.5 20 0 90
131 20000 -80 0 11.1637 20 12.5 20 0 90
132 20000 -80 20 9.23857 20 12.5 20 0 90
133 20000 -80 40 7.7428 20 12.5 20 0 90
134 20000 -80 60 7.35189 20 12.5 20 0 90
135 20000 -80 80 7.73526 20 12.5 20 0 90
136 20000 -80 100 8.52828 20 12.5 20 0 90
137 20000 -80 120 9.47523 20 12.5 20 0 90
138 20000 -80 140 10.2947 20 12.5 20 0 90
139 20000 -80 160 10.9062 20 12.5 20 0 90
140 20000 -80 180 11.452 20 12.5 20 0 90
141 20000 -60 -200 11.9757 20 12.5 20 0 90
142 20000 -60 -180 13.7669 20 12.5 20 0 90
143 20000 -60 -160 15.5409 20 12.5 20 0 90
144 20000 -60 -140 16.9927 20 12.5 20 0 90
145 20000 -60 -120 17.9749 20 12.5 20 0 90
146 20000 -60 -100 18.2728 20 12.5 20 0 90
147 20000 -60 -80 17.6935 20 12.5 20 0 90
148 20000 -60 -60 16.2657 20 12.5 20 0 90
149 20000 -60 -40 14.5237 20 12.5 20 0 90
150 20000 -60 -20 13.0264 20 12.5 20 0 90
151 20000 -60 0 11.5364 20 12.5 20 0 90
152 20000 -60 20 9.91042 20 12.5 20 0 90
153 20000 -60 40 8.66971 20 12.5 20 0 90
154 20000 -60 60 8.29518 20 12.5 20 0 90
155 20000 -60 80 8.47014 20 12.5 20 0 90
156 20000 -60 100 9.08456 20 12.5 20 0 90
157 20000 -60 120 9.93073 20 12.5 20 0 90
158 20000 -60 140 10.7533 20 12.5 20 0 90
159 20000 -60 160 11.3925 20 12.5 20 0 90
160 20000 -60 180 11.8217 20 12.5 20 0 90
161 20000 -40 -200 12.8246 20 12.5 20 0 90
162 20000 -40 -180 14.6006 20 12.5 20 0 90
163 20000 -40 -160 16.3375 20 12.5 20 0 90
164 20000 -40 -140 17.7419 20 12.5 20 0 90
165 20000 -40 -120 18.8078 20 12.5 20 0 90
166 20000 -40 -100 19.2914 20 12.5 20 0 90
167 20000 -40 -80 18.734 20 12.5 20 0 90
168 20000 -40 -60 17.0714 20 12.5 20 0 90
169 20000 -40 -40 14.9814 20 12.5 20 0 90
170 20000 -40 -20 13.2355 20 12.5 20 0 90
171 20000 -40 0 11.8071 20 12.5 20 0 90
172 20000 -40 20 10.5754 20 12.5 20 0 90
173 20000 -40 40 9.69999 20 12.5 20 0 90
174 20000 -40 60 9.38078 20 12.5 20 0 90
175 20000 -40 80 9.49616 20 12.5 20 0 90
176 20000 -40 100 9.91464 20 12.5 20 0 90
177 20000 -40 120 10.541 20 12.5 20 0 90
178 20000 -40 140 11.1781 20 12.5 20 0 90
179 20000 -40 160 11.6919 20 12.5 20 0 90
180 20000 -40 180 12.113 20 12.5 20 0 90
181 20000 -20 -200 13.5161 20 12.5 20 0 90
182 20000 -20 -180 15.2543 20 12.5 20 0 90
183 20000 -20 -160 16.9516 20 12.5 20 0 90
184 20000 -20 -140 18.4809 20 12.5 20 0 90
185 20000 -20 -120 20.1575 20 12.5 20 0 90
186 20000 -20 -100 21.43 20 12.5 20 0 90
187 20000 -20 -80 21.0754 20 12.5 20 0 90
188 20000 -20 -60 19.0001 20 12.5 20 0 90
189 20000 -20 -40 16.1562 20 12.5 20 0 90
190 20000 -20 -20 13.5279 20 12.5 20 0 90
191 20000 -20 0 11.6232 20 12.5 20 0 90
192 20000 -20 20 10.4629 20 12.5 20 0 90
193 20000 -20 40 9.84648 20 12.5 20 0 90
194 20000 -20 60 9.65361 20 12.5 20 0 90
195 20000 -20 80 9.81254 20 12.5 20 0 90
196 20000 -20 100 10.2941 20 12.5 20 0 90
197 20000 -20 120 10.9317 20 12.5 20 0 90
198 20000 -20 140 11.4916 20 12.5 20 0 90
199 20000 -20 160 11.9369 20 12.5 20 0 90
200 20000 -20 180 12.3449 20 12.5 20 0 90
201 20000 0 -200 13.9402 20 12.5 20 0 90
202 20000 0 -180 15.6928 20 12.5 20 0 90
203 20000 0 -160 17.4647 20 12.5 20 0 90
204 20000 0 -140 19.1981 20 12.5 20 0 90
205 20000 0 -120 21.6004 20 12.5 20 0 90
206 20000 0 -100 23.5216 20 12.5 20 0 90
207 20000 0 -80 23.2308 20 12.5 20 0 90
208 20000 0 -60 20.7535 20 12.5 20 0 90
209 20000 0 -40 17.0974 20 12.5 20 0 90
210 20000 0 -20 13.4356 20 12.5 20 0 90
211 20000 0 0 10.9349 20 12.5 20 0 90
212 20000 0 20 9.84724 20 12.5 20 0 90
213 20000 0 40 9.58195 20 12.5 20 0 90
214 20000 0 60 9.66614 20 12.5 20 0 90
215 20000 0 80 9.96662 20 12.5 20 0 90
216 20000 0 100 10.5674 20 12.5 20 0 90
217 20000 0 120 11.3128 20 12.5 20 0 90
218 20000 0 140 11.8401 20 12.5 20 0 90
219 20000 0 160 12.18 20 12.5 20 0 90
220 20000 0 180 12.5133 20 12.5 20 0 90
221 20000 20 -200 13.8192 20 12.5 20 0 90
222 20000 20 -180 15.8446 20 12.5 20 0 90
223 20000 20 -160 18.0733 20 12.5 20 0 90
224 20000 20 -140 20.259 20 12.5 20 0 90
225 20000 20 -120 22.2748 20 12.5 20 0 90
226 20000 20 -100 22.9066 20 12.5 20 0 90
227 20000 20 -80 21.7368 20 12.5 20 0 90
228 20000 20 -60 19.447 20 12.5 20 0 90
229 20000 20 -40 16.4059 20 12.5 20 0 90
230 20000 20 -20 12.9646 20 12.5 20 0 90
231 20000 20 0 10.4269 20 12.5 20 0 90
232 20000 20 20 9.53835 20 12.5 20 0 90
233 20000 20 40 9.78008 20 12.5 20 0 90
234 20000 20 60 10.2399 20 12.5 20 0 90
235 20000 20 80 10.5885 20 12.5 20 0 90
236 20000 20 100 11.09 20 12.5 20 0 90
237 20000 20 120 11.8041 20 12.5 20 0 90
238 20000 20 140 12.3339 20 12.5 20 0 90
239 20000 20 160 12.5511 20 12.5 20 0 90
240 20000 20 180 12.7347 20 12.5 20 0 90
241 20000 40 -200 13.1634 20 12.5 20 0 90
242 20000 40 -180 15.9742 20 12.5 20 0 90
243 20000 40 -160 19.168 20 12.5 20 0 90
244 20000 40 -140 21.3331 20 12.5 20 0 90
245 20000 40 -120 21.7717 20 12.5 20 0 90
246 20000 40 -100 19.8232 20 12.5 20 0 90
247 20000 40 -80 17.0668 20 12.5 20 0 90
248 20000 40 -60 15.2376 20 12.5 20 0 90
249 20000 40 -40 13.8296 20 12.5 20 0 90
250 20000 40 -20 11.8465 20 12.5 20 0 90
251 20000 40 0 10.1077 20 12.5 20 0 90
252 20000 40 20 9.73688 20 12.5 20 0 90
253 20000 40 40 10.5054 20 12.5 20 0 90
254 20000 40 60 11.2865 20 12.5 20 0 90
255 20000 40 80 11.5413 20 12.5 20 0 90
256 20000 40 100 11.7354 20 12.5 20 0 90
257 20000 40 120 12.276 20 12.5 20 0 90
258 20000 40 140 12.8284 20 12.5 20 0 90
259 20000 40 160 13.1102 20 12.5 20 0 90
260 20000 40 180 13.2655 20 12.5 20 0 90
261 20000 60 -200 13.3291 20 12.5 20 0 90
262 20000 60 -180 17.2454 20 12.5 20 0 90
263 20000 60 -160 21.0599 20 12.5 20 0 90
264 20000 60 -140 22.6582 20 12.5 20 0 90
265 20000 60 -120 20.8764 20 12.5 20 0 90
266 20000 60 -100 16.5198 20 12.5 20 0 90
267 20000 60 -80 12.5267 20 12.5 20 0 90
268 20000 60 -60 11.2019 20 12.5 20 0 90
269 20000 60 -40 11.2478 20 12.5 20 0 90
270 20000 60 -20 10.8501 20 12.5 20 0 90
271 20000 60 0 10.0593 20 12.5 20 0 90
272 20000 60 20 10.0494 20 12.5 20 0 90
273 20000 60 40 10.9934 20 12.5 20 0 90
274 20000 60 60 11.8424 20 12.5 20 0 90
275 20000 60 80 12.0339 20 12.5 20 0 90
276 20000 60 100 12.135 20 12.5 20 0 90
277 20000 60 120 12.6596 20 12.5 20 0 90
278 20000 60 140 13.3217 20 12.5 20 0 90
279 20000 60 160 13.7532 20 12.5 20 0 90
280 20000 60 180 13.9363 20 12.5 20 0 90
281 20000 80 -200 15.3243 20 12.5 20 0 90
282 20000 80 -180 19.8343 20 12.5 20 0 90
283 20000 80 -160 22.9789 20 12.5 20 0 90
284 20000 80 -140 23.3745 20 12.5 20 0 90
285 20000 80 -120 20.5371 20 12.5 20 0 90
286 20000 80 -100 15.5622 20 12.5 20 0 90
287 20000 80 -80 11.3493 20 12.5 20 0 90
288 20000 80 -60 9.87625 20 12.5 20 0 90
289 20000 80 -40 10.1493 20 12.5 20 0 90
290 20000 80 -20 10.4383 20 12.5 20 0 90
291 20000 80 0 10.2874 20 12.5 20 0 90
292 20000 80 20 10.3939 20 12.5 20 0 90
293 20000 80 40 11.0575 20 12.5 20 0 90
294 20000 80 60 11.688 20 12.5 20 0 90
295 20000 80 80 11.9169 20 12.5 20 0 90
296 20000 80 100 12.2903 20 12.5 20 0 90
297 20000 80 120 13.0454 20 12.5 20 0 90
298 20000 80 140 13.8232 20 12.5 20 0 90
299 20000 80 160 14.3442 20 12.5 20 0 90
300 20000 80 180 14.5166 20 12.5 20 0 90
301 20000 100 -200 17.606 20 12.5 20 0 90
302 20000 100 -180 21.4644 20 12.5 20 0 90
303 20000 100 -160 23.1299 20 12.5 20 0 90
304 20000 100 -140 22.5032 20 12.5 20 0 90
305 20000 100 -120 19.8075 20 12.5 20 0 90
306 20000 100 -100 15.799 20 12.5 20 0 90
307 20000 100 -80 12.346 20 12.5 20 0 90
308 20000 100 -60 10.6411 20 12.5 20 0 90
309 20000 100 -40 10.41 20 12.5 20 0 90
310 20000 100 -20 10.7081 20 12.5 20 0 90
311 20000 100 0 10.8669 20 12.5 20 0 90
312 20000 100 20 11.0236 20 12.5 20 0 90
313 20000 100 40 11.344 20 12.5 20 0 90
314 20000 100 60 11.5868 20 12.5 20 0 90
315 20000 100 80 11.8115 20 12.5 20 0 90
316 20000 100 100 12.4374 20 12.5 20 0 90
317 20000 100 120 13.4667 20 12.5 20 0 90
318 20000 100 140 14.4138 20 12.5 20 0 90
319 20000 100 160 14.9006 20 12.5 20 0 90
320 20000 100 180 15.0199 20 12.5 20 0 90
321 20000 120 -200 17.6121 20 12.5 20 0 90
322 20000 120 -180 20.5278 20 12.5 20 0 90
323 20000 120 -160 21.3543 20 12.5 20 0 90
324 20000 120 -140 20.7235 20 12.5 20 0 90
325 20000 120 -120 19.0775 20 12.5 20 0 90
326 20000 120 -100 16.5543 20 12.5 20 0 90
327 20000 120 -80 13.9217 20 12.5 20 0 90
328 20000 120 -60 12.0465 20 12.5 20 0 90
329 20000 120 -40 11.3331 20 12.5 20 0 90
330 20000 120 -20 11.5103 20 12.5 20 0 90
331 20000 120 0 11.8535 20 12.5 20 0 90
332 20000 120 20 12.0331 20 12.5 20 0 90
333 20000 120 40 12.1188 20 12.5 20 0 90
334 20000 120 60 12.1439 20 12.5 20 0 90
335 20000 120 80 12.3098 20 12.5 20 0 90
336 20000 120 100 12.9991 20 12.5 20 0 90
337 20000 120 120 14.1223 20 12.5 20 0 90
338 20000 120 140 15.0842 20 12.5 20 0 90
339 20000 120 160 15.5439 20 12.5 20 0 90
340 20000 120 180 15.6136 20 12.5 20 0 90
341 20000 140 -200 16.2251 20 12.5 20 0 90
342 20000 140 -180 18.8673 20 12.5 20 0 90
343 20000 140 -160 20.2189 20 12.5 20 0 90
344 20000 140 -140 20.5648 20 12.5 20 0 90
345 20000 140 -120 19.8429 20 12.5 20 0 90
346 20000 140 -100 18.0518 20 12.5 20 0 90
347 20000 140 -80 15.7749 20 12.5 20 0 90
348 20000 140 -60 13.8678 20 12.5 20 0 90
349 20000 140 -40 12.9197 20 12.5 20 0 90
350 20000 140 -20 12.8949 20 12.5 20 0 90
351 20000 140 0 13.1616 20 12.5 20 0 90
352 20000 140 20 13.2945 20 12.5 20 0 90
353 20000 140 40 13.355 20 12.5 20 0 90
354 20000 140 60 13.2801 20 12.5 20 0 90
355 20000 140 80 13.3023 20 12.5 20 0 90
356 20000 140 100 13.7751 20 12.5 20 0 90
357 20000 140 120 14.6796 20 12.5 20 0 90
358 20000 140 140 15.5419 20 12.5 20 0 90
359 20000 140 160 16.016 20 12.5 20 0 90
360 20000 140 180 16.0962 20 12.5 20 0 90
361 20000 160 -200 17.1792 20 12.5 20 0 90
362 20000 160 -180 19.6202 20 12.5 20 0 90
363 20000 160 -160 21.6466 20 12.5 20 0 90
364 20000 160 -140 22.3839 20 12.5 20 0 90
365 20000 160 -120 21.4566 20 12.5 20 0 90
366 20000 160 -100 19.3586 20 12.5 20 0 90
367 20000 160 -80 16.9819 20 12.5 20 0 90
368 20000 160 -60 15.1509 20 12.5 20 0 90
369 20000 160 -40 14.2805 20 12.5 20 0 90
370 20000 160 -20 14.1725 20 12.5 20 0 90
371 20000 160 0 14.2559 20 12.5 20 0 90
372 20000 160 20 14.3242 20 12.5 20 0 90
373 20000 160 40 14.3386 20 12.5 20 0 90
374 20000 160 60 14.2134 20 12.5 20 0 90
375 20000 160 80 14.1045 20 12.5 20 0 90
376 20000 160 100 14.321 20 12.5 20 0 90
377 20000 160 120 14.9178 20 12.5 20 0 90
378 20000 160 140 15.5633 20 12.5 20 0 90
379 20000 160 160 15.9611 20 12.5 20 0 90
380 20000 160 180 16.06 20 12.5 20 0 90
381 20000 180 -200 20.0235 20 12.5 20 0 90
382 20000 180 -180 21.8074 20 12.5 20 0 90
383 20000 180 -160 23.8113 20 12.5 20 0 90
384 20000 180 -140 24.1743 20 12.5 20 0 90
385 20000 180 -120 22.4541 20 12.5 20 0 90
386 20000 180 -100 19.6723 20 12.5 20 0 90
387 20000 180 -80 16.8219 20 12.5 20 0 90
388 20000 180 -60 15.0024 20 12.5 20 0 90
389 20000 180 -40 14.3148 20 12.5 20 0 90
390 20000 180 -20 14.3571 20 12.5 20 0 90
391 20000 180 0 14.5153 20 12.5 20 0 90
392 20000 180 20 14.6223 20 12.5 20 0 90
393 20000 180 40 14.682 20 12.5 20 0 90
394 20000 180 60 14.6299 20 12.5 20 0 90
395 20000 180 80 14.553 20 12.5 20 0 90
396 20000 180 100 14.6538 20 12.5 20 0 90
397 20000 180 120 14.9617 20 12.5 20 0 90
398 20000 180 140 15.3283 20 12.5 20 0 90
399 20000 180 160 15.5928 20 12.5 20 0 90
400 20000 180 180 15.6983 20 12.5 20 0 90
