#         t         u1         u2         u3        s11        s12        s13        s22        s23        s33
 0.0000e+00  0.000e+00  0.000e+00  0.000e+00  0.000e+00  0.000e+00  0.000e+00  0.000e+00  0.000e+00  0.000e+00
 8.3280e-06 -1.000e-04  1.000e-05  2.000e-05  2.000e-04 -3.000e-05 -1.000e-06  0.000e+00 -3.000e-07  1.000e-06
 1.8520e-05 -2.000e-04  2.000e-05  3.000e-05  4.000e-04 -8.000e-05 -1.000e-06  0.000e+00 -6.000e-07  1.000e-06
 3.0970e-05 -3.000e-04  3.000e-05  4.000e-05  7.000e-04 -1.300e-04 -2.000e-06 -1.000e-04 -1.000e-06  3.000e-06
 4.6090e-05 -4.000e-04  5.000e-05  6.000e-05  1.000e-03 -2.000e-04 -2.000e-06 -1.000e-04 -1.600e-06  4.000e-06
 6.4230e-05 -6.000e-04  7.000e-05  8.000e-05  1.300e-03 -2.700e-04 -3.000e-06 -1.000e-04 -2.200e-06  6.000e-06
 8.5880e-05 -7.000e-04  9.000e-05  1.000e-04  1.700e-03 -3.600e-04 -3.000e-06 -1.000e-04 -3.000e-06  9.000e-06
 1.1110e-04 -9.000e-04  1.200e-04  1.300e-04  2.200e-03 -4.600e-04 -4.000e-06 -1.000e-04 -4.000e-06  1.200e-05
 1.4050e-04 -1.200e-03  1.500e-04  1.600e-04  2.700e-03 -5.700e-04 -4.000e-06 -1.000e-04 -5.100e-06  1.500e-05
 1.7470e-04 -1.400e-03  1.800e-04  2.000e-04  3.300e-03 -6.900e-04 -5.000e-06 -1.000e-04 -6.400e-06  1.900e-05
 2.1440e-04 -1.700e-03  2.200e-04  2.400e-04  3.900e-03 -8.200e-04 -6.000e-06 -2.000e-04 -7.900e-06  2.400e-05
 2.6050e-04 -2.000e-03  2.600e-04  2.800e-04  4.700e-03 -9.700e-04 -7.000e-06 -2.000e-04 -9.600e-06  2.900e-05
 3.1380e-04 -2.300e-03  3.000e-04  3.300e-04  5.400e-03 -1.140e-03 -8.000e-06 -2.000e-04 -1.170e-05  3.500e-05
 3.7540e-04 -2.700e-03  3.500e-04  3.900e-04  6.300e-03 -1.310e-03 -1.000e-05 -3.000e-04 -1.400e-05  4.100e-05
 4.4660e-04 -3.100e-03  4.100e-04  4.500e-04  7.200e-03 -1.510e-03 -1.100e-05 -3.000e-04 -1.670e-05  4.900e-05
 5.2880e-04 -3.500e-03  4.700e-04  5.300e-04  8.300e-03 -1.720e-03 -1.300e-05 -4.000e-04 -1.970e-05  5.700e-05
 6.2380e-04 -4.000e-03  5.400e-04  6.100e-04  9.400e-03 -1.940e-03 -1.600e-05 -5.000e-04 -2.320e-05  6.500e-05
 7.3360e-04 -4.500e-03  6.100e-04  7.100e-04  1.060e-02 -2.180e-03 -1.900e-05 -5.000e-04 -2.710e-05  7.500e-05
 8.6030e-04 -5.100e-03  6.900e-04  8.100e-04  1.190e-02 -2.440e-03 -2.300e-05 -6.000e-04 -3.140e-05  8.500e-05
 1.0070e-03 -5.700e-03  7.700e-04  9.300e-04  1.320e-02 -2.720e-03 -2.700e-05 -8.000e-04 -3.640e-05  9.600e-05
 1.1760e-03 -6.300e-03  8.600e-04  1.070e-03  1.470e-02 -3.010e-03 -3.200e-05 -9.000e-04 -4.200e-05  1.080e-04
 1.3710e-03 -7.000e-03  9.600e-04  1.220e-03  1.630e-02 -3.320e-03 -3.800e-05 -1.100e-03 -4.820e-05  1.210e-04
 1.5970e-03 -7.700e-03  1.070e-03  1.390e-03  1.790e-02 -3.650e-03 -4.500e-05 -1.300e-03 -5.520e-05  1.350e-04
 1.8480e-03 -8.400e-03  1.180e-03  1.570e-03  1.960e-02 -3.990e-03 -5.300e-05 -1.500e-03 -6.270e-05  1.490e-04
 2.1260e-03 -9.100e-03  1.290e-03  1.760e-03  2.130e-02 -4.330e-03 -6.200e-05 -1.800e-03 -7.070e-05  1.630e-04
 2.4330e-03 -9.900e-03  1.410e-03  1.970e-03  2.310e-02 -4.670e-03 -7.200e-05 -2.100e-03 -7.920e-05  1.770e-04
 2.7720e-03 -1.070e-02  1.530e-03  2.190e-03  2.480e-02 -5.020e-03 -8.300e-05 -2.370e-03 -8.830e-05  1.910e-04
 3.1450e-03 -1.140e-02  1.660e-03  2.430e-03  2.660e-02 -5.380e-03 -9.500e-05 -2.710e-03 -9.780e-05  2.060e-04
 3.5550e-03 -1.220e-02  1.790e-03  2.680e-03  2.840e-02 -5.730e-03 -1.070e-04 -3.080e-03 -1.079e-04  2.210e-04
 4.0040e-03 -1.300e-02  1.920e-03  2.940e-03  3.020e-02 -6.100e-03 -1.210e-04 -3.490e-03 -1.184e-04  2.360e-04
 4.4960e-03 -1.380e-02  2.060e-03  3.220e-03  3.200e-02 -6.460e-03 -1.350e-04 -3.930e-03 -1.295e-04  2.500e-04
 5.0330e-03 -1.460e-02  2.200e-03  3.510e-03  3.380e-02 -6.830e-03 -1.510e-04 -4.410e-03 -1.411e-04  2.650e-04
 5.6180e-03 -1.540e-02  2.340e-03  3.820e-03  3.560e-02 -7.210e-03 -1.680e-04 -4.920e-03 -1.531e-04  2.800e-04
 6.2560e-03 -1.620e-02  2.490e-03  4.140e-03  3.740e-02 -7.590e-03 -1.850e-04 -5.470e-03 -1.656e-04  2.940e-04
 6.9480e-03 -1.700e-02  2.640e-03  4.480e-03  3.920e-02 -7.980e-03 -2.050e-04 -6.050e-03 -1.785e-04  3.080e-04
 7.7000e-03 -1.780e-02  2.790e-03  4.830e-03  4.100e-02 -8.370e-03 -2.240e-04 -6.670e-03 -1.917e-04  3.230e-04
 8.5130e-03 -1.860e-02  2.950e-03  5.190e-03  4.280e-02 -8.770e-03 -2.460e-04 -7.330e-03 -2.053e-04  3.360e-04
 9.3890e-03 -1.940e-02  3.110e-03  5.570e-03  4.460e-02 -9.170e-03 -2.680e-04 -8.010e-03 -2.192e-04  3.500e-04
 1.0330e-02 -2.020e-02  3.280e-03  5.960e-03  4.640e-02 -9.580e-03 -2.900e-04 -8.740e-03 -2.332e-04  3.640e-04
 1.1340e-02 -2.100e-02  3.450e-03  6.360e-03  4.820e-02 -1.000e-02 -3.140e-04 -9.490e-03 -2.474e-04  3.770e-04
 1.2420e-02 -2.180e-02  3.620e-03  6.770e-03  4.990e-02 -1.042e-02 -3.380e-04 -1.027e-02 -2.617e-04  3.890e-04
 1.3580e-02 -2.260e-02  3.800e-03  7.200e-03  5.170e-02 -1.086e-02 -3.640e-04 -1.109e-02 -2.761e-04  4.010e-04
 1.4820e-02 -2.340e-02  3.980e-03  7.630e-03  5.340e-02 -1.130e-02 -3.890e-04 -1.193e-02 -2.904e-04  4.130e-04
 1.6140e-02 -2.420e-02  4.160e-03  8.080e-03  5.510e-02 -1.175e-02 -4.170e-04 -1.279e-02 -3.047e-04  4.240e-04
 1.7540e-02 -2.500e-02  4.350e-03  8.530e-03  5.680e-02 -1.220e-02 -4.450e-04 -1.369e-02 -3.189e-04  4.350e-04
 1.9040e-02 -2.580e-02  4.540e-03  9.000e-03  5.840e-02 -1.267e-02 -4.730e-04 -1.460e-02 -3.330e-04  4.450e-04
 2.0630e-02 -2.660e-02  4.740e-03  9.470e-03  6.010e-02 -1.315e-02 -5.010e-04 -1.554e-02 -3.469e-04  4.560e-04
 2.2320e-02 -2.740e-02  4.940e-03  9.960e-03  6.170e-02 -1.364e-02 -5.300e-04 -1.650e-02 -3.605e-04  4.650e-04
 2.4110e-02 -2.830e-02  5.140e-03  1.045e-02  6.330e-02 -1.414e-02 -5.600e-04 -1.748e-02 -3.739e-04  4.740e-04
 2.6010e-02 -2.910e-02  5.350e-03  1.095e-02  6.490e-02 -1.465e-02 -5.900e-04 -1.848e-02 -3.869e-04  4.830e-04
 2.8020e-02 -2.990e-02  5.560e-03  1.145e-02  6.650e-02 -1.518e-02 -6.210e-04 -1.948e-02 -3.996e-04  4.920e-04
 3.0150e-02 -3.070e-02  5.780e-03  1.197e-02  6.800e-02 -1.571e-02 -6.510e-04 -2.051e-02 -4.119e-04  5.000e-04
 3.2390e-02 -3.150e-02  6.000e-03  1.249e-02  6.950e-02 -1.626e-02 -6.820e-04 -2.154e-02 -4.238e-04  5.080e-04
 3.4760e-02 -3.230e-02  6.230e-03  1.301e-02  7.100e-02 -1.682e-02 -7.140e-04 -2.258e-02 -4.350e-04  5.150e-04
 3.7260e-02 -3.310e-02  6.460e-03  1.354e-02  7.250e-02 -1.738e-02 -7.450e-04 -2.363e-02 -4.458e-04  5.230e-04
 3.9900e-02 -3.390e-02  6.700e-03  1.408e-02  7.400e-02 -1.797e-02 -7.770e-04 -2.468e-02 -4.561e-04  5.290e-04
 4.2670e-02 -3.470e-02  6.940e-03  1.462e-02  7.540e-02 -1.856e-02 -8.080e-04 -2.573e-02 -4.658e-04  5.360e-04
 4.5580e-02 -3.550e-02  7.190e-03  1.516e-02  7.690e-02 -1.916e-02 -8.400e-04 -2.678e-02 -4.748e-04  5.430e-04
 4.8640e-02 -3.640e-02  7.440e-03  1.571e-02  7.830e-02 -1.977e-02 -8.720e-04 -2.783e-02 -4.833e-04  5.490e-04
 5.1850e-02 -3.720e-02  7.690e-03  1.625e-02  7.970e-02 -2.039e-02 -9.030e-04 -2.888e-02 -4.912e-04  5.550e-04
 5.5210e-02 -3.800e-02  7.950e-03  1.680e-02  8.100e-02 -2.103e-02 -9.340e-04 -2.992e-02 -4.983e-04  5.610e-04
 5.8740e-02 -3.880e-02  8.210e-03  1.735e-02  8.240e-02 -2.167e-02 -9.650e-04 -3.095e-02 -5.048e-04  5.670e-04
 6.2430e-02 -3.960e-02  8.480e-03  1.790e-02  8.370e-02 -2.231e-02 -9.960e-04 -3.197e-02 -5.107e-04  5.730e-04
 6.6290e-02 -4.050e-02  8.750e-03  1.846e-02  8.500e-02 -2.297e-02 -1.025e-03 -3.298e-02 -5.159e-04  5.790e-04
 7.0320e-02 -4.130e-02  9.030e-03  1.901e-02  8.630e-02 -2.363e-02 -1.055e-03 -3.397e-02 -5.205e-04  5.850e-04
 7.4520e-02 -4.210e-02  9.300e-03  1.956e-02  8.750e-02 -2.430e-02 -1.085e-03 -3.495e-02 -5.243e-04  5.900e-04
 7.8910e-02 -4.290e-02  9.590e-03  2.011e-02  8.880e-02 -2.498e-02 -1.114e-03 -3.591e-02 -5.276e-04  5.960e-04
 8.3490e-02 -4.380e-02  9.870e-03  2.065e-02  9.000e-02 -2.566e-02 -1.143e-03 -3.686e-02 -5.303e-04  6.020e-04
 8.8250e-02 -4.460e-02  1.016e-02  2.120e-02  9.120e-02 -2.634e-02 -1.171e-03 -3.778e-02 -5.323e-04  6.070e-04
 9.3210e-02 -4.540e-02  1.045e-02  2.174e-02  9.240e-02 -2.703e-02 -1.198e-03 -3.869e-02 -5.338e-04  6.130e-04
 9.8370e-02 -4.620e-02  1.075e-02  2.228e-02  9.350e-02 -2.772e-02 -1.225e-03 -3.957e-02 -5.346e-04  6.190e-04
 1.0370e-01 -4.700e-02  1.104e-02  2.282e-02  9.460e-02 -2.841e-02 -1.252e-03 -4.043e-02 -5.349e-04  6.250e-04
 1.0930e-01 -4.790e-02  1.134e-02  2.335e-02  9.580e-02 -2.910e-02 -1.278e-03 -4.127e-02 -5.347e-04  6.310e-04
 1.1500e-01 -4.870e-02  1.164e-02  2.387e-02  9.680e-02 -2.979e-02 -1.303e-03 -4.208e-02 -5.340e-04  6.370e-04
 1.2100e-01 -4.950e-02  1.194e-02  2.440e-02  9.790e-02 -3.048e-02 -1.328e-03 -4.286e-02 -5.328e-04  6.430e-04
 1.2710e-01 -5.030e-02  1.225e-02  2.491e-02  9.900e-02 -3.117e-02 -1.352e-03 -4.362e-02 -5.312e-04  6.490e-04
 1.3350e-01 -5.110e-02  1.255e-02  2.542e-02  1.000e-01 -3.186e-02 -1.375e-03 -4.436e-02 -5.291e-04  6.560e-04
 1.4010e-01 -5.190e-02  1.286e-02  2.593e-02  1.010e-01 -3.255e-02 -1.398e-03 -4.506e-02 -5.265e-04  6.620e-04
 1.4690e-01 -5.270e-02  1.317e-02  2.643e-02  1.020e-01 -3.323e-02 -1.420e-03 -4.575e-02 -5.236e-04  6.690e-04
 1.5400e-01 -5.350e-02  1.347e-02  2.692e-02  1.030e-01 -3.391e-02 -1.441e-03 -4.640e-02 -5.203e-04  6.750e-04
 1.6120e-01 -5.430e-02  1.378e-02  2.741e-02  1.039e-01 -3.459e-02 -1.462e-03 -4.703e-02 -5.167e-04  6.820e-04
 1.6870e-01 -5.510e-02  1.409e-02  2.789e-02  1.049e-01 -3.526e-02 -1.482e-03 -4.763e-02 -5.128e-04  6.890e-04
 1.7630e-01 -5.590e-02  1.440e-02  2.836e-02  1.058e-01 -3.592e-02 -1.502e-03 -4.821e-02 -5.085e-04  6.960e-04
 1.8420e-01 -5.670e-02  1.470e-02  2.883e-02  1.067e-01 -3.658e-02 -1.521e-03 -4.876e-02 -5.040e-04  7.040e-04
 1.9230e-01 -5.750e-02  1.501e-02  2.929e-02  1.075e-01 -3.723e-02 -1.540e-03 -4.928e-02 -4.993e-04  7.110e-04
 2.0070e-01 -5.820e-02  1.531e-02  2.974e-02  1.084e-01 -3.788e-02 -1.558e-03 -4.978e-02 -4.942e-04  7.190e-04
 2.0920e-01 -5.900e-02  1.562e-02  3.018e-02  1.092e-01 -3.852e-02 -1.576e-03 -5.025e-02 -4.890e-04  7.260e-04
 2.1800e-01 -5.980e-02  1.592e-02  3.062e-02  1.101e-01 -3.915e-02 -1.593e-03 -5.070e-02 -4.836e-04  7.340e-04
 2.2700e-01 -6.050e-02  1.623e-02  3.105e-02  1.109e-01 -3.978e-02 -1.610e-03 -5.112e-02 -4.780e-04  7.420e-04
 2.3630e-01 -6.130e-02  1.653e-02  3.148e-02  1.117e-01 -4.040e-02 -1.626e-03 -5.152e-02 -4.723e-04  7.500e-04
 2.4580e-01 -6.200e-02  1.683e-02  3.189e-02  1.124e-01 -4.101e-02 -1.641e-03 -5.190e-02 -4.664e-04  7.580e-04
 2.5550e-01 -6.280e-02  1.713e-02  3.231e-02  1.132e-01 -4.162e-02 -1.656e-03 -5.226e-02 -4.604e-04  7.670e-04
 2.6550e-01 -6.350e-02  1.743e-02  3.271e-02  1.139e-01 -4.222e-02 -1.670e-03 -5.259e-02 -4.543e-04  7.750e-04
 2.7580e-01 -6.420e-02  1.773e-02  3.311e-02  1.147e-01 -4.281e-02 -1.684e-03 -5.290e-02 -4.481e-04  7.830e-04
 2.8630e-01 -6.500e-02  1.802e-02  3.350e-02  1.154e-01 -4.339e-02 -1.698e-03 -5.320e-02 -4.419e-04  7.910e-04
 2.9700e-01 -6.570e-02  1.832e-02  3.388e-02  1.161e-01 -4.397e-02 -1.711e-03 -5.347e-02 -4.355e-04  8.000e-04
 3.0800e-01 -6.640e-02  1.861e-02  3.426e-02  1.168e-01 -4.454e-02 -1.723e-03 -5.372e-02 -4.290e-04  8.090e-04
 3.1930e-01 -6.710e-02  1.890e-02  3.463e-02  1.175e-01 -4.510e-02 -1.735e-03 -5.396e-02 -4.225e-04  8.180e-04
 3.3090e-01 -6.780e-02  1.919e-02  3.500e-02  1.181e-01 -4.566e-02 -1.748e-03 -5.417e-02 -4.159e-04  8.270e-04
 3.4270e-01 -6.860e-02  1.948e-02  3.536e-02  1.188e-01 -4.621e-02 -1.759e-03 -5.437e-02 -4.093e-04  8.360e-04
 3.5480e-01 -6.930e-02  1.977e-02  3.571e-02  1.194e-01 -4.675e-02 -1.771e-03 -5.455e-02 -4.026e-04  8.450e-04
 3.6720e-01 -7.000e-02  2.006e-02  3.606e-02  1.201e-01 -4.729e-02 -1.781e-03 -5.471e-02 -3.959e-04  8.540e-04
 3.7990e-01 -7.070e-02  2.034e-02  3.641e-02  1.207e-01 -4.782e-02 -1.792e-03 -5.486e-02 -3.892e-04  8.630e-04
 3.9290e-01 -7.130e-02  2.063e-02  3.674e-02  1.213e-01 -4.834e-02 -1.802e-03 -5.499e-02 -3.824e-04  8.720e-04
 4.0610e-01 -7.200e-02  2.091e-02  3.707e-02  1.219e-01 -4.886e-02 -1.812e-03 -5.511e-02 -3.757e-04  8.810e-04
 4.1970e-01 -7.270e-02  2.119e-02  3.740e-02  1.225e-01 -4.936e-02 -1.822e-03 -5.521e-02 -3.691e-04  8.910e-04
 4.3360e-01 -7.340e-02  2.147e-02  3.772e-02  1.230e-01 -4.986e-02 -1.832e-03 -5.530e-02 -3.625e-04  9.000e-04
 4.4770e-01 -7.410e-02  2.174e-02  3.804e-02  1.236e-01 -5.036e-02 -1.841e-03 -5.537e-02 -3.557e-04  9.100e-04
 4.6220e-01 -7.470e-02  2.202e-02  3.834e-02  1.242e-01 -5.084e-02 -1.850e-03 -5.542e-02 -3.489e-04  9.190e-04
 4.7700e-01 -7.540e-02  2.229e-02  3.865e-02  1.247e-01 -5.132e-02 -1.859e-03 -5.547e-02 -3.423e-04  9.290e-04
 4.9210e-01 -7.610e-02  2.256e-02  3.895e-02  1.252e-01 -5.180e-02 -1.867e-03 -5.550e-02 -3.356e-04  9.380e-04
 5.0740e-01 -7.670e-02  2.283e-02  3.924e-02  1.258e-01 -5.226e-02 -1.876e-03 -5.552e-02 -3.289e-04  9.480e-04
 5.2310e-01 -7.740e-02  2.310e-02  3.952e-02  1.263e-01 -5.272e-02 -1.884e-03 -5.553e-02 -3.224e-04  9.570e-04
 5.3910e-01 -7.800e-02  2.336e-02  3.981e-02  1.268e-01 -5.317e-02 -1.893e-03 -5.552e-02 -3.159e-04  9.670e-04
 5.5540e-01 -7.870e-02  2.363e-02  4.008e-02  1.273e-01 -5.361e-02 -1.900e-03 -5.551e-02 -3.095e-04  9.770e-04
 5.7200e-01 -7.930e-02  2.389e-02  4.035e-02  1.278e-01 -5.405e-02 -1.907e-03 -5.548e-02 -3.030e-04  9.860e-04
 5.8890e-01 -7.990e-02  2.414e-02  4.062e-02  1.282e-01 -5.448e-02 -1.914e-03 -5.544e-02 -2.965e-04  9.960e-04
 6.0610e-01 -8.060e-02  2.440e-02  4.088e-02  1.287e-01 -5.490e-02 -1.922e-03 -5.540e-02 -2.900e-04  1.005e-03
 6.2370e-01 -8.120e-02  2.465e-02  4.114e-02  1.292e-01 -5.532e-02 -1.929e-03 -5.534e-02 -2.839e-04  1.015e-03
 6.4160e-01 -8.180e-02  2.490e-02  4.139e-02  1.296e-01 -5.573e-02 -1.935e-03 -5.528e-02 -2.777e-04  1.025e-03
 6.5980e-01 -8.240e-02  2.515e-02  4.164e-02  1.301e-01 -5.613e-02 -1.942e-03 -5.520e-02 -2.715e-04  1.034e-03
 6.7830e-01 -8.300e-02  2.540e-02  4.188e-02  1.305e-01 -5.653e-02 -1.949e-03 -5.512e-02 -2.654e-04  1.043e-03
 6.9720e-01 -8.370e-02  2.565e-02  4.212e-02  1.309e-01 -5.692e-02 -1.955e-03 -5.503e-02 -2.592e-04  1.053e-03
 7.1640e-01 -8.430e-02  2.589e-02  4.235e-02  1.314e-01 -5.730e-02 -1.961e-03 -5.493e-02 -2.531e-04  1.062e-03
 7.3600e-01 -8.490e-02  2.613e-02  4.258e-02  1.318e-01 -5.768e-02 -1.967e-03 -5.482e-02 -2.472e-04  1.072e-03
 7.5590e-01 -8.550e-02  2.637e-02  4.280e-02  1.322e-01 -5.805e-02 -1.973e-03 -5.471e-02 -2.411e-04  1.081e-03
 7.7620e-01 -8.600e-02  2.661e-02  4.302e-02  1.326e-01 -5.842e-02 -1.979e-03 -5.458e-02 -2.352e-04  1.091e-03
 7.9680e-01 -8.660e-02  2.684e-02  4.324e-02  1.330e-01 -5.878e-02 -1.985e-03 -5.446e-02 -2.293e-04  1.100e-03
 8.1780e-01 -8.720e-02  2.707e-02  4.345e-02  1.333e-01 -5.913e-02 -1.990e-03 -5.432e-02 -2.236e-04  1.110e-03
 8.3910e-01 -8.780e-02  2.730e-02  4.366e-02  1.337e-01 -5.948e-02 -1.995e-03 -5.418e-02 -2.179e-04  1.119e-03
 8.6090e-01 -8.840e-02  2.753e-02  4.387e-02  1.341e-01 -5.982e-02 -2.000e-03 -5.403e-02 -2.123e-04  1.128e-03
 8.8300e-01 -8.890e-02  2.776e-02  4.407e-02  1.345e-01 -6.016e-02 -2.005e-03 -5.388e-02 -2.067e-04  1.138e-03
 9.0540e-01 -8.950e-02  2.798e-02  4.427e-02  1.348e-01 -6.050e-02 -2.010e-03 -5.372e-02 -2.011e-04  1.147e-03
 9.2830e-01 -9.010e-02  2.821e-02  4.446e-02  1.352e-01 -6.082e-02 -2.015e-03 -5.355e-02 -1.956e-04  1.156e-03
 9.5150e-01 -9.060e-02  2.843e-02  4.465e-02  1.355e-01 -6.115e-02 -2.020e-03 -5.338e-02 -1.903e-04  1.165e-03
 9.7510e-01 -9.120e-02  2.865e-02  4.484e-02  1.358e-01 -6.146e-02 -2.025e-03 -5.321e-02 -1.850e-04  1.174e-03
 9.9910e-01 -9.170e-02  2.886e-02  4.502e-02  1.362e-01 -6.177e-02 -2.029e-03 -5.303e-02 -1.799e-04  1.183e-03
 1.0240e+00 -9.230e-02  2.908e-02  4.520e-02  1.365e-01 -6.208e-02 -2.034e-03 -5.285e-02 -1.745e-04  1.192e-03
 1.0480e+00 -9.280e-02  2.929e-02  4.538e-02  1.368e-01 -6.238e-02 -2.039e-03 -5.266e-02 -1.695e-04  1.201e-03
 1.0740e+00 -9.340e-02  2.950e-02  4.555e-02  1.371e-01 -6.268e-02 -2.043e-03 -5.246e-02 -1.643e-04  1.210e-03
 1.0990e+00 -9.390e-02  2.971e-02  4.572e-02  1.374e-01 -6.298e-02 -2.047e-03 -5.227e-02 -1.593e-04  1.219e-03
 1.1250e+00 -9.450e-02  2.992e-02  4.589e-02  1.378e-01 -6.326e-02 -2.051e-03 -5.206e-02 -1.544e-04  1.228e-03
 1.1520e+00 -9.500e-02  3.013e-02  4.605e-02  1.381e-01 -6.355e-02 -2.056e-03 -5.186e-02 -1.494e-04  1.237e-03
 1.1790e+00 -9.550e-02  3.033e-02  4.621e-02  1.383e-01 -6.383e-02 -2.060e-03 -5.165e-02 -1.446e-04  1.245e-03
 1.2060e+00 -9.600e-02  3.053e-02  4.637e-02  1.386e-01 -6.410e-02 -2.064e-03 -5.144e-02 -1.398e-04  1.254e-03
 1.2340e+00 -9.660e-02  3.074e-02  4.653e-02  1.389e-01 -6.437e-02 -2.069e-03 -5.122e-02 -1.350e-04  1.263e-03
 1.2620e+00 -9.710e-02  3.093e-02  4.668e-02  1.392e-01 -6.464e-02 -2.073e-03 -5.100e-02 -1.303e-04  1.271e-03
 1.2900e+00 -9.760e-02  3.113e-02  4.683e-02  1.395e-01 -6.490e-02 -2.077e-03 -5.078e-02 -1.256e-04  1.280e-03
 1.3190e+00 -9.810e-02  3.133e-02  4.697e-02  1.397e-01 -6.516e-02 -2.080e-03 -5.056e-02 -1.209e-04  1.288e-03
 1.3490e+00 -9.860e-02  3.152e-02  4.712e-02  1.400e-01 -6.541e-02 -2.083e-03 -5.033e-02 -1.164e-04  1.297e-03
 1.3790e+00 -9.910e-02  3.171e-02  4.726e-02  1.403e-01 -6.566e-02 -2.087e-03 -5.010e-02 -1.118e-04  1.305e-03
 1.4090e+00 -9.960e-02  3.190e-02  4.740e-02  1.405e-01 -6.591e-02 -2.091e-03 -4.987e-02 -1.073e-04  1.314e-03
 1.4400e+00 -1.001e-01  3.209e-02  4.753e-02  1.408e-01 -6.615e-02 -2.094e-03 -4.963e-02 -1.029e-04  1.322e-03
 1.4710e+00 -1.006e-01  3.228e-02  4.767e-02  1.410e-01 -6.639e-02 -2.097e-03 -4.940e-02 -9.850e-05  1.330e-03
 1.5030e+00 -1.011e-01  3.246e-02  4.780e-02  1.412e-01 -6.662e-02 -2.101e-03 -4.916e-02 -9.430e-05  1.338e-03
 1.5350e+00 -1.016e-01  3.265e-02  4.793e-02  1.415e-01 -6.685e-02 -2.105e-03 -4.891e-02 -9.020e-05  1.346e-03
 1.5680e+00 -1.021e-01  3.283e-02  4.806e-02  1.417e-01 -6.708e-02 -2.109e-03 -4.867e-02 -8.600e-05  1.354e-03
 1.6010e+00 -1.026e-01  3.301e-02  4.818e-02  1.419e-01 -6.730e-02 -2.112e-03 -4.843e-02 -8.190e-05  1.362e-03
 1.6350e+00 -1.031e-01  3.319e-02  4.830e-02  1.421e-01 -6.752e-02 -2.115e-03 -4.818e-02 -7.770e-05  1.370e-03
 1.6690e+00 -1.036e-01  3.336e-02  4.842e-02  1.424e-01 -6.774e-02 -2.118e-03 -4.793e-02 -7.360e-05  1.378e-03
 1.7030e+00 -1.040e-01  3.354e-02  4.854e-02  1.426e-01 -6.795e-02 -2.121e-03 -4.768e-02 -6.950e-05  1.385e-03
 1.7380e+00 -1.045e-01  3.371e-02  4.865e-02  1.428e-01 -6.816e-02 -2.125e-03 -4.743e-02 -6.550e-05  1.393e-03
 1.7740e+00 -1.050e-01  3.388e-02  4.877e-02  1.430e-01 -6.837e-02 -2.128e-03 -4.718e-02 -6.170e-05  1.401e-03
 1.8100e+00 -1.054e-01  3.405e-02  4.888e-02  1.432e-01 -6.857e-02 -2.130e-03 -4.692e-02 -5.790e-05  1.408e-03
 1.8470e+00 -1.059e-01  3.422e-02  4.899e-02  1.434e-01 -6.877e-02 -2.133e-03 -4.667e-02 -5.410e-05  1.416e-03
 1.8840e+00 -1.064e-01  3.439e-02  4.909e-02  1.436e-01 -6.896e-02 -2.136e-03 -4.641e-02 -5.030e-05  1.424e-03
 1.9210e+00 -1.068e-01  3.455e-02  4.920e-02  1.438e-01 -6.915e-02 -2.138e-03 -4.615e-02 -4.670e-05  1.431e-03
 1.9590e+00 -1.073e-01  3.472e-02  4.930e-02  1.439e-01 -6.934e-02 -2.141e-03 -4.589e-02 -4.290e-05  1.438e-03
 1.9970e+00 -1.077e-01  3.488e-02  4.940e-02  1.441e-01 -6.953e-02 -2.144e-03 -4.563e-02 -3.920e-05  1.446e-03
 2.0360e+00 -1.082e-01  3.504e-02  4.950e-02  1.443e-01 -6.971e-02 -2.147e-03 -4.537e-02 -3.570e-05  1.453e-03
 2.0760e+00 -1.086e-01  3.520e-02  4.960e-02  1.445e-01 -6.989e-02 -2.150e-03 -4.511e-02 -3.220e-05  1.460e-03
 2.1160e+00 -1.091e-01  3.536e-02  4.969e-02  1.447e-01 -7.007e-02 -2.153e-03 -4.485e-02 -2.860e-05  1.468e-03
 2.1570e+00 -1.095e-01  3.551e-02  4.979e-02  1.448e-01 -7.025e-02 -2.155e-03 -4.459e-02 -2.510e-05  1.475e-03
 2.1980e+00 -1.100e-01  3.567e-02  4.988e-02  1.450e-01 -7.042e-02 -2.158e-03 -4.433e-02 -2.170e-05  1.482e-03
 2.2390e+00 -1.104e-01  3.582e-02  4.997e-02  1.451e-01 -7.059e-02 -2.161e-03 -4.406e-02 -1.840e-05  1.488e-03
 2.2810e+00 -1.108e-01  3.597e-02  5.006e-02  1.453e-01 -7.075e-02 -2.163e-03 -4.380e-02 -1.490e-05  1.496e-03
 2.3240e+00 -1.112e-01  3.612e-02  5.015e-02  1.455e-01 -7.091e-02 -2.166e-03 -4.353e-02 -1.160e-05  1.503e-03
 2.3670e+00 -1.117e-01  3.627e-02  5.023e-02  1.456e-01 -7.107e-02 -2.168e-03 -4.327e-02 -8.400e-06  1.509e-03
 2.4110e+00 -1.121e-01  3.642e-02  5.032e-02  1.457e-01 -7.123e-02 -2.170e-03 -4.300e-02 -5.100e-06  1.516e-03
 2.4550e+00 -1.125e-01  3.657e-02  5.040e-02  1.459e-01 -7.139e-02 -2.173e-03 -4.274e-02 -1.800e-06  1.523e-03
 2.5000e+00 -1.129e-01  3.671e-02  5.048e-02  1.460e-01 -7.154e-02 -2.175e-03 -4.247e-02  1.200e-06  1.529e-03
 2.5450e+00 -1.134e-01  3.686e-02  5.056e-02  1.462e-01 -7.169e-02 -2.178e-03 -4.220e-02  4.300e-06  1.536e-03
 2.5910e+00 -1.138e-01  3.700e-02  5.064e-02  1.463e-01 -7.184e-02 -2.180e-03 -4.194e-02  7.300e-06  1.543e-03
 2.6380e+00 -1.142e-01  3.714e-02  5.071e-02  1.464e-01 -7.199e-02 -2.182e-03 -4.167e-02  1.020e-05  1.549e-03
 2.6850e+00 -1.146e-01  3.728e-02  5.079e-02  1.466e-01 -7.213e-02 -2.185e-03 -4.140e-02  1.320e-05  1.556e-03
 2.7320e+00 -1.150e-01  3.742e-02  5.086e-02  1.467e-01 -7.227e-02 -2.187e-03 -4.114e-02  1.610e-05  1.563e-03
 2.7800e+00 -1.154e-01  3.755e-02  5.094e-02  1.468e-01 -7.241e-02 -2.189e-03 -4.087e-02  1.900e-05  1.569e-03
 2.8290e+00 -1.158e-01  3.769e-02  5.101e-02  1.469e-01 -7.255e-02 -2.192e-03 -4.060e-02  2.200e-05  1.576e-03
 2.8790e+00 -1.162e-01  3.783e-02  5.108e-02  1.471e-01 -7.268e-02 -2.194e-03 -4.034e-02  2.490e-05  1.582e-03
 2.9290e+00 -1.166e-01  3.796e-02  5.115e-02  1.472e-01 -7.281e-02 -2.196e-03 -4.007e-02  2.770e-05  1.588e-03
 2.9790e+00 -1.170e-01  3.809e-02  5.122e-02  1.473e-01 -7.294e-02 -2.198e-03 -3.980e-02  3.070e-05  1.594e-03
 3.0300e+00 -1.174e-01  3.822e-02  5.128e-02  1.474e-01 -7.307e-02 -2.201e-03 -3.954e-02  3.350e-05  1.600e-03
