#         t         u1         u2         u3        s11        s12        s13        s22        s23        s33
 0.0000e+00  0.000e+00  0.000e+00  0.000e+00  0.000e+00  0.000e+00  0.000e+00  0.000e+00  0.000e+00  0.000e+00
 1.8140e-04 -1.000e-04  3.000e-05  3.000e-05  1.000e-04 -9.000e-05  0.000e+00  0.000e+00  0.000e+00  2.000e-06
 4.2450e-04 -2.000e-04  7.000e-05  6.000e-05  2.000e-04 -2.100e-04  0.000e+00  0.000e+00  1.000e-07  4.000e-06
 7.4100e-04 -3.000e-04  1.100e-04  9.000e-05  4.000e-04 -3.600e-04  1.000e-06  1.000e-04  2.000e-07  7.000e-06
 1.1500e-03 -4.000e-04  1.600e-04  1.400e-04  5.000e-04 -5.300e-04  1.000e-06  1.000e-04  4.000e-07  1.000e-05
 1.6670e-03 -5.000e-04  2.300e-04  1.900e-04  7.000e-04 -7.300e-04  2.000e-06  2.000e-04  5.000e-07  1.400e-05
 2.3000e-03 -7.000e-04  3.000e-04  2.500e-04  9.000e-04 -9.500e-04  3.000e-06  3.000e-04  7.000e-07  1.900e-05
 3.0710e-03 -9.000e-04  3.800e-04  3.100e-04  1.200e-03 -1.200e-03  3.000e-06  3.000e-04  1.100e-06  2.400e-05
 4.0050e-03 -1.100e-03  4.600e-04  3.800e-04  1.400e-03 -1.470e-03  5.000e-06  4.000e-04  1.500e-06  2.900e-05
 5.1270e-03 -1.300e-03  5.600e-04  4.600e-04  1.700e-03 -1.760e-03  6.000e-06  5.000e-04  2.000e-06  3.500e-05
 6.4690e-03 -1.500e-03  6.600e-04  5.500e-04  2.000e-03 -2.070e-03  7.000e-06  6.000e-04  2.600e-06  4.100e-05
 8.0550e-03 -1.700e-03  7.700e-04  6.400e-04  2.300e-03 -2.410e-03  9.000e-06  7.000e-04  3.300e-06  4.800e-05
 9.9070e-03 -2.000e-03  8.900e-04  7.400e-04  2.600e-03 -2.750e-03  1.100e-05  8.000e-04  4.200e-06  5.500e-05
 1.2060e-02 -2.200e-03  1.010e-03  8.400e-04  3.000e-03 -3.110e-03  1.300e-05  9.000e-04  5.200e-06  6.300e-05
 1.4530e-02 -2.500e-03  1.140e-03  9.400e-04  3.300e-03 -3.490e-03  1.500e-05  1.100e-03  6.300e-06  7.100e-05
 1.7360e-02 -2.800e-03  1.270e-03  1.050e-03  3.600e-03 -3.860e-03  1.700e-05  1.200e-03  7.600e-06  7.900e-05
 2.0590e-02 -3.000e-03  1.400e-03  1.160e-03  4.000e-03 -4.250e-03  1.900e-05  1.300e-03  9.000e-06  8.700e-05
 2.4240e-02 -3.300e-03  1.540e-03  1.270e-03  4.400e-03 -4.640e-03  2.100e-05  1.500e-03  1.060e-05  9.600e-05
 2.8380e-02 -3.600e-03  1.670e-03  1.380e-03  4.700e-03 -5.030e-03  2.400e-05  1.600e-03  1.240e-05  1.040e-04
 3.3030e-02 -3.900e-03  1.810e-03  1.480e-03  5.100e-03 -5.430e-03  2.600e-05  1.800e-03  1.430e-05  1.130e-04
 3.8250e-02 -4.200e-03  1.950e-03  1.590e-03  5.500e-03 -5.820e-03  2.900e-05  1.900e-03  1.620e-05  1.220e-04
 4.4080e-02 -4.400e-03  2.090e-03  1.700e-03  5.800e-03 -6.210e-03  3.200e-05  2.100e-03  1.840e-05  1.320e-04
 5.0580e-02 -4.700e-03  2.230e-03  1.800e-03  6.200e-03 -6.600e-03  3.500e-05  2.300e-03  2.060e-05  1.410e-04
 5.7800e-02 -5.000e-03  2.370e-03  1.900e-03  6.600e-03 -6.990e-03  3.900e-05  2.400e-03  2.290e-05  1.500e-04
 6.5830e-02 -5.300e-03  2.510e-03  2.000e-03  7.000e-03 -7.370e-03  4.200e-05  2.600e-03  2.530e-05  1.600e-04
 7.4720e-02 -5.600e-03  2.640e-03  2.090e-03  7.400e-03 -7.750e-03  4.500e-05  2.800e-03  2.780e-05  1.700e-04
 8.4550e-02 -5.900e-03  2.780e-03  2.180e-03  7.800e-03 -8.120e-03  4.900e-05  3.100e-03  3.040e-05  1.800e-04
 9.5410e-02 -6.100e-03  2.920e-03  2.270e-03  8.100e-03 -8.480e-03  5.200e-05  3.300e-03  3.300e-05  1.900e-04
 1.0740e-01 -6.400e-03  3.050e-03  2.350e-03  8.500e-03 -8.840e-03  5.500e-05  3.500e-03  3.560e-05  2.000e-04
 1.2060e-01 -6.700e-03  3.180e-03  2.430e-03  8.900e-03 -9.200e-03  5.800e-05  3.800e-03  3.820e-05  2.100e-04
 1.3510e-01 -7.000e-03  3.310e-03  2.500e-03  9.300e-03 -9.540e-03  6.000e-05  4.000e-03  4.080e-05  2.210e-04
 1.5100e-01 -7.200e-03  3.440e-03  2.570e-03  9.700e-03 -9.880e-03  6.300e-05  4.300e-03  4.340e-05  2.310e-04
 1.6850e-01 -7.500e-03  3.570e-03  2.630e-03  1.010e-02 -1.022e-02  6.600e-05  4.600e-03  4.600e-05  2.410e-04
 1.8760e-01 -7.800e-03  3.690e-03  2.680e-03  1.050e-02 -1.054e-02  6.900e-05  4.800e-03  4.860e-05  2.520e-04
 2.0860e-01 -8.000e-03  3.820e-03  2.730e-03  1.090e-02 -1.086e-02  7.200e-05  5.100e-03  5.120e-05  2.630e-04
 2.3160e-01 -8.300e-03  3.940e-03  2.780e-03  1.130e-02 -1.117e-02  7.500e-05  5.500e-03  5.360e-05  2.730e-04
 2.5670e-01 -8.600e-03  4.060e-03  2.820e-03  1.170e-02 -1.147e-02  7.700e-05  5.800e-03  5.610e-05  2.840e-04
 2.8410e-01 -8.800e-03  4.170e-03  2.860e-03  1.210e-02 -1.177e-02  8.000e-05  6.100e-03  5.840e-05  2.950e-04
 3.1400e-01 -9.100e-03  4.290e-03  2.890e-03  1.250e-02 -1.206e-02  8.200e-05  6.400e-03  6.080e-05  3.050e-04
 3.4660e-01 -9.400e-03  4.400e-03  2.910e-03  1.290e-02 -1.234e-02  8.400e-05  6.800e-03  6.290e-05  3.160e-04
 3.8200e-01 -9.600e-03  4.510e-03  2.930e-03  1.330e-02 -1.261e-02  8.600e-05  7.100e-03  6.510e-05  3.270e-04
 4.2050e-01 -9.900e-03  4.620e-03  2.950e-03  1.370e-02 -1.288e-02  8.700e-05  7.500e-03  6.710e-05  3.370e-04
 4.6230e-01 -1.010e-02  4.720e-03  2.960e-03  1.400e-02 -1.313e-02  8.800e-05  7.800e-03  6.910e-05  3.480e-04
 5.0780e-01 -1.040e-02  4.820e-03  2.960e-03  1.440e-02 -1.338e-02  8.900e-05  8.200e-03  7.110e-05  3.580e-04
 5.5710e-01 -1.060e-02  4.920e-03  2.970e-03  1.480e-02 -1.363e-02  9.000e-05  8.600e-03  7.290e-05  3.690e-04
 6.1050e-01 -1.090e-02  5.020e-03  2.960e-03  1.520e-02 -1.386e-02  9.100e-05  9.000e-03  7.460e-05  3.790e-04
 6.6850e-01 -1.110e-02  5.120e-03  2.960e-03  1.560e-02 -1.409e-02  9.200e-05  9.300e-03  7.630e-05  3.890e-04
 7.3130e-01 -1.130e-02  5.210e-03  2.950e-03  1.590e-02 -1.431e-02  9.300e-05  9.700e-03  7.790e-05  3.990e-04
 7.9930e-01 -1.160e-02  5.300e-03  2.940e-03  1.630e-02 -1.453e-02  9.300e-05  1.010e-02  7.950e-05  4.090e-04
 8.7290e-01 -1.180e-02  5.390e-03  2.920e-03  1.670e-02 -1.474e-02  9.300e-05  1.050e-02  8.090e-05  4.190e-04
 9.5250e-01 -1.200e-02  5.480e-03  2.900e-03  1.700e-02 -1.494e-02  9.300e-05  1.090e-02  8.240e-05  4.290e-04
 1.0380e+00 -1.220e-02  5.560e-03  2.880e-03  1.740e-02 -1.513e-02  9.300e-05  1.130e-02  8.380e-05  4.380e-04
 1.1300e+00 -1.250e-02  5.640e-03  2.860e-03  1.770e-02 -1.532e-02  9.200e-05  1.160e-02  8.510e-05  4.480e-04
 1.2290e+00 -1.270e-02  5.720e-03  2.830e-03  1.800e-02 -1.551e-02  9.200e-05  1.200e-02  8.630e-05  4.570e-04
 1.3350e+00 -1.290e-02  5.800e-03  2.810e-03  1.840e-02 -1.568e-02  9.200e-05  1.240e-02  8.750e-05  4.660e-04
 1.4490e+00 -1.310e-02  5.870e-03  2.780e-03  1.870e-02 -1.585e-02  9.100e-05  1.280e-02  8.850e-05  4.740e-04
 1.5710e+00 -1.330e-02  5.940e-03  2.740e-03  1.900e-02 -1.602e-02  9.100e-05  1.310e-02  8.960e-05  4.830e-04
 1.7020e+00 -1.350e-02  6.010e-03  2.710e-03  1.930e-02 -1.618e-02  9.000e-05  1.350e-02  9.060e-05  4.910e-04
 1.8420e+00 -1.370e-02  6.080e-03  2.680e-03  1.960e-02 -1.633e-02  8.900e-05  1.390e-02  9.160e-05  5.000e-04
 1.9920e+00 -1.390e-02  6.140e-03  2.640e-03  1.990e-02 -1.648e-02  8.800e-05  1.420e-02  9.250e-05  5.080e-04
 2.1520e+00 -1.410e-02  6.210e-03  2.610e-03  2.020e-02 -1.662e-02  8.700e-05  1.460e-02  9.330e-05  5.160e-04
 2.3220e+00 -1.420e-02  6.270e-03  2.570e-03  2.050e-02 -1.676e-02  8.600e-05  1.490e-02  9.410e-05  5.240e-04
 2.5040e+00 -1.440e-02  6.330e-03  2.530e-03  2.070e-02 -1.689e-02  8.500e-05  1.530e-02  9.480e-05  5.310e-04
 2.6960e+00 -1.460e-02  6.380e-03  2.490e-03  2.100e-02 -1.702e-02  8.400e-05  1.560e-02  9.550e-05  5.380e-04
 2.9010e+00 -1.470e-02  6.440e-03  2.450e-03  2.130e-02 -1.714e-02  8.300e-05  1.590e-02  9.610e-05  5.450e-04
 3.1190e+00 -1.490e-02  6.490e-03  2.410e-03  2.150e-02 -1.726e-02  8.300e-05  1.630e-02  9.680e-05  5.520e-04
