#         t         u1         u2         u3        s11        s12        s13        s22        s23        s33
 0.0000e+00  0.000e+00  0.000e+00  0.000e+00  0.000e+00  0.000e+00  0.000e+00  0.000e+00  0.000e+00  0.000e+00
 3.6090e-04  0.000e+00 -3.000e-05  0.000e+00 -1.000e-05  3.000e-05 -1.000e-07  0.000e+00  0.000e+00 -1.000e-06
 7.2170e-04  1.000e-06 -6.000e-05  0.000e+00 -2.000e-05  6.000e-05 -1.000e-07 -1.000e-04  0.000e+00 -1.000e-06
 1.0820e-03  1.000e-06 -9.000e-05 -1.000e-05 -3.000e-05  9.000e-05 -1.000e-07 -1.000e-04  0.000e+00 -1.000e-06
 1.4430e-03  2.000e-06 -1.200e-04 -1.000e-05 -4.000e-05  1.200e-04 -2.000e-07 -1.000e-04  0.000e+00 -1.000e-06
 1.8040e-03  2.000e-06 -1.500e-04 -1.000e-05 -5.000e-05  1.400e-04 -2.000e-07 -2.000e-04  0.000e+00 -2.000e-06
 2.1640e-03  3.000e-06 -1.800e-04 -1.000e-05 -6.000e-05  1.700e-04 -2.000e-07 -2.000e-04  0.000e+00 -2.000e-06
 2.5250e-03  4.000e-06 -2.100e-04 -1.000e-05 -7.000e-05  2.000e-04 -2.000e-07 -2.000e-04  0.000e+00 -2.000e-06
 2.8850e-03  4.000e-06 -2.400e-04 -1.000e-05 -8.000e-05  2.300e-04 -3.000e-07 -3.000e-04  0.000e+00 -3.000e-06
 3.2460e-03  5.000e-06 -2.600e-04 -1.000e-05 -9.000e-05  2.500e-04 -3.000e-07 -3.000e-04  0.000e+00 -3.000e-06
 3.6060e-03  5.000e-06 -2.900e-04 -1.000e-05 -1.000e-04  2.800e-04 -3.000e-07 -4.000e-04  0.000e+00 -3.000e-06
 3.9660e-03  6.000e-06 -3.200e-04 -1.000e-05 -1.100e-04  3.000e-04 -3.000e-07 -4.000e-04  0.000e+00 -4.000e-06
 4.3270e-03  6.000e-06 -3.400e-04 -1.000e-05 -1.200e-04  3.300e-04 -4.000e-07 -4.000e-04  0.000e+00 -4.000e-06
 4.6870e-03  7.000e-06 -3.700e-04 -2.000e-05 -1.300e-04  3.600e-04 -4.000e-07 -5.000e-04  0.000e+00 -4.000e-06
 5.0470e-03  7.000e-06 -4.000e-04 -2.000e-05 -1.400e-04  3.800e-04 -4.000e-07 -5.000e-04  0.000e+00 -5.000e-06
 5.4070e-03  8.000e-06 -4.200e-04 -2.000e-05 -1.500e-04  4.100e-04 -4.000e-07 -5.000e-04  0.000e+00 -5.000e-06
 5.7670e-03  8.000e-06 -4.500e-04 -2.000e-05 -1.600e-04  4.300e-04 -5.000e-07 -5.000e-04  0.000e+00 -5.000e-06
 6.1270e-03  9.000e-06 -4.800e-04 -2.000e-05 -1.600e-04  4.600e-04 -5.000e-07 -6.000e-04  0.000e+00 -5.000e-06
 6.4880e-03  9.000e-06 -5.000e-04 -2.000e-05 -1.700e-04  4.800e-04 -5.000e-07 -6.000e-04  0.000e+00 -6.000e-06
 6.8480e-03  1.000e-05 -5.300e-04 -2.000e-05 -1.800e-04  5.000e-04 -5.000e-07 -6.000e-04  0.000e+00 -6.000e-06
 7.2080e-03  1.000e-05 -5.500e-04 -2.000e-05 -1.900e-04  5.300e-04 -6.000e-07 -7.000e-04  0.000e+00 -7.000e-06
 7.5680e-03  1.100e-05 -5.800e-04 -2.000e-05 -2.000e-04  5.500e-04 -6.000e-07 -7.000e-04  0.000e+00 -7.000e-06
 7.9280e-03  1.100e-05 -6.000e-04 -2.000e-05 -2.100e-04  5.700e-04 -6.000e-07 -7.000e-04  0.000e+00 -7.000e-06
 8.2880e-03  1.200e-05 -6.300e-04 -3.000e-05 -2.200e-04  6.000e-04 -6.000e-07 -8.000e-04 -1.000e-06 -8.000e-06
 8.6470e-03  1.200e-05 -6.500e-04 -3.000e-05 -2.200e-04  6.200e-04 -6.000e-07 -8.000e-04  0.000e+00 -8.000e-06
 9.0070e-03  1.300e-05 -6.700e-04 -3.000e-05 -2.300e-04  6.400e-04 -7.000e-07 -8.000e-04 -1.000e-06 -8.000e-06
 9.3670e-03  1.300e-05 -7.000e-04 -3.000e-05 -2.400e-04  6.700e-04 -7.000e-07 -9.000e-04 -1.000e-06 -9.000e-06
 9.7270e-03  1.400e-05 -7.200e-04 -3.000e-05 -2.500e-04  6.900e-04 -7.000e-07 -9.000e-04 -1.000e-06 -9.000e-06
 1.0090e-02  1.400e-05 -7.500e-04 -3.000e-05 -2.600e-04  7.100e-04 -7.000e-07 -9.000e-04 -1.000e-06 -9.000e-06
 1.0450e-02  1.500e-05 -7.700e-04 -3.000e-05 -2.700e-04  7.300e-04 -7.000e-07 -9.000e-04 -1.000e-06 -9.000e-06
 1.0810e-02  1.500e-05 -7.900e-04 -3.000e-05 -2.700e-04  7.600e-04 -8.000e-07 -1.000e-03 -1.000e-06 -9.000e-06
 1.1170e-02  1.600e-05 -8.200e-04 -3.000e-05 -2.800e-04  7.800e-04 -8.000e-07 -1.000e-03 -1.000e-06 -1.000e-05
 1.1530e-02  1.600e-05 -8.400e-04 -3.000e-05 -2.900e-04  8.000e-04 -8.000e-07 -1.000e-03 -1.000e-06 -1.000e-05
 1.1890e-02  1.700e-05 -8.600e-04 -3.000e-05 -3.000e-04  8.200e-04 -8.000e-07 -1.100e-03 -1.000e-06 -1.000e-05
 1.2250e-02  1.700e-05 -8.800e-04 -4.000e-05 -3.000e-04  8.400e-04 -9.000e-07 -1.100e-03 -2.000e-06 -1.100e-05
 1.2610e-02  1.800e-05 -9.100e-04 -4.000e-05 -3.100e-04  8.600e-04 -9.000e-07 -1.100e-03 -1.000e-06 -1.100e-05
 1.2970e-02  1.800e-05 -9.300e-04 -4.000e-05 -3.200e-04  8.800e-04 -9.000e-07 -1.100e-03 -2.000e-06 -1.100e-05
 1.3320e-02  1.800e-05 -9.500e-04 -4.000e-05 -3.300e-04  9.100e-04 -9.000e-07 -1.200e-03 -2.000e-06 -1.200e-05
 1.3680e-02  1.900e-05 -9.700e-04 -4.000e-05 -3.300e-04  9.300e-04 -9.000e-07 -1.200e-03 -2.000e-06 -1.200e-05
 1.4040e-02  1.900e-05 -9.900e-04 -4.000e-05 -3.400e-04  9.500e-04 -9.000e-07 -1.200e-03 -2.000e-06 -1.200e-05
 1.4400e-02  2.000e-05 -1.020e-03 -4.000e-05 -3.500e-04  9.700e-04 -9.000e-07 -1.200e-03 -2.000e-06 -1.200e-05
 1.4760e-02  2.000e-05 -1.040e-03 -4.000e-05 -3.600e-04  9.900e-04 -1.000e-06 -1.300e-03 -2.000e-06 -1.300e-05
 1.5120e-02  2.100e-05 -1.060e-03 -4.000e-05 -3.600e-04  1.010e-03 -1.000e-06 -1.300e-03 -2.000e-06 -1.300e-05
 1.5480e-02  2.100e-05 -1.080e-03 -4.000e-05 -3.700e-04  1.030e-03 -1.000e-06 -1.300e-03 -2.000e-06 -1.300e-05
 1.5840e-02  2.200e-05 -1.100e-03 -4.000e-05 -3.800e-04  1.050e-03 -1.000e-06 -1.400e-03 -2.000e-06 -1.400e-05
 1.6200e-02  2.200e-05 -1.120e-03 -4.000e-05 -3.900e-04  1.070e-03 -1.000e-06 -1.400e-03 -2.000e-06 -1.400e-05
 1.6560e-02  2.200e-05 -1.140e-03 -5.000e-05 -3.900e-04  1.090e-03 -1.100e-06 -1.400e-03 -2.000e-06 -1.400e-05
 1.6920e-02  2.300e-05 -1.160e-03 -5.000e-05 -4.000e-04  1.110e-03 -1.100e-06 -1.400e-03 -2.000e-06 -1.500e-05
 1.7280e-02  2.300e-05 -1.180e-03 -5.000e-05 -4.100e-04  1.130e-03 -1.100e-06 -1.500e-03 -3.000e-06 -1.500e-05
 1.7640e-02  2.400e-05 -1.200e-03 -5.000e-05 -4.100e-04  1.140e-03 -1.100e-06 -1.500e-03 -3.000e-06 -1.500e-05
 1.8000e-02  2.400e-05 -1.220e-03 -5.000e-05 -4.200e-04  1.160e-03 -1.100e-06 -1.500e-03 -2.000e-06 -1.500e-05
 1.8360e-02  2.400e-05 -1.240e-03 -5.000e-05 -4.300e-04  1.180e-03 -1.200e-06 -1.500e-03 -2.000e-06 -1.600e-05
 1.8720e-02  2.500e-05 -1.260e-03 -5.000e-05 -4.300e-04  1.200e-03 -1.200e-06 -1.600e-03 -2.000e-06 -1.600e-05
 1.9080e-02  2.500e-05 -1.280e-03 -5.000e-05 -4.400e-04  1.220e-03 -1.200e-06 -1.600e-03 -2.000e-06 -1.600e-05
 2.0170e-02  2.600e-05 -1.340e-03 -5.000e-05 -4.600e-04  1.280e-03 -1.300e-06 -1.600e-03 -2.000e-06 -1.700e-05
 2.1260e-02  2.800e-05 -1.400e-03 -6.000e-05 -4.800e-04  1.330e-03 -1.300e-06 -1.700e-03 -2.000e-06 -1.700e-05
 2.2360e-02  2.900e-05 -1.460e-03 -6.000e-05 -5.000e-04  1.380e-03 -1.400e-06 -1.800e-03 -2.000e-06 -1.800e-05
 2.3460e-02  3.000e-05 -1.510e-03 -6.000e-05 -5.200e-04  1.440e-03 -1.400e-06 -1.900e-03 -2.000e-06 -1.900e-05
 2.4560e-02  3.100e-05 -1.570e-03 -6.000e-05 -5.400e-04  1.490e-03 -1.500e-06 -1.900e-03 -2.000e-06 -2.000e-05
 2.5660e-02  3.200e-05 -1.620e-03 -7.000e-05 -5.500e-04  1.540e-03 -1.500e-06 -2.000e-03 -2.000e-06 -2.000e-05
 2.6760e-02  3.300e-05 -1.670e-03 -7.000e-05 -5.700e-04  1.590e-03 -1.600e-06 -2.100e-03 -2.000e-06 -2.100e-05
 2.7860e-02  3.400e-05 -1.720e-03 -7.000e-05 -5.900e-04  1.640e-03 -1.600e-06 -2.100e-03 -2.000e-06 -2.100e-05
 2.8970e-02  3.500e-05 -1.780e-03 -7.000e-05 -6.100e-04  1.680e-03 -1.700e-06 -2.200e-03 -2.000e-06 -2.200e-05
 3.0080e-02  3.600e-05 -1.830e-03 -7.000e-05 -6.200e-04  1.730e-03 -1.800e-06 -2.200e-03 -2.000e-06 -2.300e-05
 3.1190e-02  3.700e-05 -1.880e-03 -8.000e-05 -6.400e-04  1.780e-03 -1.800e-06 -2.300e-03 -2.000e-06 -2.300e-05
 3.2300e-02  3.800e-05 -1.920e-03 -8.000e-05 -6.600e-04  1.820e-03 -1.900e-06 -2.400e-03 -3.000e-06 -2.400e-05
 3.3410e-02  3.900e-05 -1.970e-03 -8.000e-05 -6.700e-04  1.870e-03 -1.900e-06 -2.400e-03 -3.000e-06 -2.400e-05
 3.4530e-02  4.000e-05 -2.020e-03 -8.000e-05 -6.900e-04  1.910e-03 -2.000e-06 -2.500e-03 -3.000e-06 -2.500e-05
 3.5650e-02  4.100e-05 -2.070e-03 -8.000e-05 -7.000e-04  1.960e-03 -2.000e-06 -2.500e-03 -3.000e-06 -2.500e-05
 3.6760e-02  4.200e-05 -2.110e-03 -9.000e-05 -7.200e-04  2.000e-03 -2.000e-06 -2.600e-03 -2.000e-06 -2.600e-05
 3.7880e-02  4.300e-05 -2.160e-03 -9.000e-05 -7.300e-04  2.040e-03 -2.100e-06 -2.600e-03 -2.000e-06 -2.600e-05
 3.9000e-02  4.400e-05 -2.200e-03 -9.000e-05 -7.500e-04  2.080e-03 -2.100e-06 -2.700e-03 -3.000e-06 -2.700e-05
 4.0130e-02  4.500e-05 -2.240e-03 -9.000e-05 -7.600e-04  2.120e-03 -2.200e-06 -2.800e-03 -3.000e-06 -2.700e-05
 4.1250e-02  4.500e-05 -2.290e-03 -9.000e-05 -7.800e-04  2.160e-03 -2.200e-06 -2.800e-03 -3.000e-06 -2.800e-05
 4.2380e-02  4.600e-05 -2.330e-03 -1.000e-04 -7.900e-04  2.200e-03 -2.300e-06 -2.900e-03 -3.000e-06 -2.800e-05
 4.3510e-02  4.700e-05 -2.370e-03 -1.000e-04 -8.000e-04  2.240e-03 -2.300e-06 -2.900e-03 -3.000e-06 -2.900e-05
 4.4640e-02  4.800e-05 -2.410e-03 -1.000e-04 -8.200e-04  2.280e-03 -2.300e-06 -3.000e-03 -3.000e-06 -2.900e-05
 4.5770e-02  4.900e-05 -2.450e-03 -1.000e-04 -8.300e-04  2.310e-03 -2.400e-06 -3.000e-03 -4.000e-06 -3.000e-05
 4.6900e-02  5.000e-05 -2.490e-03 -1.000e-04 -8.400e-04  2.350e-03 -2.400e-06 -3.100e-03 -3.000e-06 -3.000e-05
 4.8030e-02  5.000e-05 -2.530e-03 -1.100e-04 -8.600e-04  2.390e-03 -2.500e-06 -3.100e-03 -3.000e-06 -3.100e-05
 4.9170e-02  5.100e-05 -2.570e-03 -1.100e-04 -8.700e-04  2.420e-03 -2.500e-06 -3.100e-03 -3.000e-06 -3.100e-05
 5.0300e-02  5.200e-05 -2.600e-03 -1.100e-04 -8.800e-04  2.460e-03 -2.500e-06 -3.200e-03 -3.000e-06 -3.100e-05
 5.1440e-02  5.300e-05 -2.640e-03 -1.100e-04 -8.900e-04  2.490e-03 -2.600e-06 -3.200e-03 -3.000e-06 -3.200e-05
 5.2580e-02  5.300e-05 -2.680e-03 -1.100e-04 -9.100e-04  2.530e-03 -2.600e-06 -3.300e-03 -4.000e-06 -3.200e-05
 5.3720e-02  5.400e-05 -2.710e-03 -1.100e-04 -9.200e-04  2.560e-03 -2.700e-06 -3.300e-03 -4.000e-06 -3.300e-05
 5.4860e-02  5.500e-05 -2.750e-03 -1.200e-04 -9.300e-04  2.590e-03 -2.700e-06 -3.400e-03 -4.000e-06 -3.300e-05
 5.6010e-02  5.500e-05 -2.780e-03 -1.200e-04 -9.400e-04  2.630e-03 -2.800e-06 -3.400e-03 -4.000e-06 -3.400e-05
 5.7150e-02  5.600e-05 -2.820e-03 -1.200e-04 -9.500e-04  2.660e-03 -2.800e-06 -3.500e-03 -4.000e-06 -3.400e-05
 5.8300e-02  5.700e-05 -2.850e-03 -1.200e-04 -9.600e-04  2.690e-03 -2.800e-06 -3.500e-03 -4.000e-06 -3.500e-05
 5.9440e-02  5.700e-05 -2.890e-03 -1.200e-04 -9.800e-04  2.720e-03 -2.900e-06 -3.500e-03 -4.000e-06 -3.500e-05
 6.0590e-02  5.800e-05 -2.920e-03 -1.200e-04 -9.900e-04  2.750e-03 -2.900e-06 -3.600e-03 -4.000e-06 -3.600e-05
 6.1740e-02  5.900e-05 -2.950e-03 -1.200e-04 -1.000e-03  2.780e-03 -2.900e-06 -3.600e-03 -5.000e-06 -3.600e-05
 6.2900e-02  5.900e-05 -2.980e-03 -1.300e-04 -1.010e-03  2.810e-03 -2.900e-06 -3.700e-03 -5.000e-06 -3.600e-05
 6.4050e-02  6.000e-05 -3.020e-03 -1.300e-04 -1.020e-03  2.840e-03 -3.000e-06 -3.700e-03 -5.000e-06 -3.600e-05
 6.5200e-02  6.100e-05 -3.050e-03 -1.300e-04 -1.030e-03  2.870e-03 -3.000e-06 -3.700e-03 -5.000e-06 -3.700e-05
 6.6360e-02  6.100e-05 -3.080e-03 -1.300e-04 -1.040e-03  2.900e-03 -3.000e-06 -3.800e-03 -5.000e-06 -3.700e-05
 6.7510e-02  6.200e-05 -3.110e-03 -1.300e-04 -1.050e-03  2.930e-03 -3.000e-06 -3.800e-03 -6.000e-06 -3.700e-05
 6.8670e-02  6.200e-05 -3.140e-03 -1.300e-04 -1.060e-03  2.950e-03 -3.100e-06 -3.800e-03 -6.000e-06 -3.800e-05
 6.9830e-02  6.300e-05 -3.170e-03 -1.300e-04 -1.070e-03  2.980e-03 -3.100e-06 -3.900e-03 -6.000e-06 -3.800e-05
 7.0990e-02  6.300e-05 -3.200e-03 -1.400e-04 -1.080e-03  3.010e-03 -3.100e-06 -3.900e-03 -6.000e-06 -3.800e-05
 7.2150e-02  6.400e-05 -3.230e-03 -1.400e-04 -1.090e-03  3.030e-03 -3.100e-06 -4.000e-03 -6.000e-06 -3.900e-05
 7.3310e-02  6.500e-05 -3.260e-03 -1.400e-04 -1.100e-03  3.060e-03 -3.200e-06 -4.000e-03 -6.000e-06 -3.900e-05
 7.4480e-02  6.500e-05 -3.280e-03 -1.400e-04 -1.100e-03  3.090e-03 -3.200e-06 -4.000e-03 -6.000e-06 -3.900e-05
 7.5640e-02  6.600e-05 -3.310e-03 -1.400e-04 -1.110e-03  3.110e-03 -3.200e-06 -4.100e-03 -6.000e-06 -4.000e-05
 7.6810e-02  6.600e-05 -3.340e-03 -1.400e-04 -1.120e-03  3.140e-03 -3.200e-06 -4.100e-03 -6.000e-06 -4.000e-05
 7.7980e-02  6.700e-05 -3.370e-03 -1.400e-04 -1.130e-03  3.160e-03 -3.300e-06 -4.100e-03 -6.000e-06 -4.000e-05
 7.9140e-02  6.700e-05 -3.390e-03 -1.500e-04 -1.140e-03  3.180e-03 -3.300e-06 -4.200e-03 -6.000e-06 -4.000e-05
 8.0310e-02  6.800e-05 -3.420e-03 -1.500e-04 -1.150e-03  3.210e-03 -3.300e-06 -4.200e-03 -7.000e-06 -4.100e-05
 8.1490e-02  6.800e-05 -3.440e-03 -1.500e-04 -1.160e-03  3.230e-03 -3.300e-06 -4.200e-03 -6.000e-06 -4.100e-05
 8.2660e-02  6.900e-05 -3.470e-03 -1.500e-04 -1.160e-03  3.260e-03 -3.300e-06 -4.300e-03 -6.000e-06 -4.100e-05
 8.3830e-02  6.900e-05 -3.490e-03 -1.500e-04 -1.170e-03  3.280e-03 -3.400e-06 -4.300e-03 -7.000e-06 -4.200e-05
 8.5000e-02  7.000e-05 -3.520e-03 -1.500e-04 -1.180e-03  3.300e-03 -3.400e-06 -4.300e-03 -7.000e-06 -4.200e-05
 8.6180e-02  7.000e-05 -3.540e-03 -1.500e-04 -1.190e-03  3.320e-03 -3.400e-06 -4.300e-03 -7.000e-06 -4.200e-05
 8.7360e-02  7.100e-05 -3.570e-03 -1.500e-04 -1.200e-03  3.350e-03 -3.400e-06 -4.400e-03 -7.000e-06 -4.200e-05
 8.8530e-02  7.100e-05 -3.590e-03 -1.600e-04 -1.200e-03  3.370e-03 -3.400e-06 -4.400e-03 -7.000e-06 -4.300e-05
 8.9710e-02  7.100e-05 -3.620e-03 -1.600e-04 -1.210e-03  3.390e-03 -3.400e-06 -4.400e-03 -7.000e-06 -4.300e-05
 9.0890e-02  7.200e-05 -3.640e-03 -1.600e-04 -1.220e-03  3.410e-03 -3.500e-06 -4.500e-03 -7.000e-06 -4.300e-05
 9.2070e-02  7.200e-05 -3.660e-03 -1.600e-04 -1.230e-03  3.430e-03 -3.500e-06 -4.500e-03 -7.000e-06 -4.400e-05
 9.3250e-02  7.300e-05 -3.690e-03 -1.600e-04 -1.230e-03  3.450e-03 -3.500e-06 -4.500e-03 -8.000e-06 -4.400e-05
 9.4440e-02  7.300e-05 -3.710e-03 -1.600e-04 -1.240e-03  3.470e-03 -3.500e-06 -4.500e-03 -8.000e-06 -4.400e-05
 9.5620e-02  7.400e-05 -3.730e-03 -1.600e-04 -1.250e-03  3.490e-03 -3.500e-06 -4.600e-03 -8.000e-06 -4.500e-05
 9.6810e-02  7.400e-05 -3.750e-03 -1.600e-04 -1.260e-03  3.510e-03 -3.600e-06 -4.600e-03 -8.000e-06 -4.500e-05
 9.7990e-02  7.400e-05 -3.770e-03 -1.600e-04 -1.260e-03  3.530e-03 -3.600e-06 -4.600e-03 -8.000e-06 -4.500e-05
 9.9180e-02  7.500e-05 -3.800e-03 -1.700e-04 -1.270e-03  3.550e-03 -3.600e-06 -4.700e-03 -8.000e-06 -4.500e-05
 1.0040e-01  7.500e-05 -3.820e-03 -1.700e-04 -1.280e-03  3.570e-03 -3.600e-06 -4.700e-03 -8.000e-06 -4.500e-05
 1.0160e-01  7.600e-05 -3.840e-03 -1.700e-04 -1.280e-03  3.590e-03 -3.700e-06 -4.700e-03 -8.000e-06 -4.600e-05
 1.0270e-01  7.600e-05 -3.860e-03 -1.700e-04 -1.290e-03  3.610e-03 -3.700e-06 -4.700e-03 -8.000e-06 -4.600e-05
 1.0390e-01  7.600e-05 -3.880e-03 -1.700e-04 -1.300e-03  3.630e-03 -3.700e-06 -4.800e-03 -8.000e-06 -4.600e-05
 1.0510e-01  7.700e-05 -3.900e-03 -1.700e-04 -1.300e-03  3.650e-03 -3.700e-06 -4.800e-03 -8.000e-06 -4.600e-05
 1.0630e-01  7.700e-05 -3.920e-03 -1.700e-04 -1.310e-03  3.670e-03 -3.700e-06 -4.800e-03 -8.000e-06 -4.700e-05
 1.0750e-01  7.800e-05 -3.940e-03 -1.700e-04 -1.320e-03  3.680e-03 -3.700e-06 -4.800e-03 -8.000e-06 -4.700e-05
 1.0870e-01  7.800e-05 -3.960e-03 -1.700e-04 -1.320e-03  3.700e-03 -3.800e-06 -4.900e-03 -9.000e-06 -4.700e-05
 1.0990e-01  7.800e-05 -3.980e-03 -1.700e-04 -1.330e-03  3.720e-03 -3.800e-06 -4.900e-03 -9.000e-06 -4.700e-05
 1.1110e-01  7.900e-05 -4.000e-03 -1.800e-04 -1.330e-03  3.740e-03 -3.800e-06 -4.900e-03 -9.000e-06 -4.800e-05
 1.1230e-01  7.900e-05 -4.020e-03 -1.800e-04 -1.340e-03  3.750e-03 -3.800e-06 -4.900e-03 -9.000e-06 -4.800e-05
 1.1350e-01  7.900e-05 -4.040e-03 -1.800e-04 -1.350e-03  3.770e-03 -3.800e-06 -4.900e-03 -9.000e-06 -4.800e-05
 1.1470e-01  8.000e-05 -4.050e-03 -1.800e-04 -1.350e-03  3.790e-03 -3.900e-06 -5.000e-03 -9.000e-06 -4.800e-05
 1.1590e-01  8.000e-05 -4.070e-03 -1.800e-04 -1.360e-03  3.800e-03 -3.900e-06 -5.000e-03 -8.000e-06 -4.800e-05
 1.1710e-01  8.000e-05 -4.090e-03 -1.800e-04 -1.360e-03  3.820e-03 -3.900e-06 -5.000e-03 -9.000e-06 -4.800e-05
 1.1830e-01  8.100e-05 -4.110e-03 -1.800e-04 -1.370e-03  3.840e-03 -3.900e-06 -5.000e-03 -9.000e-06 -4.900e-05
 1.1950e-01  8.100e-05 -4.130e-03 -1.800e-04 -1.380e-03  3.850e-03 -4.000e-06 -5.100e-03 -9.000e-06 -4.900e-05
 1.2070e-01  8.100e-05 -4.140e-03 -1.800e-04 -1.380e-03  3.870e-03 -4.000e-06 -5.100e-03 -9.000e-06 -4.900e-05
 1.2190e-01  8.200e-05 -4.160e-03 -1.800e-04 -1.390e-03  3.880e-03 -4.000e-06 -5.100e-03 -9.000e-06 -4.900e-05
 1.2310e-01  8.200e-05 -4.180e-03 -1.800e-04 -1.390e-03  3.900e-03 -4.000e-06 -5.100e-03 -9.000e-06 -4.900e-05
 1.2430e-01  8.200e-05 -4.200e-03 -1.900e-04 -1.400e-03  3.920e-03 -4.000e-06 -5.100e-03 -9.000e-06 -5.000e-05
 1.2550e-01  8.300e-05 -4.210e-03 -1.900e-04 -1.400e-03  3.930e-03 -4.000e-06 -5.200e-03 -9.000e-06 -5.000e-05
 1.2680e-01  8.300e-05 -4.230e-03 -1.900e-04 -1.410e-03  3.950e-03 -4.100e-06 -5.200e-03 -9.000e-06 -5.000e-05
 1.2800e-01  8.300e-05 -4.250e-03 -1.900e-04 -1.410e-03  3.960e-03 -4.100e-06 -5.200e-03 -9.000e-06 -5.000e-05
 1.2920e-01  8.300e-05 -4.260e-03 -1.900e-04 -1.420e-03  3.980e-03 -4.100e-06 -5.200e-03 -9.000e-06 -5.100e-05
 1.3040e-01  8.400e-05 -4.280e-03 -1.900e-04 -1.420e-03  3.990e-03 -4.100e-06 -5.200e-03 -9.000e-06 -5.100e-05
 1.3160e-01  8.400e-05 -4.290e-03 -1.900e-04 -1.430e-03  4.000e-03 -4.100e-06 -5.300e-03 -9.000e-06 -5.100e-05
 1.3280e-01  8.400e-05 -4.310e-03 -1.900e-04 -1.430e-03  4.020e-03 -4.100e-06 -5.300e-03 -9.000e-06 -5.100e-05
 1.3400e-01  8.500e-05 -4.320e-03 -1.900e-04 -1.440e-03  4.030e-03 -4.100e-06 -5.300e-03 -9.000e-06 -5.100e-05
 1.3520e-01  8.500e-05 -4.340e-03 -1.900e-04 -1.440e-03  4.050e-03 -4.100e-06 -5.300e-03 -9.000e-06 -5.200e-05
 1.3640e-01  8.500e-05 -4.350e-03 -1.900e-04 -1.450e-03  4.060e-03 -4.100e-06 -5.300e-03 -9.000e-06 -5.200e-05
 1.3760e-01  8.500e-05 -4.370e-03 -1.900e-04 -1.450e-03  4.070e-03 -4.100e-06 -5.400e-03 -9.000e-06 -5.200e-05
 1.3880e-01  8.600e-05 -4.380e-03 -1.900e-04 -1.460e-03  4.090e-03 -4.200e-06 -5.400e-03 -9.000e-06 -5.200e-05
 1.4000e-01  8.600e-05 -4.400e-03 -2.000e-04 -1.460e-03  4.100e-03 -4.200e-06 -5.400e-03 -9.000e-06 -5.300e-05
 1.4120e-01  8.600e-05 -4.410e-03 -2.000e-04 -1.470e-03  4.110e-03 -4.200e-06 -5.400e-03 -9.000e-06 -5.300e-05
 1.4230e-01  8.600e-05 -4.430e-03 -2.000e-04 -1.470e-03  4.120e-03 -4.200e-06 -5.400e-03 -1.000e-05 -5.300e-05
 1.4350e-01  8.700e-05 -4.440e-03 -2.000e-04 -1.470e-03  4.140e-03 -4.200e-06 -5.400e-03 -1.000e-05 -5.300e-05
 1.4470e-01  8.700e-05 -4.450e-03 -2.000e-04 -1.480e-03  4.150e-03 -4.200e-06 -5.500e-03 -1.000e-05 -5.300e-05
 1.4590e-01  8.700e-05 -4.470e-03 -2.000e-04 -1.480e-03  4.160e-03 -4.200e-06 -5.500e-03 -1.000e-05 -5.300e-05
 1.4700e-01  8.700e-05 -4.480e-03 -2.000e-04 -1.490e-03  4.170e-03 -4.200e-06 -5.500e-03 -1.000e-05 -5.300e-05
 1.4820e-01  8.800e-05 -4.490e-03 -2.000e-04 -1.490e-03  4.180e-03 -4.200e-06 -5.500e-03 -1.000e-05 -5.400e-05
 1.4940e-01  8.800e-05 -4.510e-03 -2.000e-04 -1.490e-03  4.200e-03 -4.200e-06 -5.500e-03 -1.000e-05 -5.400e-05
 1.5060e-01  8.800e-05 -4.520e-03 -2.000e-04 -1.500e-03  4.210e-03 -4.300e-06 -5.500e-03 -1.000e-05 -5.400e-05
 1.5170e-01  8.800e-05 -4.530e-03 -2.000e-04 -1.500e-03  4.220e-03 -4.300e-06 -5.600e-03 -1.000e-05 -5.400e-05
 1.5290e-01  8.900e-05 -4.550e-03 -2.000e-04 -1.510e-03  4.230e-03 -4.300e-06 -5.600e-03 -1.000e-05 -5.400e-05
 1.5410e-01  8.900e-05 -4.560e-03 -2.000e-04 -1.510e-03  4.240e-03 -4.300e-06 -5.600e-03 -1.000e-05 -5.400e-05
 1.5520e-01  8.900e-05 -4.570e-03 -2.000e-04 -1.510e-03  4.250e-03 -4.400e-06 -5.600e-03 -1.000e-05 -5.400e-05
 1.5640e-01  8.900e-05 -4.580e-03 -2.000e-04 -1.520e-03  4.260e-03 -4.400e-06 -5.600e-03 -1.000e-05 -5.400e-05
 1.5750e-01  8.900e-05 -4.590e-03 -2.100e-04 -1.520e-03  4.270e-03 -4.400e-06 -5.600e-03 -1.000e-05 -5.500e-05
 1.5870e-01  9.000e-05 -4.610e-03 -2.100e-04 -1.530e-03  4.280e-03 -4.400e-06 -5.600e-03 -1.000e-05 -5.500e-05
 1.5980e-01  9.000e-05 -4.620e-03 -2.100e-04 -1.530e-03  4.300e-03 -4.400e-06 -5.700e-03 -1.000e-05 -5.500e-05
 1.6100e-01  9.000e-05 -4.630e-03 -2.100e-04 -1.530e-03  4.310e-03 -4.400e-06 -5.700e-03 -1.000e-05 -5.500e-05
 1.6210e-01  9.000e-05 -4.640e-03 -2.100e-04 -1.540e-03  4.320e-03 -4.500e-06 -5.700e-03 -1.000e-05 -5.500e-05
 1.6330e-01  9.000e-05 -4.650e-03 -2.100e-04 -1.540e-03  4.330e-03 -4.500e-06 -5.700e-03 -1.000e-05 -5.600e-05
 1.6440e-01  9.100e-05 -4.660e-03 -2.100e-04 -1.540e-03  4.340e-03 -4.400e-06 -5.700e-03 -1.000e-05 -5.600e-05
 1.6560e-01  9.100e-05 -4.670e-03 -2.100e-04 -1.550e-03  4.350e-03 -4.500e-06 -5.700e-03 -1.000e-05 -5.600e-05
 1.6670e-01  9.100e-05 -4.680e-03 -2.100e-04 -1.550e-03  4.360e-03 -4.500e-06 -5.700e-03 -1.000e-05 -5.600e-05
 1.6790e-01  9.100e-05 -4.700e-03 -2.100e-04 -1.550e-03  4.370e-03 -4.500e-06 -5.800e-03 -1.000e-05 -5.600e-05
 1.6900e-01  9.100e-05 -4.710e-03 -2.100e-04 -1.560e-03  4.370e-03 -4.500e-06 -5.800e-03 -1.000e-05 -5.600e-05
 1.7010e-01  9.200e-05 -4.720e-03 -2.100e-04 -1.560e-03  4.380e-03 -4.500e-06 -5.800e-03 -1.000e-05 -5.700e-05
 1.7130e-01  9.200e-05 -4.730e-03 -2.100e-04 -1.560e-03  4.390e-03 -4.500e-06 -5.800e-03 -1.000e-05 -5.700e-05
 1.7240e-01  9.200e-05 -4.740e-03 -2.100e-04 -1.570e-03  4.400e-03 -4.600e-06 -5.800e-03 -1.000e-05 -5.700e-05
 1.7350e-01  9.200e-05 -4.750e-03 -2.100e-04 -1.570e-03  4.410e-03 -4.600e-06 -5.800e-03 -1.000e-05 -5.700e-05
 1.7470e-01  9.200e-05 -4.760e-03 -2.100e-04 -1.570e-03  4.420e-03 -4.600e-06 -5.800e-03 -1.000e-05 -5.700e-05
 1.7580e-01  9.200e-05 -4.770e-03 -2.100e-04 -1.580e-03  4.430e-03 -4.600e-06 -5.800e-03 -1.100e-05 -5.700e-05
 1.7690e-01  9.300e-05 -4.780e-03 -2.100e-04 -1.580e-03  4.440e-03 -4.600e-06 -5.900e-03 -1.000e-05 -5.700e-05
 1.7800e-01  9.300e-05 -4.790e-03 -2.200e-04 -1.580e-03  4.450e-03 -4.600e-06 -5.900e-03 -1.100e-05 -5.800e-05
 1.7920e-01  9.300e-05 -4.800e-03 -2.200e-04 -1.580e-03  4.460e-03 -4.600e-06 -5.900e-03 -1.100e-05 -5.800e-05
 1.8030e-01  9.300e-05 -4.810e-03 -2.200e-04 -1.590e-03  4.460e-03 -4.600e-06 -5.900e-03 -1.100e-05 -5.800e-05
 1.8140e-01  9.300e-05 -4.820e-03 -2.200e-04 -1.590e-03  4.470e-03 -4.600e-06 -5.900e-03 -1.100e-05 -5.800e-05
 1.8250e-01  9.300e-05 -4.830e-03 -2.200e-04 -1.590e-03  4.480e-03 -4.600e-06 -5.900e-03 -1.100e-05 -5.800e-05
 1.8370e-01  9.400e-05 -4.830e-03 -2.200e-04 -1.600e-03  4.490e-03 -4.600e-06 -5.900e-03 -1.100e-05 -5.800e-05
 1.8480e-01  9.400e-05 -4.840e-03 -2.200e-04 -1.600e-03  4.500e-03 -4.600e-06 -5.900e-03 -1.100e-05 -5.800e-05
 1.8590e-01  9.400e-05 -4.850e-03 -2.200e-04 -1.600e-03  4.500e-03 -4.700e-06 -6.000e-03 -1.200e-05 -5.800e-05
 1.8700e-01  9.400e-05 -4.860e-03 -2.200e-04 -1.600e-03  4.510e-03 -4.700e-06 -6.000e-03 -1.200e-05 -5.800e-05
 1.8810e-01  9.400e-05 -4.870e-03 -2.200e-04 -1.610e-03  4.520e-03 -4.700e-06 -6.000e-03 -1.200e-05 -5.800e-05
 1.8920e-01  9.400e-05 -4.880e-03 -2.200e-04 -1.610e-03  4.530e-03 -4.700e-06 -6.000e-03 -1.200e-05 -5.800e-05
 1.9040e-01  9.500e-05 -4.890e-03 -2.200e-04 -1.610e-03  4.540e-03 -4.700e-06 -6.000e-03 -1.200e-05 -5.900e-05
 1.9150e-01  9.500e-05 -4.900e-03 -2.200e-04 -1.620e-03  4.540e-03 -4.700e-06 -6.000e-03 -1.200e-05 -5.900e-05
 1.9260e-01  9.500e-05 -4.910e-03 -2.200e-04 -1.620e-03  4.550e-03 -4.700e-06 -6.000e-03 -1.200e-05 -5.900e-05
 1.9370e-01  9.500e-05 -4.910e-03 -2.200e-04 -1.620e-03  4.560e-03 -4.800e-06 -6.000e-03 -1.200e-05 -5.900e-05
 1.9480e-01  9.500e-05 -4.920e-03 -2.200e-04 -1.620e-03  4.570e-03 -4.800e-06 -6.000e-03 -1.200e-05 -5.900e-05
 1.9590e-01  9.500e-05 -4.930e-03 -2.200e-04 -1.630e-03  4.570e-03 -4.800e-06 -6.100e-03 -1.200e-05 -5.900e-05
 1.9700e-01  9.500e-05 -4.940e-03 -2.200e-04 -1.630e-03  4.580e-03 -4.800e-06 -6.100e-03 -1.200e-05 -5.900e-05
 1.9810e-01  9.600e-05 -4.950e-03 -2.200e-04 -1.630e-03  4.590e-03 -4.800e-06 -6.100e-03 -1.200e-05 -5.900e-05
 1.9920e-01  9.600e-05 -4.950e-03 -2.200e-04 -1.630e-03  4.590e-03 -4.900e-06 -6.100e-03 -1.200e-05 -6.000e-05
 2.0030e-01  9.600e-05 -4.960e-03 -2.200e-04 -1.640e-03  4.600e-03 -4.900e-06 -6.100e-03 -1.200e-05 -5.900e-05
 2.0140e-01  9.600e-05 -4.970e-03 -2.200e-04 -1.640e-03  4.610e-03 -4.900e-06 -6.100e-03 -1.200e-05 -6.000e-05
 2.0250e-01  9.600e-05 -4.980e-03 -2.300e-04 -1.640e-03  4.620e-03 -4.900e-06 -6.100e-03 -1.200e-05 -6.000e-05
 2.0360e-01  9.600e-05 -4.990e-03 -2.300e-04 -1.640e-03  4.620e-03 -4.900e-06 -6.100e-03 -1.200e-05 -6.000e-05
 2.0470e-01  9.600e-05 -4.990e-03 -2.300e-04 -1.640e-03  4.630e-03 -4.900e-06 -6.100e-03 -1.200e-05 -6.000e-05
 2.0580e-01  9.600e-05 -5.000e-03 -2.300e-04 -1.650e-03  4.640e-03 -4.900e-06 -6.100e-03 -1.200e-05 -6.000e-05
 2.0690e-01  9.700e-05 -5.010e-03 -2.300e-04 -1.650e-03  4.640e-03 -4.900e-06 -6.100e-03 -1.200e-05 -6.000e-05
 2.0800e-01  9.700e-05 -5.020e-03 -2.300e-04 -1.650e-03  4.650e-03 -4.900e-06 -6.200e-03 -1.300e-05 -6.000e-05
 2.0910e-01  9.700e-05 -5.020e-03 -2.300e-04 -1.650e-03  4.660e-03 -4.900e-06 -6.200e-03 -1.200e-05 -6.000e-05
 2.1020e-01  9.700e-05 -5.030e-03 -2.300e-04 -1.660e-03  4.660e-03 -4.900e-06 -6.200e-03 -1.300e-05 -6.000e-05
 2.1130e-01  9.700e-05 -5.040e-03 -2.300e-04 -1.660e-03  4.670e-03 -5.000e-06 -6.200e-03 -1.300e-05 -6.000e-05
 2.1510e-01  9.700e-05 -5.060e-03 -2.300e-04 -1.670e-03  4.690e-03 -5.000e-06 -6.200e-03 -1.300e-05 -6.100e-05
 2.1890e-01  9.800e-05 -5.090e-03 -2.300e-04 -1.670e-03  4.710e-03 -5.000e-06 -6.200e-03 -1.300e-05 -6.100e-05
 2.2270e-01  9.800e-05 -5.110e-03 -2.300e-04 -1.680e-03  4.730e-03 -5.000e-06 -6.300e-03 -1.300e-05 -6.100e-05
 2.2650e-01  9.900e-05 -5.130e-03 -2.300e-04 -1.690e-03  4.750e-03 -5.100e-06 -6.300e-03 -1.300e-05 -6.100e-05
 2.3030e-01  9.900e-05 -5.160e-03 -2.300e-04 -1.690e-03  4.770e-03 -5.100e-06 -6.300e-03 -1.300e-05 -6.200e-05
 2.3420e-01  9.900e-05 -5.180e-03 -2.400e-04 -1.700e-03  4.790e-03 -5.100e-06 -6.400e-03 -1.300e-05 -6.200e-05
 2.3800e-01  1.000e-04 -5.200e-03 -2.400e-04 -1.710e-03  4.810e-03 -5.200e-06 -6.400e-03 -1.300e-05 -6.200e-05
 2.4180e-01  1.000e-04 -5.220e-03 -2.400e-04 -1.710e-03  4.830e-03 -5.200e-06 -6.400e-03 -1.300e-05 -6.200e-05
 2.4560e-01  1.000e-04 -5.240e-03 -2.400e-04 -1.720e-03  4.850e-03 -5.200e-06 -6.400e-03 -1.300e-05 -6.300e-05
 2.4950e-01  1.010e-04 -5.260e-03 -2.400e-04 -1.730e-03  4.870e-03 -5.200e-06 -6.500e-03 -1.300e-05 -6.300e-05
 2.5330e-01  1.010e-04 -5.280e-03 -2.400e-04 -1.730e-03  4.880e-03 -5.200e-06 -6.500e-03 -1.300e-05 -6.300e-05
 2.5710e-01  1.010e-04 -5.300e-03 -2.400e-04 -1.740e-03  4.900e-03 -5.300e-06 -6.500e-03 -1.300e-05 -6.300e-05
 2.6100e-01  1.020e-04 -5.320e-03 -2.400e-04 -1.740e-03  4.920e-03 -5.300e-06 -6.500e-03 -1.300e-05 -6.300e-05
 2.6480e-01  1.020e-04 -5.340e-03 -2.400e-04 -1.750e-03  4.930e-03 -5.300e-06 -6.600e-03 -1.300e-05 -6.400e-05
 2.6860e-01  1.020e-04 -5.360e-03 -2.500e-04 -1.750e-03  4.950e-03 -5.300e-06 -6.600e-03 -1.300e-05 -6.400e-05
 2.7250e-01  1.030e-04 -5.380e-03 -2.500e-04 -1.760e-03  4.960e-03 -5.400e-06 -6.600e-03 -1.300e-05 -6.400e-05
 2.7630e-01  1.030e-04 -5.390e-03 -2.500e-04 -1.760e-03  4.980e-03 -5.400e-06 -6.600e-03 -1.300e-05 -6.400e-05
 2.8020e-01  1.030e-04 -5.410e-03 -2.500e-04 -1.770e-03  4.990e-03 -5.400e-06 -6.600e-03 -1.300e-05 -6.400e-05
 2.8400e-01  1.030e-04 -5.430e-03 -2.500e-04 -1.770e-03  5.010e-03 -5.400e-06 -6.700e-03 -1.300e-05 -6.500e-05
 2.8790e-01  1.040e-04 -5.440e-03 -2.500e-04 -1.780e-03  5.020e-03 -5.400e-06 -6.700e-03 -1.400e-05 -6.500e-05
 2.9180e-01  1.040e-04 -5.460e-03 -2.500e-04 -1.780e-03  5.040e-03 -5.400e-06 -6.700e-03 -1.400e-05 -6.500e-05
 2.9560e-01  1.040e-04 -5.480e-03 -2.500e-04 -1.790e-03  5.050e-03 -5.500e-06 -6.700e-03 -1.400e-05 -6.500e-05
 2.9950e-01  1.040e-04 -5.490e-03 -2.500e-04 -1.790e-03  5.060e-03 -5.500e-06 -6.800e-03 -1.400e-05 -6.500e-05
 3.0330e-01  1.050e-04 -5.510e-03 -2.500e-04 -1.800e-03  5.080e-03 -5.500e-06 -6.800e-03 -1.400e-05 -6.500e-05
 3.0720e-01  1.050e-04 -5.520e-03 -2.500e-04 -1.800e-03  5.090e-03 -5.500e-06 -6.800e-03 -1.400e-05 -6.600e-05
 3.1110e-01  1.050e-04 -5.540e-03 -2.500e-04 -1.810e-03  5.100e-03 -5.500e-06 -6.800e-03 -1.400e-05 -6.600e-05
 3.1490e-01  1.050e-04 -5.550e-03 -2.600e-04 -1.810e-03  5.120e-03 -5.500e-06 -6.800e-03 -1.400e-05 -6.600e-05
 3.1880e-01  1.050e-04 -5.570e-03 -2.600e-04 -1.820e-03  5.130e-03 -5.600e-06 -6.800e-03 -1.400e-05 -6.600e-05
 3.2270e-01  1.060e-04 -5.580e-03 -2.600e-04 -1.820e-03  5.140e-03 -5.600e-06 -6.900e-03 -1.400e-05 -6.600e-05
 3.2660e-01  1.060e-04 -5.600e-03 -2.600e-04 -1.820e-03  5.150e-03 -5.600e-06 -6.900e-03 -1.400e-05 -6.600e-05
 3.3040e-01  1.060e-04 -5.610e-03 -2.600e-04 -1.830e-03  5.160e-03 -5.600e-06 -6.900e-03 -1.400e-05 -6.700e-05
 3.3430e-01  1.060e-04 -5.620e-03 -2.600e-04 -1.830e-03  5.180e-03 -5.600e-06 -6.900e-03 -1.400e-05 -6.700e-05
 3.3920e-01  1.070e-04 -5.640e-03 -2.600e-04 -1.840e-03  5.190e-03 -5.600e-06 -6.900e-03 -1.400e-05 -6.700e-05
 3.4420e-01  1.070e-04 -5.660e-03 -2.600e-04 -1.840e-03  5.200e-03 -5.700e-06 -7.000e-03 -1.400e-05 -6.700e-05
 3.4910e-01  1.070e-04 -5.670e-03 -2.600e-04 -1.850e-03  5.220e-03 -5.700e-06 -7.000e-03 -1.400e-05 -6.700e-05
 3.5410e-01  1.070e-04 -5.690e-03 -2.600e-04 -1.850e-03  5.230e-03 -5.700e-06 -7.000e-03 -1.400e-05 -6.700e-05
 3.5900e-01  1.080e-04 -5.700e-03 -2.600e-04 -1.860e-03  5.250e-03 -5.700e-06 -7.000e-03 -1.400e-05 -6.800e-05
 3.6400e-01  1.080e-04 -5.720e-03 -2.600e-04 -1.860e-03  5.260e-03 -5.700e-06 -7.000e-03 -1.400e-05 -6.800e-05
 3.6890e-01  1.080e-04 -5.730e-03 -2.600e-04 -1.870e-03  5.270e-03 -5.700e-06 -7.100e-03 -1.400e-05 -6.800e-05
 3.7390e-01  1.080e-04 -5.750e-03 -2.700e-04 -1.870e-03  5.290e-03 -5.800e-06 -7.100e-03 -1.400e-05 -6.800e-05
 3.7950e-01  1.090e-04 -5.770e-03 -2.700e-04 -1.870e-03  5.300e-03 -5.800e-06 -7.100e-03 -1.400e-05 -6.800e-05
 3.8510e-01  1.090e-04 -5.780e-03 -2.700e-04 -1.880e-03  5.310e-03 -5.800e-06 -7.100e-03 -1.500e-05 -6.900e-05
 3.9070e-01  1.090e-04 -5.800e-03 -2.700e-04 -1.880e-03  5.330e-03 -5.800e-06 -7.100e-03 -1.500e-05 -6.900e-05
 3.9630e-01  1.090e-04 -5.810e-03 -2.700e-04 -1.890e-03  5.340e-03 -5.800e-06 -7.200e-03 -1.500e-05 -6.900e-05
 4.0280e-01  1.090e-04 -5.830e-03 -2.700e-04 -1.890e-03  5.360e-03 -5.900e-06 -7.200e-03 -1.500e-05 -6.900e-05
 4.0940e-01  1.100e-04 -5.850e-03 -2.700e-04 -1.900e-03  5.370e-03 -5.900e-06 -7.200e-03 -1.500e-05 -6.900e-05
 4.1500e-01  1.100e-04 -5.860e-03 -2.700e-04 -1.900e-03  5.380e-03 -5.900e-06 -7.200e-03 -1.500e-05 -7.000e-05
 4.2000e-01  1.100e-04 -5.880e-03 -2.700e-04 -1.910e-03  5.390e-03 -5.900e-06 -7.200e-03 -1.500e-05 -7.000e-05
 4.2650e-01  1.100e-04 -5.890e-03 -2.700e-04 -1.910e-03  5.410e-03 -6.000e-06 -7.300e-03 -1.500e-05 -7.000e-05
 4.3370e-01  1.110e-04 -5.910e-03 -2.700e-04 -1.920e-03  5.420e-03 -6.000e-06 -7.300e-03 -1.500e-05 -7.000e-05
 4.4080e-01  1.110e-04 -5.930e-03 -2.700e-04 -1.920e-03  5.440e-03 -6.000e-06 -7.300e-03 -1.500e-05 -7.000e-05
 4.4740e-01  1.110e-04 -5.940e-03 -2.800e-04 -1.930e-03  5.450e-03 -6.000e-06 -7.300e-03 -1.500e-05 -7.100e-05
 4.5390e-01  1.110e-04 -5.960e-03 -2.800e-04 -1.930e-03  5.460e-03 -6.000e-06 -7.300e-03 -1.500e-05 -7.100e-05
 4.6110e-01  1.120e-04 -5.980e-03 -2.800e-04 -1.940e-03  5.480e-03 -6.000e-06 -7.400e-03 -1.500e-05 -7.100e-05
 4.6830e-01  1.120e-04 -5.990e-03 -2.800e-04 -1.940e-03  5.490e-03 -6.100e-06 -7.400e-03 -1.600e-05 -7.100e-05
 4.7540e-01  1.120e-04 -6.010e-03 -2.800e-04 -1.950e-03  5.510e-03 -6.100e-06 -7.400e-03 -1.600e-05 -7.200e-05
 4.8260e-01  1.120e-04 -6.020e-03 -2.800e-04 -1.950e-03  5.520e-03 -6.100e-06 -7.400e-03 -1.600e-05 -7.200e-05
 4.8970e-01  1.130e-04 -6.040e-03 -2.800e-04 -1.950e-03  5.530e-03 -6.100e-06 -7.400e-03 -1.600e-05 -7.200e-05
 4.9690e-01  1.130e-04 -6.050e-03 -2.800e-04 -1.960e-03  5.540e-03 -6.100e-06 -7.500e-03 -1.600e-05 -7.200e-05
 5.0400e-01  1.130e-04 -6.070e-03 -2.800e-04 -1.960e-03  5.560e-03 -6.200e-06 -7.500e-03 -1.600e-05 -7.200e-05
 5.1120e-01  1.130e-04 -6.080e-03 -2.800e-04 -1.970e-03  5.570e-03 -6.200e-06 -7.500e-03 -1.600e-05 -7.200e-05
 5.1840e-01  1.130e-04 -6.100e-03 -2.800e-04 -1.970e-03  5.580e-03 -6.200e-06 -7.500e-03 -1.600e-05 -7.200e-05
 5.2560e-01  1.140e-04 -6.110e-03 -2.800e-04 -1.980e-03  5.590e-03 -6.200e-06 -7.500e-03 -1.600e-05 -7.200e-05
 5.3280e-01  1.140e-04 -6.130e-03 -2.800e-04 -1.980e-03  5.600e-03 -6.200e-06 -7.500e-03 -1.600e-05 -7.200e-05
 5.4000e-01  1.140e-04 -6.140e-03 -2.900e-04 -1.980e-03  5.620e-03 -6.200e-06 -7.600e-03 -1.600e-05 -7.200e-05
 5.4710e-01  1.140e-04 -6.150e-03 -2.900e-04 -1.990e-03  5.630e-03 -6.300e-06 -7.600e-03 -1.600e-05 -7.200e-05
 5.5430e-01  1.150e-04 -6.160e-03 -2.900e-04 -1.990e-03  5.640e-03 -6.300e-06 -7.600e-03 -1.600e-05 -7.300e-05
 5.6140e-01  1.150e-04 -6.180e-03 -2.900e-04 -1.990e-03  5.650e-03 -6.300e-06 -7.600e-03 -1.600e-05 -7.300e-05
 5.6860e-01  1.150e-04 -6.190e-03 -2.900e-04 -2.000e-03  5.660e-03 -6.400e-06 -7.600e-03 -1.600e-05 -7.300e-05
 5.7580e-01  1.150e-04 -6.200e-03 -2.900e-04 -2.000e-03  5.670e-03 -6.300e-06 -7.600e-03 -1.600e-05 -7.300e-05
 5.8290e-01  1.150e-04 -6.220e-03 -2.900e-04 -2.010e-03  5.680e-03 -6.400e-06 -7.700e-03 -1.600e-05 -7.300e-05
 5.9010e-01  1.150e-04 -6.230e-03 -2.900e-04 -2.010e-03  5.690e-03 -6.400e-06 -7.700e-03 -1.600e-05 -7.400e-05
 5.9730e-01  1.160e-04 -6.240e-03 -2.900e-04 -2.010e-03  5.700e-03 -6.400e-06 -7.700e-03 -1.700e-05 -7.400e-05
 6.0450e-01  1.160e-04 -6.250e-03 -2.900e-04 -2.020e-03  5.710e-03 -6.400e-06 -7.700e-03 -1.700e-05 -7.400e-05
 6.1160e-01  1.160e-04 -6.260e-03 -2.900e-04 -2.020e-03  5.720e-03 -6.400e-06 -7.700e-03 -1.700e-05 -7.400e-05
 6.1880e-01  1.160e-04 -6.270e-03 -2.900e-04 -2.020e-03  5.730e-03 -6.400e-06 -7.700e-03 -1.700e-05 -7.400e-05
 6.2600e-01  1.160e-04 -6.280e-03 -2.900e-04 -2.030e-03  5.740e-03 -6.400e-06 -7.800e-03 -1.700e-05 -7.400e-05
 6.3310e-01  1.160e-04 -6.300e-03 -2.900e-04 -2.030e-03  5.750e-03 -6.400e-06 -7.800e-03 -1.700e-05 -7.400e-05
 6.4030e-01  1.170e-04 -6.310e-03 -2.900e-04 -2.030e-03  5.760e-03 -6.500e-06 -7.800e-03 -1.700e-05 -7.400e-05
 6.4740e-01  1.170e-04 -6.320e-03 -2.900e-04 -2.040e-03  5.770e-03 -6.500e-06 -7.800e-03 -1.700e-05 -7.400e-05
 6.5460e-01  1.170e-04 -6.330e-03 -2.900e-04 -2.040e-03  5.780e-03 -6.500e-06 -7.800e-03 -1.700e-05 -7.400e-05
 6.6180e-01  1.170e-04 -6.340e-03 -3.000e-04 -2.040e-03  5.780e-03 -6.500e-06 -7.800e-03 -1.700e-05 -7.500e-05
 6.6890e-01  1.170e-04 -6.350e-03 -3.000e-04 -2.040e-03  5.790e-03 -6.600e-06 -7.800e-03 -1.700e-05 -7.500e-05
 6.7610e-01  1.170e-04 -6.360e-03 -3.000e-04 -2.050e-03  5.800e-03 -6.600e-06 -7.800e-03 -1.700e-05 -7.500e-05
 6.8320e-01  1.180e-04 -6.370e-03 -3.000e-04 -2.050e-03  5.810e-03 -6.600e-06 -7.900e-03 -1.700e-05 -7.500e-05
 6.9040e-01  1.180e-04 -6.380e-03 -3.000e-04 -2.050e-03  5.820e-03 -6.600e-06 -7.900e-03 -1.700e-05 -7.500e-05
 6.9760e-01  1.180e-04 -6.390e-03 -3.000e-04 -2.060e-03  5.830e-03 -6.600e-06 -7.900e-03 -1.700e-05 -7.500e-05
 7.0470e-01  1.180e-04 -6.400e-03 -3.000e-04 -2.060e-03  5.840e-03 -6.600e-06 -7.900e-03 -1.700e-05 -7.500e-05
 7.1190e-01  1.180e-04 -6.410e-03 -3.000e-04 -2.060e-03  5.840e-03 -6.600e-06 -7.900e-03 -1.700e-05 -7.500e-05
 7.1910e-01  1.180e-04 -6.420e-03 -3.000e-04 -2.060e-03  5.850e-03 -6.600e-06 -7.900e-03 -1.700e-05 -7.500e-05
 7.2620e-01  1.190e-04 -6.430e-03 -3.000e-04 -2.070e-03  5.860e-03 -6.700e-06 -7.900e-03 -1.700e-05 -7.600e-05
 7.3340e-01  1.190e-04 -6.440e-03 -3.000e-04 -2.070e-03  5.870e-03 -6.700e-06 -7.900e-03 -1.700e-05 -7.600e-05
 7.4060e-01  1.190e-04 -6.450e-03 -3.000e-04 -2.070e-03  5.870e-03 -6.700e-06 -8.000e-03 -1.700e-05 -7.600e-05
 7.4770e-01  1.190e-04 -6.450e-03 -3.000e-04 -2.070e-03  5.880e-03 -6.700e-06 -8.000e-03 -1.700e-05 -7.600e-05
 7.5490e-01  1.190e-04 -6.460e-03 -3.000e-04 -2.080e-03  5.890e-03 -6.700e-06 -8.000e-03 -1.700e-05 -7.600e-05
 7.6210e-01  1.190e-04 -6.470e-03 -3.000e-04 -2.080e-03  5.900e-03 -6.700e-06 -8.000e-03 -1.700e-05 -7.600e-05
 7.6920e-01  1.190e-04 -6.480e-03 -3.000e-04 -2.080e-03  5.900e-03 -6.700e-06 -8.000e-03 -1.700e-05 -7.600e-05
 7.7640e-01  1.190e-04 -6.490e-03 -3.000e-04 -2.090e-03  5.910e-03 -6.700e-06 -8.000e-03 -1.700e-05 -7.700e-05
 7.8360e-01  1.200e-04 -6.500e-03 -3.000e-04 -2.090e-03  5.920e-03 -6.800e-06 -8.000e-03 -1.600e-05 -7.700e-05
 7.9070e-01  1.200e-04 -6.510e-03 -3.000e-04 -2.090e-03  5.930e-03 -6.800e-06 -8.000e-03 -1.600e-05 -7.700e-05
 7.9790e-01  1.200e-04 -6.520e-03 -3.000e-04 -2.090e-03  5.930e-03 -6.800e-06 -8.000e-03 -1.600e-05 -7.700e-05
 8.0460e-01  1.200e-04 -6.520e-03 -3.000e-04 -2.100e-03  5.940e-03 -6.800e-06 -8.100e-03 -1.600e-05 -7.700e-05
 8.1150e-01  1.200e-04 -6.530e-03 -3.000e-04 -2.100e-03  5.950e-03 -6.800e-06 -8.100e-03 -1.600e-05 -7.700e-05
 8.1820e-01  1.200e-04 -6.540e-03 -3.100e-04 -2.100e-03  5.950e-03 -6.800e-06 -8.100e-03 -1.600e-05 -7.700e-05
 8.2480e-01  1.200e-04 -6.550e-03 -3.100e-04 -2.100e-03  5.960e-03 -6.800e-06 -8.100e-03 -1.600e-05 -7.700e-05
 8.3150e-01  1.200e-04 -6.550e-03 -3.100e-04 -2.100e-03  5.970e-03 -6.800e-06 -8.100e-03 -1.600e-05 -7.800e-05
 8.3820e-01  1.210e-04 -6.560e-03 -3.100e-04 -2.110e-03  5.970e-03 -6.800e-06 -8.100e-03 -1.600e-05 -7.800e-05
 8.4480e-01  1.210e-04 -6.570e-03 -3.100e-04 -2.110e-03  5.980e-03 -6.900e-06 -8.100e-03 -1.600e-05 -7.800e-05
 8.5150e-01  1.210e-04 -6.570e-03 -3.100e-04 -2.110e-03  5.980e-03 -6.900e-06 -8.100e-03 -1.600e-05 -7.800e-05
 8.5820e-01  1.210e-04 -6.580e-03 -3.100e-04 -2.110e-03  5.990e-03 -6.900e-06 -8.100e-03 -1.700e-05 -7.800e-05
 8.6480e-01  1.210e-04 -6.590e-03 -3.100e-04 -2.110e-03  6.000e-03 -6.900e-06 -8.100e-03 -1.600e-05 -7.800e-05
 8.7150e-01  1.210e-04 -6.600e-03 -3.100e-04 -2.120e-03  6.000e-03 -6.900e-06 -8.100e-03 -1.600e-05 -7.800e-05
 8.7810e-01  1.210e-04 -6.600e-03 -3.100e-04 -2.120e-03  6.010e-03 -6.900e-06 -8.200e-03 -1.700e-05 -7.800e-05
 8.8480e-01  1.210e-04 -6.610e-03 -3.100e-04 -2.120e-03  6.010e-03 -6.900e-06 -8.200e-03 -1.700e-05 -7.900e-05
 8.9150e-01  1.210e-04 -6.620e-03 -3.100e-04 -2.120e-03  6.020e-03 -6.900e-06 -8.200e-03 -1.600e-05 -7.900e-05
 8.9810e-01  1.220e-04 -6.620e-03 -3.100e-04 -2.120e-03  6.020e-03 -6.900e-06 -8.200e-03 -1.700e-05 -7.900e-05
 9.0480e-01  1.220e-04 -6.630e-03 -3.100e-04 -2.130e-03  6.030e-03 -6.900e-06 -8.200e-03 -1.700e-05 -7.900e-05
 9.1150e-01  1.220e-04 -6.640e-03 -3.100e-04 -2.130e-03  6.040e-03 -6.900e-06 -8.200e-03 -1.600e-05 -7.900e-05
 9.1810e-01  1.220e-04 -6.640e-03 -3.100e-04 -2.130e-03  6.040e-03 -7.000e-06 -8.200e-03 -1.600e-05 -7.900e-05
 9.2480e-01  1.220e-04 -6.650e-03 -3.100e-04 -2.130e-03  6.050e-03 -7.000e-06 -8.200e-03 -1.700e-05 -7.900e-05
 9.3200e-01  1.220e-04 -6.660e-03 -3.100e-04 -2.130e-03  6.050e-03 -7.000e-06 -8.200e-03 -1.700e-05 -7.900e-05
 9.3870e-01  1.220e-04 -6.660e-03 -3.100e-04 -2.140e-03  6.060e-03 -7.000e-06 -8.200e-03 -1.700e-05 -7.900e-05
 9.4530e-01  1.220e-04 -6.670e-03 -3.100e-04 -2.140e-03  6.060e-03 -7.000e-06 -8.200e-03 -1.600e-05 -7.900e-05
 9.5200e-01  1.220e-04 -6.680e-03 -3.100e-04 -2.140e-03  6.070e-03 -7.000e-06 -8.300e-03 -1.600e-05 -7.900e-05
 9.5870e-01  1.220e-04 -6.680e-03 -3.100e-04 -2.140e-03  6.070e-03 -7.000e-06 -8.300e-03 -1.600e-05 -7.900e-05
 9.6530e-01  1.230e-04 -6.690e-03 -3.100e-04 -2.140e-03  6.080e-03 -7.000e-06 -8.300e-03 -1.700e-05 -7.900e-05
 9.7200e-01  1.230e-04 -6.690e-03 -3.100e-04 -2.150e-03  6.080e-03 -7.000e-06 -8.300e-03 -1.700e-05 -8.000e-05
 9.7870e-01  1.230e-04 -6.700e-03 -3.100e-04 -2.150e-03  6.090e-03 -7.000e-06 -8.300e-03 -1.700e-05 -8.000e-05
 9.8530e-01  1.230e-04 -6.710e-03 -3.100e-04 -2.150e-03  6.090e-03 -7.000e-06 -8.300e-03 -1.700e-05 -8.000e-05
 9.9200e-01  1.230e-04 -6.710e-03 -3.100e-04 -2.150e-03  6.100e-03 -7.000e-06 -8.300e-03 -1.700e-05 -8.000e-05
 9.9870e-01  1.230e-04 -6.720e-03 -3.100e-04 -2.150e-03  6.100e-03 -7.000e-06 -8.300e-03 -1.700e-05 -8.000e-05
 1.0050e+00  1.230e-04 -6.720e-03 -3.100e-04 -2.150e-03  6.110e-03 -7.000e-06 -8.300e-03 -1.700e-05 -8.000e-05
 1.0120e+00  1.230e-04 -6.730e-03 -3.100e-04 -2.160e-03  6.110e-03 -7.100e-06 -8.300e-03 -1.700e-05 -8.000e-05
 1.0190e+00  1.230e-04 -6.740e-03 -3.200e-04 -2.160e-03  6.120e-03 -7.000e-06 -8.300e-03 -1.700e-05 -8.000e-05
 1.0250e+00  1.230e-04 -6.740e-03 -3.200e-04 -2.160e-03  6.120e-03 -7.000e-06 -8.300e-03 -1.600e-05 -8.000e-05
 1.0320e+00  1.230e-04 -6.750e-03 -3.200e-04 -2.160e-03  6.130e-03 -7.000e-06 -8.300e-03 -1.600e-05 -8.000e-05
 1.0390e+00  1.240e-04 -6.750e-03 -3.200e-04 -2.160e-03  6.130e-03 -7.000e-06 -8.400e-03 -1.700e-05 -8.000e-05
 1.0450e+00  1.240e-04 -6.760e-03 -3.200e-04 -2.160e-03  6.140e-03 -7.000e-06 -8.400e-03 -1.700e-05 -8.000e-05
 1.0520e+00  1.240e-04 -6.760e-03 -3.200e-04 -2.170e-03  6.140e-03 -7.000e-06 -8.400e-03 -1.600e-05 -8.100e-05
 1.0590e+00  1.240e-04 -6.770e-03 -3.200e-04 -2.170e-03  6.150e-03 -7.000e-06 -8.400e-03 -1.600e-05 -8.100e-05
 1.0650e+00  1.240e-04 -6.780e-03 -3.200e-04 -2.170e-03  6.150e-03 -7.000e-06 -8.400e-03 -1.600e-05 -8.100e-05
 1.0720e+00  1.240e-04 -6.780e-03 -3.200e-04 -2.170e-03  6.160e-03 -7.000e-06 -8.400e-03 -1.600e-05 -8.100e-05
 1.0790e+00  1.240e-04 -6.790e-03 -3.200e-04 -2.170e-03  6.160e-03 -7.000e-06 -8.400e-03 -1.600e-05 -8.100e-05
 1.0860e+00  1.240e-04 -6.790e-03 -3.200e-04 -2.170e-03  6.170e-03 -7.100e-06 -8.400e-03 -1.600e-05 -8.100e-05
 1.0930e+00  1.240e-04 -6.800e-03 -3.200e-04 -2.170e-03  6.170e-03 -7.100e-06 -8.400e-03 -1.600e-05 -8.100e-05
 1.1000e+00  1.240e-04 -6.800e-03 -3.200e-04 -2.180e-03  6.180e-03 -7.100e-06 -8.400e-03 -1.700e-05 -8.100e-05
 1.1070e+00  1.240e-04 -6.810e-03 -3.200e-04 -2.180e-03  6.180e-03 -7.100e-06 -8.400e-03 -1.700e-05 -8.100e-05
 1.1140e+00  1.240e-04 -6.820e-03 -3.200e-04 -2.180e-03  6.190e-03 -7.100e-06 -8.400e-03 -1.700e-05 -8.100e-05
 1.1210e+00  1.250e-04 -6.820e-03 -3.200e-04 -2.180e-03  6.190e-03 -7.100e-06 -8.400e-03 -1.700e-05 -8.100e-05
 1.1280e+00  1.250e-04 -6.830e-03 -3.200e-04 -2.180e-03  6.200e-03 -7.100e-06 -8.400e-03 -1.700e-05 -8.100e-05
 1.1350e+00  1.250e-04 -6.830e-03 -3.200e-04 -2.180e-03  6.200e-03 -7.100e-06 -8.500e-03 -1.700e-05 -8.100e-05
 1.1420e+00  1.250e-04 -6.840e-03 -3.200e-04 -2.190e-03  6.200e-03 -7.100e-06 -8.500e-03 -1.700e-05 -8.100e-05
 1.1490e+00  1.250e-04 -6.840e-03 -3.200e-04 -2.190e-03  6.210e-03 -7.100e-06 -8.500e-03 -1.700e-05 -8.100e-05
 1.1560e+00  1.250e-04 -6.850e-03 -3.200e-04 -2.190e-03  6.210e-03 -7.100e-06 -8.500e-03 -1.700e-05 -8.100e-05
 1.1630e+00  1.250e-04 -6.850e-03 -3.200e-04 -2.190e-03  6.220e-03 -7.100e-06 -8.500e-03 -1.700e-05 -8.100e-05
 1.1700e+00  1.250e-04 -6.860e-03 -3.200e-04 -2.190e-03  6.220e-03 -7.100e-06 -8.500e-03 -1.700e-05 -8.100e-05
 1.1770e+00  1.250e-04 -6.860e-03 -3.200e-04 -2.190e-03  6.230e-03 -7.100e-06 -8.500e-03 -1.700e-05 -8.100e-05
 1.1840e+00  1.250e-04 -6.870e-03 -3.200e-04 -2.190e-03  6.230e-03 -7.100e-06 -8.500e-03 -1.700e-05 -8.100e-05
 1.1910e+00  1.250e-04 -6.870e-03 -3.200e-04 -2.200e-03  6.230e-03 -7.100e-06 -8.500e-03 -1.700e-05 -8.100e-05
 1.1980e+00  1.250e-04 -6.880e-03 -3.200e-04 -2.200e-03  6.240e-03 -7.100e-06 -8.500e-03 -1.600e-05 -8.200e-05
 1.2040e+00  1.250e-04 -6.880e-03 -3.200e-04 -2.200e-03  6.240e-03 -7.100e-06 -8.500e-03 -1.700e-05 -8.200e-05
 1.2110e+00  1.260e-04 -6.890e-03 -3.200e-04 -2.200e-03  6.250e-03 -7.100e-06 -8.500e-03 -1.600e-05 -8.200e-05
 1.2180e+00  1.260e-04 -6.890e-03 -3.200e-04 -2.200e-03  6.250e-03 -7.100e-06 -8.500e-03 -1.600e-05 -8.200e-05
 1.2240e+00  1.260e-04 -6.900e-03 -3.200e-04 -2.200e-03  6.250e-03 -7.100e-06 -8.500e-03 -1.700e-05 -8.100e-05
 1.2310e+00  1.260e-04 -6.900e-03 -3.200e-04 -2.200e-03  6.260e-03 -7.100e-06 -8.500e-03 -1.700e-05 -8.200e-05
 1.2380e+00  1.260e-04 -6.910e-03 -3.200e-04 -2.210e-03  6.260e-03 -7.100e-06 -8.500e-03 -1.700e-05 -8.200e-05
 1.2440e+00  1.260e-04 -6.910e-03 -3.200e-04 -2.210e-03  6.270e-03 -7.200e-06 -8.600e-03 -1.600e-05 -8.100e-05
 1.2510e+00  1.260e-04 -6.910e-03 -3.200e-04 -2.210e-03  6.270e-03 -7.200e-06 -8.600e-03 -1.700e-05 -8.200e-05
 1.2580e+00  1.260e-04 -6.920e-03 -3.200e-04 -2.210e-03  6.270e-03 -7.200e-06 -8.600e-03 -1.700e-05 -8.200e-05
 1.2640e+00  1.260e-04 -6.920e-03 -3.200e-04 -2.210e-03  6.280e-03 -7.200e-06 -8.600e-03 -1.700e-05 -8.200e-05
 1.2710e+00  1.260e-04 -6.930e-03 -3.200e-04 -2.210e-03  6.280e-03 -7.200e-06 -8.600e-03 -1.700e-05 -8.200e-05
 1.2780e+00  1.260e-04 -6.930e-03 -3.200e-04 -2.210e-03  6.290e-03 -7.200e-06 -8.600e-03 -1.700e-05 -8.200e-05
 1.2850e+00  1.260e-04 -6.940e-03 -3.200e-04 -2.210e-03  6.290e-03 -7.200e-06 -8.600e-03 -1.700e-05 -8.200e-05
 1.2910e+00  1.260e-04 -6.940e-03 -3.300e-04 -2.220e-03  6.290e-03 -7.200e-06 -8.600e-03 -1.700e-05 -8.200e-05
 1.2980e+00  1.260e-04 -6.950e-03 -3.300e-04 -2.220e-03  6.300e-03 -7.200e-06 -8.600e-03 -1.700e-05 -8.200e-05
 1.3050e+00  1.270e-04 -6.950e-03 -3.300e-04 -2.220e-03  6.300e-03 -7.200e-06 -8.600e-03 -1.700e-05 -8.200e-05
 1.3120e+00  1.270e-04 -6.960e-03 -3.300e-04 -2.220e-03  6.300e-03 -7.200e-06 -8.600e-03 -1.700e-05 -8.200e-05
 1.3190e+00  1.270e-04 -6.960e-03 -3.300e-04 -2.220e-03  6.310e-03 -7.200e-06 -8.600e-03 -1.700e-05 -8.200e-05
 1.3260e+00  1.270e-04 -6.960e-03 -3.300e-04 -2.220e-03  6.310e-03 -7.200e-06 -8.600e-03 -1.700e-05 -8.200e-05
 1.3330e+00  1.270e-04 -6.970e-03 -3.300e-04 -2.220e-03  6.310e-03 -7.200e-06 -8.600e-03 -1.700e-05 -8.300e-05
 1.3400e+00  1.270e-04 -6.970e-03 -3.300e-04 -2.220e-03  6.320e-03 -7.200e-06 -8.600e-03 -1.700e-05 -8.300e-05
 1.3470e+00  1.270e-04 -6.980e-03 -3.300e-04 -2.230e-03  6.320e-03 -7.200e-06 -8.600e-03 -1.700e-05 -8.300e-05
 1.3540e+00  1.270e-04 -6.980e-03 -3.300e-04 -2.230e-03  6.330e-03 -7.200e-06 -8.600e-03 -1.700e-05 -8.300e-05
 1.3610e+00  1.270e-04 -6.990e-03 -3.300e-04 -2.230e-03  6.330e-03 -7.300e-06 -8.600e-03 -1.700e-05 -8.300e-05
 1.3680e+00  1.270e-04 -6.990e-03 -3.300e-04 -2.230e-03  6.330e-03 -7.300e-06 -8.700e-03 -1.700e-05 -8.300e-05
 1.3750e+00  1.270e-04 -6.990e-03 -3.300e-04 -2.230e-03  6.340e-03 -7.300e-06 -8.700e-03 -1.700e-05 -8.300e-05
 1.3820e+00  1.270e-04 -7.000e-03 -3.300e-04 -2.230e-03  6.340e-03 -7.300e-06 -8.700e-03 -1.700e-05 -8.300e-05
 1.3890e+00  1.270e-04 -7.000e-03 -3.300e-04 -2.230e-03  6.340e-03 -7.300e-06 -8.700e-03 -1.700e-05 -8.300e-05
 1.3960e+00  1.270e-04 -7.010e-03 -3.300e-04 -2.230e-03  6.350e-03 -7.300e-06 -8.700e-03 -1.700e-05 -8.300e-05
 1.4030e+00  1.270e-04 -7.010e-03 -3.300e-04 -2.240e-03  6.350e-03 -7.300e-06 -8.700e-03 -1.700e-05 -8.300e-05
 1.4100e+00  1.280e-04 -7.020e-03 -3.300e-04 -2.240e-03  6.350e-03 -7.300e-06 -8.700e-03 -1.700e-05 -8.300e-05
 1.4170e+00  1.280e-04 -7.020e-03 -3.300e-04 -2.240e-03  6.360e-03 -7.300e-06 -8.700e-03 -1.700e-05 -8.300e-05
 1.4240e+00  1.280e-04 -7.020e-03 -3.300e-04 -2.240e-03  6.360e-03 -7.300e-06 -8.700e-03 -1.700e-05 -8.300e-05
 1.4310e+00  1.280e-04 -7.030e-03 -3.300e-04 -2.240e-03  6.360e-03 -7.300e-06 -8.700e-03 -1.700e-05 -8.300e-05
 1.4380e+00  1.280e-04 -7.030e-03 -3.300e-04 -2.240e-03  6.370e-03 -7.300e-06 -8.700e-03 -1.700e-05 -8.300e-05
 1.4450e+00  1.280e-04 -7.040e-03 -3.300e-04 -2.240e-03  6.370e-03 -7.300e-06 -8.700e-03 -1.700e-05 -8.300e-05
 1.4520e+00  1.280e-04 -7.040e-03 -3.300e-04 -2.240e-03  6.370e-03 -7.300e-06 -8.700e-03 -1.700e-05 -8.300e-05
 1.4590e+00  1.280e-04 -7.040e-03 -3.300e-04 -2.240e-03  6.380e-03 -7.300e-06 -8.700e-03 -1.700e-05 -8.300e-05
 1.4660e+00  1.280e-04 -7.050e-03 -3.300e-04 -2.250e-03  6.380e-03 -7.300e-06 -8.700e-03 -1.700e-05 -8.400e-05
 1.4730e+00  1.280e-04 -7.050e-03 -3.300e-04 -2.250e-03  6.380e-03 -7.300e-06 -8.700e-03 -1.700e-05 -8.400e-05
 1.4800e+00  1.280e-04 -7.060e-03 -3.300e-04 -2.250e-03  6.390e-03 -7.300e-06 -8.700e-03 -1.800e-05 -8.400e-05
 1.4870e+00  1.280e-04 -7.060e-03 -3.300e-04 -2.250e-03  6.390e-03 -7.300e-06 -8.700e-03 -1.800e-05 -8.400e-05
 1.4940e+00  1.280e-04 -7.060e-03 -3.300e-04 -2.250e-03  6.390e-03 -7.300e-06 -8.700e-03 -1.800e-05 -8.400e-05
 1.5010e+00  1.280e-04 -7.070e-03 -3.300e-04 -2.250e-03  6.400e-03 -7.300e-06 -8.800e-03 -1.800e-05 -8.400e-05
 1.5080e+00  1.280e-04 -7.070e-03 -3.300e-04 -2.250e-03  6.400e-03 -7.300e-06 -8.800e-03 -1.800e-05 -8.400e-05
 1.5150e+00  1.280e-04 -7.080e-03 -3.300e-04 -2.250e-03  6.400e-03 -7.300e-06 -8.800e-03 -1.800e-05 -8.400e-05
 1.5220e+00  1.280e-04 -7.080e-03 -3.300e-04 -2.250e-03  6.410e-03 -7.300e-06 -8.800e-03 -1.800e-05 -8.400e-05
 1.5290e+00  1.290e-04 -7.080e-03 -3.300e-04 -2.260e-03  6.410e-03 -7.300e-06 -8.800e-03 -1.800e-05 -8.400e-05
 1.5360e+00  1.290e-04 -7.090e-03 -3.300e-04 -2.260e-03  6.410e-03 -7.400e-06 -8.800e-03 -1.800e-05 -8.400e-05
 1.5430e+00  1.290e-04 -7.090e-03 -3.300e-04 -2.260e-03  6.420e-03 -7.400e-06 -8.800e-03 -1.700e-05 -8.400e-05
 1.5500e+00  1.290e-04 -7.090e-03 -3.300e-04 -2.260e-03  6.420e-03 -7.400e-06 -8.800e-03 -1.700e-05 -8.400e-05
 1.5570e+00  1.290e-04 -7.100e-03 -3.300e-04 -2.260e-03  6.420e-03 -7.400e-06 -8.800e-03 -1.700e-05 -8.400e-05
 1.5640e+00  1.290e-04 -7.100e-03 -3.300e-04 -2.260e-03  6.430e-03 -7.400e-06 -8.800e-03 -1.700e-05 -8.500e-05
 1.5710e+00  1.290e-04 -7.100e-03 -3.300e-04 -2.260e-03  6.430e-03 -7.400e-06 -8.800e-03 -1.700e-05 -8.500e-05
 1.5780e+00  1.290e-04 -7.110e-03 -3.300e-04 -2.260e-03  6.430e-03 -7.400e-06 -8.800e-03 -1.700e-05 -8.500e-05
 1.5850e+00  1.290e-04 -7.110e-03 -3.300e-04 -2.260e-03  6.430e-03 -7.400e-06 -8.800e-03 -1.700e-05 -8.500e-05
 1.5920e+00  1.290e-04 -7.120e-03 -3.300e-04 -2.270e-03  6.440e-03 -7.400e-06 -8.800e-03 -1.700e-05 -8.500e-05
 1.5990e+00  1.290e-04 -7.120e-03 -3.300e-04 -2.270e-03  6.440e-03 -7.400e-06 -8.800e-03 -1.700e-05 -8.500e-05
 1.6060e+00  1.290e-04 -7.120e-03 -3.300e-04 -2.270e-03  6.440e-03 -7.400e-06 -8.800e-03 -1.700e-05 -8.500e-05
 1.6130e+00  1.290e-04 -7.130e-03 -3.300e-04 -2.270e-03  6.450e-03 -7.400e-06 -8.800e-03 -1.700e-05 -8.500e-05
 1.6200e+00  1.290e-04 -7.130e-03 -3.300e-04 -2.270e-03  6.450e-03 -7.400e-06 -8.800e-03 -1.800e-05 -8.500e-05
 1.6270e+00  1.290e-04 -7.130e-03 -3.300e-04 -2.270e-03  6.450e-03 -7.400e-06 -8.800e-03 -1.800e-05 -8.500e-05
 1.6340e+00  1.290e-04 -7.140e-03 -3.300e-04 -2.270e-03  6.450e-03 -7.400e-06 -8.800e-03 -1.800e-05 -8.500e-05
 1.6410e+00  1.290e-04 -7.140e-03 -3.300e-04 -2.270e-03  6.460e-03 -7.400e-06 -8.800e-03 -1.800e-05 -8.500e-05
 1.6480e+00  1.290e-04 -7.140e-03 -3.400e-04 -2.270e-03  6.460e-03 -7.400e-06 -8.900e-03 -1.800e-05 -8.500e-05
 1.6550e+00  1.290e-04 -7.150e-03 -3.400e-04 -2.270e-03  6.460e-03 -7.400e-06 -8.900e-03 -1.800e-05 -8.500e-05
 1.6620e+00  1.300e-04 -7.150e-03 -3.400e-04 -2.280e-03  6.470e-03 -7.400e-06 -8.900e-03 -1.800e-05 -8.500e-05
 1.6690e+00  1.300e-04 -7.150e-03 -3.400e-04 -2.280e-03  6.470e-03 -7.400e-06 -8.900e-03 -1.800e-05 -8.600e-05
 1.6760e+00  1.300e-04 -7.160e-03 -3.400e-04 -2.280e-03  6.470e-03 -7.400e-06 -8.900e-03 -1.800e-05 -8.500e-05
 1.6830e+00  1.300e-04 -7.160e-03 -3.400e-04 -2.280e-03  6.480e-03 -7.400e-06 -8.900e-03 -1.800e-05 -8.500e-05
 1.6900e+00  1.300e-04 -7.160e-03 -3.400e-04 -2.280e-03  6.480e-03 -7.400e-06 -8.900e-03 -1.900e-05 -8.500e-05
 1.6970e+00  1.300e-04 -7.170e-03 -3.400e-04 -2.280e-03  6.480e-03 -7.400e-06 -8.900e-03 -1.900e-05 -8.500e-05
 1.7040e+00  1.300e-04 -7.170e-03 -3.400e-04 -2.280e-03  6.480e-03 -7.400e-06 -8.900e-03 -1.900e-05 -8.600e-05
 1.7110e+00  1.300e-04 -7.170e-03 -3.400e-04 -2.280e-03  6.490e-03 -7.400e-06 -8.900e-03 -1.900e-05 -8.500e-05
 1.7180e+00  1.300e-04 -7.180e-03 -3.400e-04 -2.280e-03  6.490e-03 -7.400e-06 -8.900e-03 -1.900e-05 -8.600e-05
 1.7250e+00  1.300e-04 -7.180e-03 -3.400e-04 -2.280e-03  6.490e-03 -7.400e-06 -8.900e-03 -1.900e-05 -8.600e-05
 1.7320e+00  1.300e-04 -7.180e-03 -3.400e-04 -2.280e-03  6.490e-03 -7.500e-06 -8.900e-03 -2.000e-05 -8.600e-05
 1.7390e+00  1.300e-04 -7.190e-03 -3.400e-04 -2.290e-03  6.500e-03 -7.500e-06 -8.900e-03 -2.000e-05 -8.600e-05
 1.7460e+00  1.300e-04 -7.190e-03 -3.400e-04 -2.290e-03  6.500e-03 -7.500e-06 -8.900e-03 -2.000e-05 -8.600e-05
 1.7530e+00  1.300e-04 -7.190e-03 -3.400e-04 -2.290e-03  6.500e-03 -7.500e-06 -8.900e-03 -1.900e-05 -8.600e-05
 1.7590e+00  1.300e-04 -7.200e-03 -3.400e-04 -2.290e-03  6.510e-03 -7.500e-06 -8.900e-03 -1.900e-05 -8.600e-05
 1.7660e+00  1.300e-04 -7.200e-03 -3.400e-04 -2.290e-03  6.510e-03 -7.500e-06 -8.900e-03 -1.900e-05 -8.600e-05
 1.7720e+00  1.300e-04 -7.200e-03 -3.400e-04 -2.290e-03  6.510e-03 -7.500e-06 -8.900e-03 -1.900e-05 -8.600e-05
 1.7790e+00  1.300e-04 -7.210e-03 -3.400e-04 -2.290e-03  6.510e-03 -7.400e-06 -8.900e-03 -1.900e-05 -8.600e-05
 1.7860e+00  1.300e-04 -7.210e-03 -3.400e-04 -2.290e-03  6.520e-03 -7.400e-06 -8.900e-03 -1.900e-05 -8.600e-05
 1.7930e+00  1.300e-04 -7.210e-03 -3.400e-04 -2.290e-03  6.520e-03 -7.400e-06 -8.900e-03 -1.900e-05 -8.600e-05
 1.8000e+00  1.300e-04 -7.210e-03 -3.400e-04 -2.290e-03  6.520e-03 -7.500e-06 -8.900e-03 -1.900e-05 -8.600e-05
 1.8070e+00  1.310e-04 -7.220e-03 -3.400e-04 -2.290e-03  6.520e-03 -7.500e-06 -8.900e-03 -1.900e-05 -8.600e-05
 1.8140e+00  1.310e-04 -7.220e-03 -3.400e-04 -2.290e-03  6.530e-03 -7.500e-06 -9.000e-03 -1.900e-05 -8.600e-05
 1.8210e+00  1.310e-04 -7.220e-03 -3.400e-04 -2.300e-03  6.530e-03 -7.500e-06 -9.000e-03 -1.900e-05 -8.700e-05
 1.8270e+00  1.310e-04 -7.230e-03 -3.400e-04 -2.300e-03  6.530e-03 -7.500e-06 -9.000e-03 -2.000e-05 -8.700e-05
 1.8340e+00  1.310e-04 -7.230e-03 -3.400e-04 -2.300e-03  6.530e-03 -7.500e-06 -9.000e-03 -2.000e-05 -8.700e-05
 1.8410e+00  1.310e-04 -7.230e-03 -3.400e-04 -2.300e-03  6.540e-03 -7.500e-06 -9.000e-03 -2.000e-05 -8.700e-05
 1.8480e+00  1.310e-04 -7.240e-03 -3.400e-04 -2.300e-03  6.540e-03 -7.500e-06 -9.000e-03 -2.000e-05 -8.700e-05
 1.8550e+00  1.310e-04 -7.240e-03 -3.400e-04 -2.300e-03  6.540e-03 -7.500e-06 -9.000e-03 -1.900e-05 -8.700e-05
 1.8620e+00  1.310e-04 -7.240e-03 -3.400e-04 -2.300e-03  6.540e-03 -7.500e-06 -9.000e-03 -1.900e-05 -8.700e-05
 1.8690e+00  1.310e-04 -7.240e-03 -3.400e-04 -2.300e-03  6.540e-03 -7.500e-06 -9.000e-03 -1.900e-05 -8.700e-05
 1.8750e+00  1.310e-04 -7.250e-03 -3.400e-04 -2.300e-03  6.550e-03 -7.500e-06 -9.000e-03 -1.900e-05 -8.700e-05
 1.8820e+00  1.310e-04 -7.250e-03 -3.400e-04 -2.300e-03  6.550e-03 -7.600e-06 -9.000e-03 -1.900e-05 -8.700e-05
 1.8880e+00  1.310e-04 -7.250e-03 -3.400e-04 -2.300e-03  6.550e-03 -7.500e-06 -9.000e-03 -1.900e-05 -8.700e-05
 1.8950e+00  1.310e-04 -7.260e-03 -3.400e-04 -2.300e-03  6.550e-03 -7.500e-06 -9.000e-03 -1.900e-05 -8.700e-05
 1.9020e+00  1.310e-04 -7.260e-03 -3.400e-04 -2.310e-03  6.560e-03 -7.500e-06 -9.000e-03 -1.900e-05 -8.700e-05
 1.9090e+00  1.310e-04 -7.260e-03 -3.400e-04 -2.310e-03  6.560e-03 -7.500e-06 -9.000e-03 -1.900e-05 -8.700e-05
 1.9160e+00  1.310e-04 -7.260e-03 -3.400e-04 -2.310e-03  6.560e-03 -7.500e-06 -9.000e-03 -1.900e-05 -8.700e-05
 1.9230e+00  1.310e-04 -7.270e-03 -3.400e-04 -2.310e-03  6.560e-03 -7.500e-06 -9.000e-03 -1.900e-05 -8.700e-05
 1.9290e+00  1.310e-04 -7.270e-03 -3.400e-04 -2.310e-03  6.570e-03 -7.500e-06 -9.000e-03 -1.900e-05 -8.700e-05
 1.9360e+00  1.310e-04 -7.270e-03 -3.400e-04 -2.310e-03  6.570e-03 -7.500e-06 -9.000e-03 -1.900e-05 -8.700e-05
 1.9430e+00  1.310e-04 -7.270e-03 -3.400e-04 -2.310e-03  6.570e-03 -7.600e-06 -9.000e-03 -1.900e-05 -8.700e-05
 1.9490e+00  1.310e-04 -7.280e-03 -3.400e-04 -2.310e-03  6.570e-03 -7.600e-06 -9.000e-03 -1.900e-05 -8.700e-05
 1.9560e+00  1.310e-04 -7.280e-03 -3.400e-04 -2.310e-03  6.570e-03 -7.600e-06 -9.000e-03 -1.900e-05 -8.700e-05
 1.9620e+00  1.310e-04 -7.280e-03 -3.400e-04 -2.310e-03  6.580e-03 -7.600e-06 -9.000e-03 -1.900e-05 -8.700e-05
 1.9690e+00  1.310e-04 -7.280e-03 -3.400e-04 -2.310e-03  6.580e-03 -7.600e-06 -9.000e-03 -2.000e-05 -8.700e-05
 1.9750e+00  1.310e-04 -7.290e-03 -3.400e-04 -2.310e-03  6.580e-03 -7.600e-06 -9.000e-03 -2.000e-05 -8.700e-05
 1.9810e+00  1.320e-04 -7.290e-03 -3.400e-04 -2.310e-03  6.580e-03 -7.600e-06 -9.000e-03 -2.000e-05 -8.700e-05
 1.9880e+00  1.320e-04 -7.290e-03 -3.400e-04 -2.310e-03  6.590e-03 -7.600e-06 -9.000e-03 -1.900e-05 -8.800e-05
 1.9950e+00  1.320e-04 -7.300e-03 -3.400e-04 -2.320e-03  6.590e-03 -7.600e-06 -9.000e-03 -2.000e-05 -8.800e-05
 2.0020e+00  1.320e-04 -7.300e-03 -3.400e-04 -2.320e-03  6.590e-03 -7.600e-06 -9.100e-03 -1.900e-05 -8.800e-05
 2.0080e+00  1.320e-04 -7.300e-03 -3.400e-04 -2.320e-03  6.590e-03 -7.600e-06 -9.100e-03 -1.900e-05 -8.800e-05
 2.0140e+00  1.320e-04 -7.300e-03 -3.400e-04 -2.320e-03  6.590e-03 -7.600e-06 -9.100e-03 -1.900e-05 -8.800e-05
 2.0210e+00  1.320e-04 -7.310e-03 -3.400e-04 -2.320e-03  6.600e-03 -7.600e-06 -9.100e-03 -1.900e-05 -8.800e-05
 2.0280e+00  1.320e-04 -7.310e-03 -3.400e-04 -2.320e-03  6.600e-03 -7.600e-06 -9.100e-03 -2.000e-05 -8.800e-05
 2.0340e+00  1.320e-04 -7.310e-03 -3.400e-04 -2.320e-03  6.600e-03 -7.600e-06 -9.100e-03 -2.000e-05 -8.800e-05
 2.0400e+00  1.320e-04 -7.310e-03 -3.400e-04 -2.320e-03  6.600e-03 -7.600e-06 -9.100e-03 -2.000e-05 -8.800e-05
 2.0470e+00  1.320e-04 -7.310e-03 -3.400e-04 -2.320e-03  6.600e-03 -7.600e-06 -9.100e-03 -1.900e-05 -8.800e-05
 2.0530e+00  1.320e-04 -7.320e-03 -3.400e-04 -2.320e-03  6.610e-03 -7.600e-06 -9.100e-03 -1.900e-05 -8.800e-05
 2.0590e+00  1.320e-04 -7.320e-03 -3.400e-04 -2.320e-03  6.610e-03 -7.600e-06 -9.100e-03 -1.900e-05 -8.800e-05
 2.0660e+00  1.320e-04 -7.320e-03 -3.400e-04 -2.320e-03  6.610e-03 -7.600e-06 -9.100e-03 -1.900e-05 -8.900e-05
 2.0720e+00  1.320e-04 -7.320e-03 -3.400e-04 -2.320e-03  6.610e-03 -7.600e-06 -9.100e-03 -1.900e-05 -8.900e-05
 2.0780e+00  1.320e-04 -7.330e-03 -3.400e-04 -2.320e-03  6.610e-03 -7.600e-06 -9.100e-03 -1.900e-05 -8.800e-05
 2.0850e+00  1.320e-04 -7.330e-03 -3.400e-04 -2.330e-03  6.620e-03 -7.600e-06 -9.100e-03 -1.900e-05 -8.800e-05
 2.0920e+00  1.320e-04 -7.330e-03 -3.400e-04 -2.330e-03  6.620e-03 -7.600e-06 -9.100e-03 -1.900e-05 -8.900e-05
 2.0980e+00  1.320e-04 -7.330e-03 -3.400e-04 -2.330e-03  6.620e-03 -7.600e-06 -9.100e-03 -2.000e-05 -8.800e-05
 2.1040e+00  1.320e-04 -7.340e-03 -3.400e-04 -2.330e-03  6.620e-03 -7.600e-06 -9.100e-03 -2.000e-05 -8.800e-05
 2.1110e+00  1.320e-04 -7.340e-03 -3.400e-04 -2.330e-03  6.620e-03 -7.600e-06 -9.100e-03 -2.000e-05 -8.900e-05
 2.1180e+00  1.320e-04 -7.340e-03 -3.400e-04 -2.330e-03  6.630e-03 -7.600e-06 -9.100e-03 -2.000e-05 -8.900e-05
 2.1240e+00  1.320e-04 -7.340e-03 -3.500e-04 -2.330e-03  6.630e-03 -7.600e-06 -9.100e-03 -2.000e-05 -8.800e-05
 2.1300e+00  1.320e-04 -7.350e-03 -3.500e-04 -2.330e-03  6.630e-03 -7.600e-06 -9.100e-03 -2.000e-05 -8.800e-05
 2.1370e+00  1.320e-04 -7.350e-03 -3.500e-04 -2.330e-03  6.630e-03 -7.600e-06 -9.100e-03 -2.000e-05 -8.900e-05
 2.1440e+00  1.320e-04 -7.350e-03 -3.500e-04 -2.330e-03  6.630e-03 -7.600e-06 -9.100e-03 -1.900e-05 -8.900e-05
 2.1500e+00  1.320e-04 -7.350e-03 -3.500e-04 -2.330e-03  6.630e-03 -7.600e-06 -9.100e-03 -1.900e-05 -8.900e-05
 2.1570e+00  1.320e-04 -7.350e-03 -3.500e-04 -2.330e-03  6.640e-03 -7.600e-06 -9.100e-03 -1.900e-05 -8.900e-05
 2.1640e+00  1.330e-04 -7.360e-03 -3.500e-04 -2.330e-03  6.640e-03 -7.600e-06 -9.100e-03 -1.900e-05 -8.900e-05
 2.1710e+00  1.330e-04 -7.360e-03 -3.500e-04 -2.330e-03  6.640e-03 -7.600e-06 -9.100e-03 -1.900e-05 -8.900e-05
 2.1780e+00  1.330e-04 -7.360e-03 -3.500e-04 -2.330e-03  6.640e-03 -7.600e-06 -9.100e-03 -1.900e-05 -8.900e-05
 2.1850e+00  1.330e-04 -7.360e-03 -3.500e-04 -2.340e-03  6.640e-03 -7.600e-06 -9.100e-03 -1.900e-05 -8.900e-05
 2.1920e+00  1.330e-04 -7.370e-03 -3.500e-04 -2.340e-03  6.650e-03 -7.600e-06 -9.100e-03 -1.900e-05 -8.900e-05
 2.1980e+00  1.330e-04 -7.370e-03 -3.500e-04 -2.340e-03  6.650e-03 -7.600e-06 -9.100e-03 -1.900e-05 -8.900e-05
 2.2050e+00  1.330e-04 -7.370e-03 -3.500e-04 -2.340e-03  6.650e-03 -7.600e-06 -9.100e-03 -1.900e-05 -8.900e-05
 2.2120e+00  1.330e-04 -7.370e-03 -3.500e-04 -2.340e-03  6.650e-03 -7.600e-06 -9.200e-03 -1.900e-05 -8.900e-05
 2.2190e+00  1.330e-04 -7.380e-03 -3.500e-04 -2.340e-03  6.650e-03 -7.600e-06 -9.200e-03 -1.900e-05 -8.900e-05
 2.2260e+00  1.330e-04 -7.380e-03 -3.500e-04 -2.340e-03  6.660e-03 -7.600e-06 -9.200e-03 -1.900e-05 -8.900e-05
 2.2330e+00  1.330e-04 -7.380e-03 -3.500e-04 -2.340e-03  6.660e-03 -7.700e-06 -9.200e-03 -1.900e-05 -8.900e-05
 2.2400e+00  1.330e-04 -7.380e-03 -3.500e-04 -2.340e-03  6.660e-03 -7.600e-06 -9.200e-03 -1.900e-05 -8.900e-05
 2.2460e+00  1.330e-04 -7.390e-03 -3.500e-04 -2.340e-03  6.660e-03 -7.600e-06 -9.200e-03 -1.900e-05 -8.900e-05
 2.2530e+00  1.330e-04 -7.390e-03 -3.500e-04 -2.340e-03  6.660e-03 -7.600e-06 -9.200e-03 -1.900e-05 -8.900e-05
 2.2590e+00  1.330e-04 -7.390e-03 -3.500e-04 -2.340e-03  6.670e-03 -7.600e-06 -9.200e-03 -1.900e-05 -8.900e-05
 2.2660e+00  1.330e-04 -7.390e-03 -3.500e-04 -2.340e-03  6.670e-03 -7.600e-06 -9.200e-03 -1.900e-05 -8.900e-05
 2.2720e+00  1.330e-04 -7.390e-03 -3.500e-04 -2.340e-03  6.670e-03 -7.600e-06 -9.200e-03 -1.900e-05 -8.900e-05
 2.2790e+00  1.330e-04 -7.400e-03 -3.500e-04 -2.340e-03  6.670e-03 -7.600e-06 -9.200e-03 -2.000e-05 -8.900e-05
 2.2860e+00  1.330e-04 -7.400e-03 -3.500e-04 -2.340e-03  6.670e-03 -7.600e-06 -9.200e-03 -2.000e-05 -8.900e-05
 2.2930e+00  1.330e-04 -7.400e-03 -3.500e-04 -2.340e-03  6.670e-03 -7.600e-06 -9.200e-03 -2.000e-05 -8.900e-05
 2.3000e+00  1.330e-04 -7.400e-03 -3.500e-04 -2.350e-03  6.680e-03 -7.600e-06 -9.200e-03 -2.000e-05 -8.900e-05
 2.3070e+00  1.330e-04 -7.410e-03 -3.500e-04 -2.350e-03  6.680e-03 -7.700e-06 -9.200e-03 -2.000e-05 -8.900e-05
 2.3140e+00  1.330e-04 -7.410e-03 -3.500e-04 -2.350e-03  6.680e-03 -7.700e-06 -9.200e-03 -2.000e-05 -8.900e-05
 2.3210e+00  1.330e-04 -7.410e-03 -3.500e-04 -2.350e-03  6.680e-03 -7.700e-06 -9.200e-03 -2.000e-05 -8.900e-05
 2.3280e+00  1.330e-04 -7.410e-03 -3.500e-04 -2.350e-03  6.680e-03 -7.700e-06 -9.200e-03 -2.000e-05 -8.900e-05
 2.3350e+00  1.330e-04 -7.410e-03 -3.500e-04 -2.350e-03  6.690e-03 -7.600e-06 -9.200e-03 -2.000e-05 -8.900e-05
 2.3420e+00  1.330e-04 -7.420e-03 -3.500e-04 -2.350e-03  6.690e-03 -7.600e-06 -9.200e-03 -2.000e-05 -8.900e-05
 2.3490e+00  1.330e-04 -7.420e-03 -3.500e-04 -2.350e-03  6.690e-03 -7.600e-06 -9.200e-03 -2.000e-05 -8.900e-05
 2.3560e+00  1.330e-04 -7.420e-03 -3.500e-04 -2.350e-03  6.690e-03 -7.600e-06 -9.200e-03 -2.000e-05 -8.900e-05
 2.3630e+00  1.330e-04 -7.420e-03 -3.500e-04 -2.350e-03  6.690e-03 -7.600e-06 -9.200e-03 -2.000e-05 -8.900e-05
 2.3700e+00  1.330e-04 -7.430e-03 -3.500e-04 -2.350e-03  6.690e-03 -7.700e-06 -9.200e-03 -2.000e-05 -8.900e-05
 2.3770e+00  1.330e-04 -7.430e-03 -3.500e-04 -2.350e-03  6.700e-03 -7.700e-06 -9.200e-03 -2.000e-05 -8.900e-05
 2.3830e+00  1.340e-04 -7.430e-03 -3.500e-04 -2.350e-03  6.700e-03 -7.700e-06 -9.200e-03 -2.000e-05 -8.900e-05
 2.3900e+00  1.340e-04 -7.430e-03 -3.500e-04 -2.350e-03  6.700e-03 -7.700e-06 -9.200e-03 -2.000e-05 -9.000e-05
 2.3970e+00  1.340e-04 -7.430e-03 -3.500e-04 -2.350e-03  6.700e-03 -7.700e-06 -9.200e-03 -2.000e-05 -9.000e-05
 2.4040e+00  1.340e-04 -7.440e-03 -3.500e-04 -2.350e-03  6.700e-03 -7.700e-06 -9.200e-03 -2.000e-05 -9.000e-05
 2.4110e+00  1.340e-04 -7.440e-03 -3.500e-04 -2.360e-03  6.710e-03 -7.700e-06 -9.200e-03 -2.000e-05 -8.900e-05
 2.4180e+00  1.340e-04 -7.440e-03 -3.500e-04 -2.360e-03  6.710e-03 -7.700e-06 -9.200e-03 -2.000e-05 -8.900e-05
 2.4250e+00  1.340e-04 -7.440e-03 -3.500e-04 -2.360e-03  6.710e-03 -7.700e-06 -9.200e-03 -2.000e-05 -8.900e-05
 2.4320e+00  1.340e-04 -7.440e-03 -3.500e-04 -2.360e-03  6.710e-03 -7.700e-06 -9.200e-03 -2.000e-05 -8.900e-05
 2.4390e+00  1.340e-04 -7.450e-03 -3.500e-04 -2.360e-03  6.710e-03 -7.700e-06 -9.200e-03 -2.000e-05 -8.900e-05
 2.4460e+00  1.340e-04 -7.450e-03 -3.500e-04 -2.360e-03  6.710e-03 -7.700e-06 -9.200e-03 -2.000e-05 -8.900e-05
 2.4530e+00  1.340e-04 -7.450e-03 -3.500e-04 -2.360e-03  6.720e-03 -7.700e-06 -9.200e-03 -2.000e-05 -8.900e-05
 2.4600e+00  1.340e-04 -7.450e-03 -3.500e-04 -2.360e-03  6.720e-03 -7.700e-06 -9.300e-03 -2.000e-05 -8.900e-05
 2.4670e+00  1.340e-04 -7.460e-03 -3.500e-04 -2.360e-03  6.720e-03 -7.700e-06 -9.300e-03 -2.000e-05 -9.000e-05
 2.4740e+00  1.340e-04 -7.460e-03 -3.500e-04 -2.360e-03  6.720e-03 -7.700e-06 -9.300e-03 -2.000e-05 -9.000e-05
 2.4810e+00  1.340e-04 -7.460e-03 -3.500e-04 -2.360e-03  6.720e-03 -7.700e-06 -9.300e-03 -2.000e-05 -9.000e-05
 2.4880e+00  1.340e-04 -7.460e-03 -3.500e-04 -2.360e-03  6.720e-03 -7.700e-06 -9.300e-03 -2.000e-05 -9.000e-05
 2.4950e+00  1.340e-04 -7.460e-03 -3.500e-04 -2.360e-03  6.730e-03 -7.700e-06 -9.300e-03 -2.000e-05 -8.900e-05
 2.5020e+00  1.340e-04 -7.470e-03 -3.500e-04 -2.360e-03  6.730e-03 -7.700e-06 -9.300e-03 -2.000e-05 -8.900e-05
 2.5090e+00  1.340e-04 -7.470e-03 -3.500e-04 -2.360e-03  6.730e-03 -7.700e-06 -9.300e-03 -2.000e-05 -8.900e-05
 2.5160e+00  1.340e-04 -7.470e-03 -3.500e-04 -2.360e-03  6.730e-03 -7.700e-06 -9.300e-03 -2.000e-05 -8.900e-05
 2.5230e+00  1.340e-04 -7.470e-03 -3.500e-04 -2.360e-03  6.730e-03 -7.800e-06 -9.300e-03 -2.000e-05 -8.900e-05
 2.5300e+00  1.340e-04 -7.470e-03 -3.500e-04 -2.360e-03  6.730e-03 -7.700e-06 -9.300e-03 -2.000e-05 -8.900e-05
 2.5370e+00  1.340e-04 -7.480e-03 -3.500e-04 -2.360e-03  6.740e-03 -7.800e-06 -9.300e-03 -2.000e-05 -8.900e-05
 2.5440e+00  1.340e-04 -7.480e-03 -3.500e-04 -2.370e-03  6.740e-03 -7.800e-06 -9.300e-03 -2.000e-05 -8.900e-05
 2.5510e+00  1.340e-04 -7.480e-03 -3.500e-04 -2.370e-03  6.740e-03 -7.800e-06 -9.300e-03 -2.000e-05 -8.900e-05
 2.5580e+00  1.340e-04 -7.480e-03 -3.500e-04 -2.370e-03  6.740e-03 -7.800e-06 -9.300e-03 -2.000e-05 -8.900e-05
 2.5650e+00  1.340e-04 -7.480e-03 -3.500e-04 -2.370e-03  6.740e-03 -7.800e-06 -9.300e-03 -2.000e-05 -8.900e-05
 2.5720e+00  1.340e-04 -7.490e-03 -3.500e-04 -2.370e-03  6.740e-03 -7.800e-06 -9.300e-03 -2.000e-05 -8.900e-05
 2.5790e+00  1.340e-04 -7.490e-03 -3.500e-04 -2.370e-03  6.750e-03 -7.800e-06 -9.300e-03 -2.000e-05 -8.900e-05
 2.5860e+00  1.340e-04 -7.490e-03 -3.500e-04 -2.370e-03  6.750e-03 -7.800e-06 -9.300e-03 -2.000e-05 -8.900e-05
 2.5930e+00  1.340e-04 -7.490e-03 -3.500e-04 -2.370e-03  6.750e-03 -7.800e-06 -9.300e-03 -2.000e-05 -8.900e-05
 2.6000e+00  1.340e-04 -7.490e-03 -3.500e-04 -2.370e-03  6.750e-03 -7.800e-06 -9.300e-03 -2.000e-05 -8.900e-05
 2.6070e+00  1.340e-04 -7.490e-03 -3.500e-04 -2.370e-03  6.750e-03 -7.800e-06 -9.300e-03 -2.000e-05 -8.900e-05
 2.6140e+00  1.340e-04 -7.500e-03 -3.500e-04 -2.370e-03  6.750e-03 -7.800e-06 -9.300e-03 -2.000e-05 -8.900e-05
 2.6210e+00  1.340e-04 -7.500e-03 -3.500e-04 -2.370e-03  6.760e-03 -7.800e-06 -9.300e-03 -2.000e-05 -8.900e-05
 2.6280e+00  1.340e-04 -7.500e-03 -3.500e-04 -2.370e-03  6.760e-03 -7.900e-06 -9.300e-03 -2.000e-05 -8.900e-05
 2.6350e+00  1.340e-04 -7.500e-03 -3.500e-04 -2.370e-03  6.760e-03 -7.900e-06 -9.300e-03 -2.000e-05 -8.900e-05
 2.6420e+00  1.350e-04 -7.500e-03 -3.500e-04 -2.370e-03  6.760e-03 -7.900e-06 -9.300e-03 -2.000e-05 -8.900e-05
 2.6490e+00  1.350e-04 -7.510e-03 -3.500e-04 -2.370e-03  6.760e-03 -7.900e-06 -9.300e-03 -2.000e-05 -8.900e-05
 2.6560e+00  1.350e-04 -7.510e-03 -3.500e-04 -2.370e-03  6.760e-03 -7.900e-06 -9.300e-03 -2.000e-05 -8.900e-05
 2.6630e+00  1.350e-04 -7.510e-03 -3.500e-04 -2.370e-03  6.760e-03 -7.900e-06 -9.300e-03 -2.000e-05 -8.900e-05
 2.6700e+00  1.350e-04 -7.510e-03 -3.500e-04 -2.370e-03  6.770e-03 -7.900e-06 -9.300e-03 -2.000e-05 -8.900e-05
 2.6770e+00  1.350e-04 -7.510e-03 -3.500e-04 -2.370e-03  6.770e-03 -7.900e-06 -9.300e-03 -2.000e-05 -8.900e-05
 2.6840e+00  1.350e-04 -7.520e-03 -3.500e-04 -2.380e-03  6.770e-03 -7.900e-06 -9.300e-03 -2.000e-05 -8.900e-05
 2.6910e+00  1.350e-04 -7.520e-03 -3.500e-04 -2.380e-03  6.770e-03 -7.800e-06 -9.300e-03 -2.000e-05 -8.900e-05
 2.6980e+00  1.350e-04 -7.520e-03 -3.500e-04 -2.380e-03  6.770e-03 -7.800e-06 -9.300e-03 -2.000e-05 -8.900e-05
 2.7050e+00  1.350e-04 -7.520e-03 -3.500e-04 -2.380e-03  6.770e-03 -7.800e-06 -9.300e-03 -2.000e-05 -8.900e-05
 2.7120e+00  1.350e-04 -7.520e-03 -3.500e-04 -2.380e-03  6.780e-03 -7.900e-06 -9.300e-03 -2.000e-05 -8.900e-05
 2.7190e+00  1.350e-04 -7.520e-03 -3.500e-04 -2.380e-03  6.780e-03 -7.900e-06 -9.300e-03 -2.000e-05 -8.900e-05
 2.7260e+00  1.350e-04 -7.530e-03 -3.500e-04 -2.380e-03  6.780e-03 -7.900e-06 -9.300e-03 -2.000e-05 -8.900e-05
 2.7330e+00  1.350e-04 -7.530e-03 -3.500e-04 -2.380e-03  6.780e-03 -7.900e-06 -9.300e-03 -2.000e-05 -8.900e-05
 2.7390e+00  1.350e-04 -7.530e-03 -3.500e-04 -2.380e-03  6.780e-03 -7.900e-06 -9.400e-03 -2.000e-05 -8.900e-05
 2.7460e+00  1.350e-04 -7.530e-03 -3.500e-04 -2.380e-03  6.780e-03 -7.900e-06 -9.400e-03 -2.000e-05 -8.900e-05
 2.7530e+00  1.350e-04 -7.530e-03 -3.500e-04 -2.380e-03  6.780e-03 -7.900e-06 -9.400e-03 -2.000e-05 -8.900e-05
 2.7600e+00  1.350e-04 -7.540e-03 -3.500e-04 -2.380e-03  6.790e-03 -7.900e-06 -9.400e-03 -2.000e-05 -8.900e-05
 2.7670e+00  1.350e-04 -7.540e-03 -3.500e-04 -2.380e-03  6.790e-03 -7.900e-06 -9.400e-03 -2.000e-05 -8.900e-05
 2.7740e+00  1.350e-04 -7.540e-03 -3.600e-04 -2.380e-03  6.790e-03 -7.900e-06 -9.400e-03 -2.000e-05 -8.900e-05
 2.7810e+00  1.350e-04 -7.540e-03 -3.600e-04 -2.380e-03  6.790e-03 -7.900e-06 -9.400e-03 -2.000e-05 -8.900e-05
 2.7880e+00  1.350e-04 -7.540e-03 -3.600e-04 -2.380e-03  6.790e-03 -7.900e-06 -9.400e-03 -2.000e-05 -8.900e-05
 2.7950e+00  1.350e-04 -7.540e-03 -3.600e-04 -2.380e-03  6.790e-03 -7.900e-06 -9.400e-03 -2.000e-05 -8.900e-05
 2.8020e+00  1.350e-04 -7.550e-03 -3.600e-04 -2.380e-03  6.790e-03 -7.900e-06 -9.400e-03 -2.000e-05 -8.900e-05
 2.8090e+00  1.350e-04 -7.550e-03 -3.600e-04 -2.380e-03  6.800e-03 -7.900e-06 -9.400e-03 -2.000e-05 -8.900e-05
 2.8160e+00  1.350e-04 -7.550e-03 -3.600e-04 -2.380e-03  6.800e-03 -7.900e-06 -9.400e-03 -2.000e-05 -9.000e-05
 2.8230e+00  1.350e-04 -7.550e-03 -3.600e-04 -2.380e-03  6.800e-03 -7.900e-06 -9.400e-03 -2.000e-05 -9.000e-05
 2.8300e+00  1.350e-04 -7.550e-03 -3.600e-04 -2.390e-03  6.800e-03 -7.900e-06 -9.400e-03 -2.000e-05 -9.000e-05
 2.8370e+00  1.350e-04 -7.550e-03 -3.600e-04 -2.390e-03  6.800e-03 -7.900e-06 -9.400e-03 -2.000e-05 -9.000e-05
 2.8440e+00  1.350e-04 -7.560e-03 -3.600e-04 -2.390e-03  6.800e-03 -7.900e-06 -9.400e-03 -2.000e-05 -9.000e-05
 2.8510e+00  1.350e-04 -7.560e-03 -3.600e-04 -2.390e-03  6.800e-03 -7.900e-06 -9.400e-03 -2.000e-05 -9.000e-05
 2.8580e+00  1.350e-04 -7.560e-03 -3.600e-04 -2.390e-03  6.810e-03 -7.900e-06 -9.400e-03 -2.000e-05 -9.000e-05
 2.8650e+00  1.350e-04 -7.560e-03 -3.600e-04 -2.390e-03  6.810e-03 -7.900e-06 -9.400e-03 -2.000e-05 -9.000e-05
 2.8720e+00  1.350e-04 -7.560e-03 -3.600e-04 -2.390e-03  6.810e-03 -7.900e-06 -9.400e-03 -2.000e-05 -9.000e-05
 2.8790e+00  1.350e-04 -7.570e-03 -3.600e-04 -2.390e-03  6.810e-03 -7.900e-06 -9.400e-03 -2.000e-05 -8.900e-05
 2.8860e+00  1.350e-04 -7.570e-03 -3.600e-04 -2.390e-03  6.810e-03 -7.900e-06 -9.400e-03 -2.000e-05 -8.900e-05
 2.8930e+00  1.350e-04 -7.570e-03 -3.600e-04 -2.390e-03  6.810e-03 -7.900e-06 -9.400e-03 -2.000e-05 -8.900e-05
 2.9000e+00  1.350e-04 -7.570e-03 -3.600e-04 -2.390e-03  6.810e-03 -7.900e-06 -9.400e-03 -2.000e-05 -8.900e-05
 2.9070e+00  1.350e-04 -7.570e-03 -3.600e-04 -2.390e-03  6.820e-03 -7.800e-06 -9.400e-03 -2.000e-05 -9.000e-05
 2.9140e+00  1.350e-04 -7.570e-03 -3.600e-04 -2.390e-03  6.820e-03 -7.800e-06 -9.400e-03 -2.000e-05 -8.900e-05
 2.9210e+00  1.350e-04 -7.580e-03 -3.600e-04 -2.390e-03  6.820e-03 -7.900e-06 -9.400e-03 -2.000e-05 -8.900e-05
 2.9280e+00  1.350e-04 -7.580e-03 -3.600e-04 -2.390e-03  6.820e-03 -7.900e-06 -9.400e-03 -2.000e-05 -8.900e-05
 2.9350e+00  1.350e-04 -7.580e-03 -3.600e-04 -2.390e-03  6.820e-03 -7.900e-06 -9.400e-03 -2.000e-05 -8.900e-05
 2.9420e+00  1.360e-04 -7.580e-03 -3.600e-04 -2.390e-03  6.820e-03 -7.900e-06 -9.400e-03 -2.000e-05 -8.900e-05
 2.9490e+00  1.360e-04 -7.580e-03 -3.600e-04 -2.390e-03  6.820e-03 -7.900e-06 -9.400e-03 -2.000e-05 -8.900e-05
 2.9550e+00  1.360e-04 -7.580e-03 -3.600e-04 -2.390e-03  6.830e-03 -7.900e-06 -9.400e-03 -2.000e-05 -8.900e-05
 2.9620e+00  1.360e-04 -7.590e-03 -3.600e-04 -2.390e-03  6.830e-03 -7.900e-06 -9.400e-03 -2.000e-05 -9.000e-05
 2.9690e+00  1.360e-04 -7.590e-03 -3.600e-04 -2.390e-03  6.830e-03 -7.900e-06 -9.400e-03 -2.000e-05 -8.900e-05
 2.9760e+00  1.360e-04 -7.590e-03 -3.600e-04 -2.390e-03  6.830e-03 -7.900e-06 -9.400e-03 -2.000e-05 -8.900e-05
 2.9830e+00  1.360e-04 -7.590e-03 -3.600e-04 -2.400e-03  6.830e-03 -7.900e-06 -9.400e-03 -2.100e-05 -8.900e-05
 2.9900e+00  1.360e-04 -7.590e-03 -3.600e-04 -2.400e-03  6.830e-03 -7.900e-06 -9.400e-03 -2.000e-05 -9.000e-05
 2.9970e+00  1.360e-04 -7.590e-03 -3.600e-04 -2.400e-03  6.830e-03 -7.900e-06 -9.400e-03 -2.000e-05 -9.000e-05
 3.0040e+00  1.360e-04 -7.590e-03 -3.600e-04 -2.400e-03  6.830e-03 -7.900e-06 -9.400e-03 -2.000e-05 -9.000e-05
