#         t         u1         u2         u3        s11        s12        s13        s22        s23        s33
 0.0000e+00  0.000e+00  0.000e+00  0.000e+00  0.000e+00  0.000e+00  0.000e+00  0.000e+00  0.000e+00  0.000e+00
 3.6090e-04  1.000e-06  0.000e+00  1.000e-06 -2.000e-06  4.000e-06 -1.000e-08 -1.000e-05  0.000e+00 -2.000e-07
 7.2170e-04  1.000e-06 -1.000e-05  2.000e-06 -3.000e-06  8.000e-06 -2.000e-08 -1.000e-05 -1.000e-08 -3.000e-07
 1.0820e-03  1.000e-06 -2.000e-05  3.000e-06 -5.000e-06  1.100e-05 -3.000e-08 -2.000e-05  2.000e-08 -5.000e-07
 1.4430e-03  2.000e-06 -3.000e-05  4.000e-06 -6.000e-06  1.500e-05 -4.000e-08 -3.000e-05  0.000e+00 -6.000e-07
 1.8040e-03  2.000e-06 -4.000e-05  5.000e-06 -8.000e-06  1.900e-05 -5.000e-08 -4.000e-05  3.000e-08 -7.000e-07
 2.1640e-03  2.000e-06 -5.000e-05  6.000e-06 -9.000e-06  2.300e-05 -6.000e-08 -5.000e-05  6.000e-08 -8.000e-07
 2.5250e-03  3.000e-06 -5.000e-05  7.000e-06 -1.100e-05  2.600e-05 -6.000e-08 -5.000e-05  9.000e-08 -9.000e-07
 2.8850e-03  3.000e-06 -6.000e-05  8.000e-06 -1.200e-05  3.000e-05 -7.000e-08 -6.000e-05  1.200e-07 -1.100e-06
 3.2460e-03  3.000e-06 -7.000e-05  9.000e-06 -1.300e-05  3.400e-05 -7.000e-08 -7.000e-05  1.400e-07 -1.200e-06
 3.6060e-03  3.000e-06 -8.000e-05  1.000e-05 -1.500e-05  3.700e-05 -8.000e-08 -8.000e-05  1.200e-07 -1.300e-06
 3.9660e-03  4.000e-06 -8.000e-05  1.100e-05 -1.600e-05  4.100e-05 -1.000e-07 -8.000e-05  1.400e-07 -1.400e-06
 4.3270e-03  4.000e-06 -9.000e-05  1.200e-05 -1.800e-05  4.400e-05 -1.000e-07 -9.000e-05  1.600e-07 -1.600e-06
 4.6870e-03  4.000e-06 -1.000e-04  1.300e-05 -1.900e-05  4.800e-05 -1.100e-07 -1.000e-04  1.800e-07 -1.700e-06
 5.0470e-03  5.000e-06 -1.100e-04  1.400e-05 -2.000e-05  5.100e-05 -1.100e-07 -1.000e-04  2.000e-07 -1.800e-06
 5.4070e-03  5.000e-06 -1.100e-04  1.500e-05 -2.200e-05  5.500e-05 -1.100e-07 -1.100e-04  2.200e-07 -1.900e-06
 5.7670e-03  5.000e-06 -1.200e-04  1.600e-05 -2.300e-05  5.800e-05 -1.200e-07 -1.200e-04  2.400e-07 -2.000e-06
 6.1270e-03  6.000e-06 -1.300e-04  1.700e-05 -2.400e-05  6.100e-05 -1.300e-07 -1.300e-04  2.500e-07 -2.100e-06
 6.4880e-03  6.000e-06 -1.400e-04  1.700e-05 -2.600e-05  6.500e-05 -1.300e-07 -1.300e-04  3.200e-07 -2.300e-06
 6.8480e-03  6.000e-06 -1.400e-04  1.800e-05 -2.700e-05  6.800e-05 -1.300e-07 -1.400e-04  3.800e-07 -2.400e-06
 7.2080e-03  6.000e-06 -1.500e-04  1.900e-05 -2.800e-05  7.100e-05 -1.400e-07 -1.500e-04  3.900e-07 -2.500e-06
 7.5680e-03  7.000e-06 -1.600e-04  2.000e-05 -2.900e-05  7.500e-05 -1.400e-07 -1.500e-04  3.900e-07 -2.600e-06
 7.9280e-03  7.000e-06 -1.600e-04  2.100e-05 -3.100e-05  7.800e-05 -1.400e-07 -1.600e-04  4.500e-07 -2.700e-06
 8.2880e-03  7.000e-06 -1.700e-04  2.200e-05 -3.200e-05  8.100e-05 -1.500e-07 -1.700e-04  4.600e-07 -2.800e-06
 8.6470e-03  8.000e-06 -1.800e-04  2.300e-05 -3.300e-05  8.400e-05 -1.600e-07 -1.700e-04  5.200e-07 -2.900e-06
 9.0070e-03  8.000e-06 -1.800e-04  2.300e-05 -3.400e-05  8.700e-05 -1.700e-07 -1.800e-04  5.200e-07 -3.000e-06
 9.3670e-03  8.000e-06 -1.900e-04  2.400e-05 -3.600e-05  9.000e-05 -1.700e-07 -1.900e-04  5.200e-07 -3.200e-06
 9.7270e-03  8.000e-06 -2.000e-04  2.500e-05 -3.700e-05  9.300e-05 -1.800e-07 -1.900e-04  5.300e-07 -3.200e-06
 1.0090e-02  9.000e-06 -2.000e-04  2.600e-05 -3.800e-05  9.700e-05 -1.900e-07 -2.000e-04  5.300e-07 -3.300e-06
 1.0450e-02  9.000e-06 -2.100e-04  2.700e-05 -3.900e-05  1.000e-04 -2.000e-07 -2.000e-04  5.300e-07 -3.400e-06
 1.0810e-02  9.000e-06 -2.200e-04  2.800e-05 -4.000e-05  1.030e-04 -2.100e-07 -2.100e-04  5.300e-07 -3.500e-06
 1.1170e-02  9.000e-06 -2.200e-04  2.800e-05 -4.100e-05  1.060e-04 -2.100e-07 -2.200e-04  5.300e-07 -3.600e-06
 1.1530e-02  1.000e-05 -2.300e-04  2.900e-05 -4.300e-05  1.090e-04 -2.200e-07 -2.200e-04  5.800e-07 -3.700e-06
 1.1890e-02  1.000e-05 -2.400e-04  3.000e-05 -4.400e-05  1.120e-04 -2.200e-07 -2.300e-04  6.300e-07 -3.900e-06
 1.2250e-02  1.000e-05 -2.400e-04  3.100e-05 -4.500e-05  1.150e-04 -2.300e-07 -2.300e-04  6.200e-07 -3.900e-06
 1.2610e-02  1.000e-05 -2.500e-04  3.100e-05 -4.600e-05  1.170e-04 -2.400e-07 -2.400e-04  6.700e-07 -4.000e-06
 1.2970e-02  1.100e-05 -2.500e-04  3.200e-05 -4.700e-05  1.200e-04 -2.500e-07 -2.500e-04  6.600e-07 -4.100e-06
 1.3320e-02  1.100e-05 -2.600e-04  3.300e-05 -4.800e-05  1.230e-04 -2.600e-07 -2.500e-04  6.600e-07 -4.100e-06
 1.3680e-02  1.100e-05 -2.700e-04  3.400e-05 -4.900e-05  1.260e-04 -2.700e-07 -2.600e-04  6.600e-07 -4.200e-06
 1.4040e-02  1.100e-05 -2.700e-04  3.400e-05 -5.000e-05  1.290e-04 -2.700e-07 -2.600e-04  7.000e-07 -4.300e-06
 1.4400e-02  1.200e-05 -2.800e-04  3.500e-05 -5.200e-05  1.320e-04 -2.800e-07 -2.700e-04  7.400e-07 -4.400e-06
 1.4760e-02  1.200e-05 -2.900e-04  3.600e-05 -5.300e-05  1.340e-04 -2.800e-07 -2.800e-04  7.800e-07 -4.500e-06
 1.5120e-02  1.200e-05 -2.900e-04  3.700e-05 -5.400e-05  1.370e-04 -2.900e-07 -2.800e-04  8.200e-07 -4.600e-06
 1.5480e-02  1.200e-05 -3.000e-04  3.700e-05 -5.500e-05  1.400e-04 -2.900e-07 -2.900e-04  8.500e-07 -4.600e-06
 1.5840e-02  1.300e-05 -3.000e-04  3.800e-05 -5.600e-05  1.430e-04 -2.900e-07 -2.900e-04  8.500e-07 -4.700e-06
 1.6200e-02  1.300e-05 -3.100e-04  3.900e-05 -5.700e-05  1.450e-04 -3.100e-07 -3.000e-04  8.800e-07 -4.800e-06
 1.6560e-02  1.300e-05 -3.100e-04  4.000e-05 -5.800e-05  1.480e-04 -3.100e-07 -3.000e-04  8.700e-07 -4.900e-06
 1.6920e-02  1.300e-05 -3.200e-04  4.000e-05 -5.900e-05  1.510e-04 -3.200e-07 -3.100e-04  8.600e-07 -5.000e-06
 1.7280e-02  1.400e-05 -3.300e-04  4.100e-05 -6.000e-05  1.530e-04 -3.200e-07 -3.200e-04  8.900e-07 -5.100e-06
 1.7640e-02  1.400e-05 -3.300e-04  4.200e-05 -6.100e-05  1.560e-04 -3.200e-07 -3.200e-04  8.800e-07 -5.200e-06
 1.8000e-02  1.400e-05 -3.400e-04  4.200e-05 -6.200e-05  1.590e-04 -3.400e-07 -3.300e-04  9.100e-07 -5.300e-06
 1.8360e-02  1.400e-05 -3.400e-04  4.300e-05 -6.300e-05  1.610e-04 -3.400e-07 -3.300e-04  9.400e-07 -5.400e-06
 1.8720e-02  1.400e-05 -3.500e-04  4.400e-05 -6.400e-05  1.640e-04 -3.400e-07 -3.400e-04  9.800e-07 -5.500e-06
 1.9080e-02  1.500e-05 -3.500e-04  4.400e-05 -6.500e-05  1.660e-04 -3.400e-07 -3.400e-04  1.010e-06 -5.500e-06
 2.0170e-02  1.500e-05 -3.700e-04  4.600e-05 -6.800e-05  1.740e-04 -3.500e-07 -3.600e-04  1.050e-06 -5.800e-06
 2.1260e-02  1.600e-05 -3.900e-04  4.800e-05 -7.100e-05  1.820e-04 -3.700e-07 -3.700e-04  1.090e-06 -6.100e-06
 2.2360e-02  1.700e-05 -4.000e-04  5.000e-05 -7.400e-05  1.890e-04 -3.800e-07 -3.900e-04  1.160e-06 -6.300e-06
 2.3460e-02  1.700e-05 -4.200e-04  5.200e-05 -7.700e-05  1.960e-04 -3.900e-07 -4.000e-04  1.190e-06 -6.500e-06
 2.4560e-02  1.800e-05 -4.300e-04  5.400e-05 -7.900e-05  2.040e-04 -4.100e-07 -4.200e-04  1.220e-06 -6.700e-06
 2.5660e-02  1.900e-05 -4.500e-04  5.600e-05 -8.200e-05  2.110e-04 -4.200e-07 -4.300e-04  1.240e-06 -7.000e-06
 2.6760e-02  1.900e-05 -4.600e-04  5.800e-05 -8.500e-05  2.170e-04 -4.400e-07 -4.500e-04  1.300e-06 -7.300e-06
 2.7860e-02  2.000e-05 -4.800e-04  5.900e-05 -8.700e-05  2.240e-04 -4.600e-07 -4.600e-04  1.310e-06 -7.500e-06
 2.8970e-02  2.000e-05 -4.900e-04  6.100e-05 -9.000e-05  2.310e-04 -4.700e-07 -4.700e-04  1.370e-06 -7.600e-06
 3.0080e-02  2.100e-05 -5.100e-04  6.300e-05 -9.200e-05  2.370e-04 -4.800e-07 -4.900e-04  1.420e-06 -7.900e-06
 3.1190e-02  2.200e-05 -5.200e-04  6.500e-05 -9.500e-05  2.440e-04 -5.000e-07 -5.000e-04  1.470e-06 -8.100e-06
 3.2300e-02  2.200e-05 -5.300e-04  6.600e-05 -9.700e-05  2.500e-04 -5.100e-07 -5.100e-04  1.520e-06 -8.300e-06
 3.3410e-02  2.300e-05 -5.500e-04  6.800e-05 -1.000e-04  2.560e-04 -5.300e-07 -5.300e-04  1.560e-06 -8.500e-06
 3.4530e-02  2.300e-05 -5.600e-04  6.900e-05 -1.020e-04  2.630e-04 -5.300e-07 -5.400e-04  1.590e-06 -8.700e-06
 3.5650e-02  2.400e-05 -5.700e-04  7.100e-05 -1.040e-04  2.690e-04 -5.400e-07 -5.500e-04  1.620e-06 -8.900e-06
 3.6760e-02  2.400e-05 -5.900e-04  7.200e-05 -1.070e-04  2.740e-04 -5.600e-07 -5.600e-04  1.650e-06 -9.100e-06
 3.7880e-02  2.500e-05 -6.000e-04  7.400e-05 -1.090e-04  2.800e-04 -5.600e-07 -5.800e-04  1.670e-06 -9.300e-06
 3.9000e-02  2.500e-05 -6.100e-04  7.500e-05 -1.110e-04  2.860e-04 -5.700e-07 -5.900e-04  1.700e-06 -9.500e-06
 4.0130e-02  2.600e-05 -6.200e-04  7.700e-05 -1.130e-04  2.920e-04 -5.900e-07 -6.000e-04  1.770e-06 -9.700e-06
 4.1250e-02  2.600e-05 -6.400e-04  7.800e-05 -1.160e-04  2.970e-04 -6.000e-07 -6.100e-04  1.780e-06 -9.900e-06
 4.2380e-02  2.700e-05 -6.500e-04  8.000e-05 -1.180e-04  3.030e-04 -6.200e-07 -6.200e-04  1.840e-06 -1.010e-05
 4.3510e-02  2.700e-05 -6.600e-04  8.100e-05 -1.200e-04  3.080e-04 -6.400e-07 -6.300e-04  1.860e-06 -1.030e-05
 4.4640e-02  2.800e-05 -6.700e-04  8.300e-05 -1.220e-04  3.130e-04 -6.600e-07 -6.500e-04  1.870e-06 -1.040e-05
 4.5770e-02  2.800e-05 -6.800e-04  8.400e-05 -1.240e-04  3.190e-04 -6.700e-07 -6.600e-04  1.930e-06 -1.060e-05
 4.6900e-02  2.900e-05 -6.900e-04  8.500e-05 -1.260e-04  3.240e-04 -6.700e-07 -6.700e-04  1.980e-06 -1.080e-05
 4.8030e-02  2.900e-05 -7.000e-04  8.700e-05 -1.280e-04  3.290e-04 -6.800e-07 -6.800e-04  1.990e-06 -1.100e-05
 4.9170e-02  3.000e-05 -7.100e-04  8.800e-05 -1.300e-04  3.340e-04 -7.000e-07 -6.900e-04  2.040e-06 -1.120e-05
 5.0300e-02  3.000e-05 -7.200e-04  8.900e-05 -1.320e-04  3.390e-04 -7.000e-07 -7.000e-04  2.070e-06 -1.140e-05
 5.1440e-02  3.000e-05 -7.300e-04  9.000e-05 -1.340e-04  3.440e-04 -7.100e-07 -7.100e-04  2.070e-06 -1.150e-05
 5.2580e-02  3.100e-05 -7.500e-04  9.200e-05 -1.350e-04  3.480e-04 -7.100e-07 -7.200e-04  2.060e-06 -1.170e-05
 5.3720e-02  3.100e-05 -7.600e-04  9.300e-05 -1.370e-04  3.530e-04 -7.300e-07 -7.300e-04  2.090e-06 -1.190e-05
 5.4860e-02  3.200e-05 -7.700e-04  9.400e-05 -1.390e-04  3.580e-04 -7.400e-07 -7.400e-04  2.130e-06 -1.200e-05
 5.6010e-02  3.200e-05 -7.800e-04  9.500e-05 -1.410e-04  3.620e-04 -7.500e-07 -7.500e-04  2.160e-06 -1.220e-05
 5.7150e-02  3.300e-05 -7.800e-04  9.600e-05 -1.430e-04  3.670e-04 -7.500e-07 -7.600e-04  2.190e-06 -1.240e-05
 5.8300e-02  3.300e-05 -7.900e-04  9.700e-05 -1.440e-04  3.710e-04 -7.600e-07 -7.600e-04  2.220e-06 -1.260e-05
 5.9440e-02  3.300e-05 -8.000e-04  9.900e-05 -1.460e-04  3.760e-04 -7.700e-07 -7.700e-04  2.250e-06 -1.270e-05
 6.0590e-02  3.400e-05 -8.100e-04  1.000e-04 -1.480e-04  3.800e-04 -7.700e-07 -7.800e-04  2.270e-06 -1.290e-05
 6.1740e-02  3.400e-05 -8.200e-04  1.010e-04 -1.490e-04  3.840e-04 -7.800e-07 -7.900e-04  2.290e-06 -1.300e-05
 6.2900e-02  3.400e-05 -8.300e-04  1.020e-04 -1.510e-04  3.880e-04 -7.900e-07 -8.000e-04  2.320e-06 -1.310e-05
 6.4050e-02  3.500e-05 -8.400e-04  1.030e-04 -1.520e-04  3.930e-04 -8.000e-07 -8.100e-04  2.340e-06 -1.320e-05
 6.5200e-02  3.500e-05 -8.500e-04  1.040e-04 -1.540e-04  3.970e-04 -8.000e-07 -8.200e-04  2.350e-06 -1.340e-05
 6.6360e-02  3.600e-05 -8.600e-04  1.050e-04 -1.560e-04  4.010e-04 -8.000e-07 -8.300e-04  2.360e-06 -1.360e-05
 6.7510e-02  3.600e-05 -8.700e-04  1.060e-04 -1.570e-04  4.050e-04 -8.000e-07 -8.300e-04  2.370e-06 -1.370e-05
 6.8670e-02  3.600e-05 -8.700e-04  1.070e-04 -1.590e-04  4.080e-04 -8.000e-07 -8.400e-04  2.380e-06 -1.390e-05
 6.9830e-02  3.700e-05 -8.800e-04  1.080e-04 -1.600e-04  4.120e-04 -8.100e-07 -8.500e-04  2.400e-06 -1.400e-05
 7.0990e-02  3.700e-05 -8.900e-04  1.090e-04 -1.620e-04  4.160e-04 -8.200e-07 -8.600e-04  2.410e-06 -1.410e-05
 7.2150e-02  3.700e-05 -9.000e-04  1.100e-04 -1.630e-04  4.200e-04 -8.200e-07 -8.700e-04  2.420e-06 -1.430e-05
 7.3310e-02  3.800e-05 -9.100e-04  1.110e-04 -1.650e-04  4.240e-04 -8.200e-07 -8.700e-04  2.430e-06 -1.450e-05
 7.4480e-02  3.800e-05 -9.100e-04  1.120e-04 -1.660e-04  4.270e-04 -8.200e-07 -8.800e-04  2.430e-06 -1.460e-05
 7.5640e-02  3.800e-05 -9.200e-04  1.130e-04 -1.670e-04  4.310e-04 -8.400e-07 -8.900e-04  2.430e-06 -1.470e-05
 7.6810e-02  3.900e-05 -9.300e-04  1.140e-04 -1.690e-04  4.340e-04 -8.400e-07 -9.000e-04  2.430e-06 -1.480e-05
 7.7980e-02  3.900e-05 -9.400e-04  1.140e-04 -1.700e-04  4.380e-04 -8.500e-07 -9.000e-04  2.480e-06 -1.490e-05
 7.9140e-02  3.900e-05 -9.500e-04  1.150e-04 -1.710e-04  4.410e-04 -8.600e-07 -9.100e-04  2.520e-06 -1.510e-05
 8.0310e-02  4.000e-05 -9.500e-04  1.160e-04 -1.730e-04  4.450e-04 -8.600e-07 -9.200e-04  2.570e-06 -1.520e-05
 8.1490e-02  4.000e-05 -9.600e-04  1.170e-04 -1.740e-04  4.480e-04 -8.800e-07 -9.200e-04  2.620e-06 -1.530e-05
 8.2660e-02  4.000e-05 -9.700e-04  1.180e-04 -1.750e-04  4.520e-04 -8.800e-07 -9.300e-04  2.620e-06 -1.540e-05
 8.3830e-02  4.000e-05 -9.700e-04  1.190e-04 -1.770e-04  4.550e-04 -8.800e-07 -9.400e-04  2.660e-06 -1.550e-05
 8.5000e-02  4.100e-05 -9.800e-04  1.200e-04 -1.780e-04  4.580e-04 -8.900e-07 -9.400e-04  2.660e-06 -1.570e-05
 8.6180e-02  4.100e-05 -9.900e-04  1.200e-04 -1.790e-04  4.610e-04 -9.000e-07 -9.500e-04  2.660e-06 -1.580e-05
 8.7360e-02  4.100e-05 -1.000e-03  1.210e-04 -1.800e-04  4.640e-04 -9.100e-07 -9.600e-04  2.700e-06 -1.590e-05
 8.8530e-02  4.200e-05 -1.000e-03  1.220e-04 -1.820e-04  4.680e-04 -9.100e-07 -9.600e-04  2.690e-06 -1.600e-05
 8.9710e-02  4.200e-05 -1.010e-03  1.230e-04 -1.830e-04  4.710e-04 -9.200e-07 -9.700e-04  2.730e-06 -1.610e-05
 9.0890e-02  4.200e-05 -1.010e-03  1.240e-04 -1.840e-04  4.740e-04 -9.200e-07 -9.800e-04  2.720e-06 -1.620e-05
 9.2070e-02  4.200e-05 -1.020e-03  1.240e-04 -1.850e-04  4.770e-04 -9.200e-07 -9.800e-04  2.710e-06 -1.630e-05
 9.3250e-02  4.300e-05 -1.030e-03  1.250e-04 -1.860e-04  4.800e-04 -9.300e-07 -9.900e-04  2.750e-06 -1.640e-05
 9.4440e-02  4.300e-05 -1.030e-03  1.260e-04 -1.870e-04  4.830e-04 -9.400e-07 -1.000e-03  2.780e-06 -1.650e-05
 9.5620e-02  4.300e-05 -1.040e-03  1.270e-04 -1.880e-04  4.850e-04 -9.400e-07 -1.000e-03  2.770e-06 -1.660e-05
 9.6810e-02  4.400e-05 -1.050e-03  1.270e-04 -1.900e-04  4.880e-04 -9.500e-07 -1.010e-03  2.750e-06 -1.660e-05
 9.7990e-02  4.400e-05 -1.050e-03  1.280e-04 -1.910e-04  4.910e-04 -9.400e-07 -1.010e-03  2.770e-06 -1.680e-05
 9.9180e-02  4.400e-05 -1.060e-03  1.290e-04 -1.920e-04  4.940e-04 -9.500e-07 -1.020e-03  2.790e-06 -1.690e-05
 1.0040e-01  4.400e-05 -1.060e-03  1.300e-04 -1.930e-04  4.970e-04 -9.600e-07 -1.020e-03  2.820e-06 -1.690e-05
 1.0160e-01  4.500e-05 -1.070e-03  1.300e-04 -1.940e-04  4.990e-04 -9.700e-07 -1.030e-03  2.840e-06 -1.700e-05
 1.0270e-01  4.500e-05 -1.080e-03  1.310e-04 -1.950e-04  5.020e-04 -9.800e-07 -1.040e-03  2.860e-06 -1.710e-05
 1.0390e-01  4.500e-05 -1.080e-03  1.320e-04 -1.960e-04  5.050e-04 -9.900e-07 -1.040e-03  2.890e-06 -1.720e-05
 1.0510e-01  4.500e-05 -1.090e-03  1.320e-04 -1.970e-04  5.070e-04 -1.000e-06 -1.050e-03  2.910e-06 -1.720e-05
 1.0630e-01  4.500e-05 -1.090e-03  1.330e-04 -1.980e-04  5.100e-04 -1.000e-06 -1.050e-03  2.930e-06 -1.730e-05
 1.0750e-01  4.600e-05 -1.100e-03  1.340e-04 -1.990e-04  5.130e-04 -1.020e-06 -1.060e-03  2.960e-06 -1.740e-05
 1.0870e-01  4.600e-05 -1.100e-03  1.340e-04 -2.000e-04  5.150e-04 -1.020e-06 -1.060e-03  2.980e-06 -1.750e-05
 1.0990e-01  4.600e-05 -1.110e-03  1.350e-04 -2.010e-04  5.180e-04 -1.020e-06 -1.070e-03  3.000e-06 -1.760e-05
 1.1110e-01  4.600e-05 -1.120e-03  1.350e-04 -2.020e-04  5.200e-04 -1.020e-06 -1.070e-03  2.970e-06 -1.770e-05
 1.1230e-01  4.700e-05 -1.120e-03  1.360e-04 -2.030e-04  5.230e-04 -1.020e-06 -1.080e-03  2.990e-06 -1.770e-05
 1.1350e-01  4.700e-05 -1.130e-03  1.370e-04 -2.040e-04  5.250e-04 -1.030e-06 -1.080e-03  3.000e-06 -1.780e-05
 1.1470e-01  4.700e-05 -1.130e-03  1.370e-04 -2.050e-04  5.270e-04 -1.030e-06 -1.090e-03  3.010e-06 -1.790e-05
 1.1590e-01  4.700e-05 -1.140e-03  1.380e-04 -2.060e-04  5.300e-04 -1.030e-06 -1.090e-03  3.030e-06 -1.800e-05
 1.1710e-01  4.700e-05 -1.140e-03  1.390e-04 -2.060e-04  5.320e-04 -1.030e-06 -1.100e-03  3.040e-06 -1.810e-05
 1.1830e-01  4.800e-05 -1.150e-03  1.390e-04 -2.070e-04  5.340e-04 -1.040e-06 -1.100e-03  3.050e-06 -1.810e-05
 1.1950e-01  4.800e-05 -1.150e-03  1.400e-04 -2.080e-04  5.370e-04 -1.050e-06 -1.110e-03  3.060e-06 -1.820e-05
 1.2070e-01  4.800e-05 -1.160e-03  1.400e-04 -2.090e-04  5.390e-04 -1.050e-06 -1.110e-03  3.070e-06 -1.840e-05
 1.2190e-01  4.800e-05 -1.160e-03  1.410e-04 -2.100e-04  5.410e-04 -1.060e-06 -1.120e-03  3.080e-06 -1.840e-05
 1.2310e-01  4.800e-05 -1.170e-03  1.410e-04 -2.110e-04  5.440e-04 -1.070e-06 -1.120e-03  3.100e-06 -1.850e-05
 1.2430e-01  4.900e-05 -1.170e-03  1.420e-04 -2.120e-04  5.460e-04 -1.090e-06 -1.130e-03  3.110e-06 -1.860e-05
 1.2550e-01  4.900e-05 -1.180e-03  1.430e-04 -2.120e-04  5.480e-04 -1.090e-06 -1.130e-03  3.120e-06 -1.870e-05
 1.2680e-01  4.900e-05 -1.180e-03  1.430e-04 -2.130e-04  5.500e-04 -1.100e-06 -1.130e-03  3.130e-06 -1.880e-05
 1.2800e-01  4.900e-05 -1.180e-03  1.440e-04 -2.140e-04  5.520e-04 -1.100e-06 -1.140e-03  3.140e-06 -1.880e-05
 1.2920e-01  4.900e-05 -1.190e-03  1.440e-04 -2.150e-04  5.540e-04 -1.100e-06 -1.140e-03  3.140e-06 -1.890e-05
 1.3040e-01  5.000e-05 -1.190e-03  1.450e-04 -2.160e-04  5.560e-04 -1.110e-06 -1.150e-03  3.150e-06 -1.890e-05
 1.3160e-01  5.000e-05 -1.200e-03  1.450e-04 -2.170e-04  5.580e-04 -1.120e-06 -1.150e-03  3.150e-06 -1.900e-05
 1.3280e-01  5.000e-05 -1.200e-03  1.460e-04 -2.170e-04  5.600e-04 -1.120e-06 -1.160e-03  3.160e-06 -1.910e-05
 1.3400e-01  5.000e-05 -1.210e-03  1.460e-04 -2.180e-04  5.620e-04 -1.130e-06 -1.160e-03  3.180e-06 -1.920e-05
 1.3520e-01  5.000e-05 -1.210e-03  1.470e-04 -2.190e-04  5.640e-04 -1.120e-06 -1.160e-03  3.180e-06 -1.930e-05
 1.3640e-01  5.100e-05 -1.210e-03  1.470e-04 -2.200e-04  5.660e-04 -1.130e-06 -1.170e-03  3.190e-06 -1.930e-05
 1.3760e-01  5.100e-05 -1.220e-03  1.480e-04 -2.200e-04  5.680e-04 -1.130e-06 -1.170e-03  3.190e-06 -1.940e-05
 1.3880e-01  5.100e-05 -1.220e-03  1.480e-04 -2.210e-04  5.700e-04 -1.140e-06 -1.180e-03  3.190e-06 -1.950e-05
 1.4000e-01  5.100e-05 -1.230e-03  1.490e-04 -2.220e-04  5.720e-04 -1.140e-06 -1.180e-03  3.190e-06 -1.950e-05
 1.4120e-01  5.100e-05 -1.230e-03  1.490e-04 -2.220e-04  5.740e-04 -1.140e-06 -1.180e-03  3.230e-06 -1.960e-05
 1.4230e-01  5.100e-05 -1.230e-03  1.500e-04 -2.230e-04  5.760e-04 -1.140e-06 -1.190e-03  3.230e-06 -1.960e-05
 1.4350e-01  5.200e-05 -1.240e-03  1.500e-04 -2.240e-04  5.770e-04 -1.150e-06 -1.190e-03  3.230e-06 -1.970e-05
 1.4470e-01  5.200e-05 -1.240e-03  1.510e-04 -2.250e-04  5.790e-04 -1.160e-06 -1.200e-03  3.230e-06 -1.970e-05
 1.4590e-01  5.200e-05 -1.250e-03  1.510e-04 -2.250e-04  5.810e-04 -1.170e-06 -1.200e-03  3.230e-06 -1.990e-05
 1.4700e-01  5.200e-05 -1.250e-03  1.510e-04 -2.260e-04  5.830e-04 -1.160e-06 -1.200e-03  3.270e-06 -1.990e-05
 1.4820e-01  5.200e-05 -1.250e-03  1.520e-04 -2.270e-04  5.840e-04 -1.170e-06 -1.210e-03  3.270e-06 -2.000e-05
 1.4940e-01  5.200e-05 -1.260e-03  1.520e-04 -2.270e-04  5.860e-04 -1.170e-06 -1.210e-03  3.270e-06 -2.000e-05
 1.5060e-01  5.200e-05 -1.260e-03  1.530e-04 -2.280e-04  5.880e-04 -1.170e-06 -1.210e-03  3.320e-06 -2.010e-05
 1.5170e-01  5.300e-05 -1.260e-03  1.530e-04 -2.280e-04  5.890e-04 -1.170e-06 -1.220e-03  3.350e-06 -2.020e-05
 1.5290e-01  5.300e-05 -1.270e-03  1.540e-04 -2.290e-04  5.910e-04 -1.180e-06 -1.220e-03  3.350e-06 -2.020e-05
 1.5410e-01  5.300e-05 -1.270e-03  1.540e-04 -2.300e-04  5.930e-04 -1.180e-06 -1.220e-03  3.400e-06 -2.020e-05
 1.5520e-01  5.300e-05 -1.270e-03  1.540e-04 -2.300e-04  5.940e-04 -1.180e-06 -1.230e-03  3.400e-06 -2.030e-05
 1.5640e-01  5.300e-05 -1.280e-03  1.550e-04 -2.310e-04  5.960e-04 -1.190e-06 -1.230e-03  3.390e-06 -2.040e-05
 1.5750e-01  5.300e-05 -1.280e-03  1.550e-04 -2.310e-04  5.970e-04 -1.180e-06 -1.230e-03  3.370e-06 -2.040e-05
 1.5870e-01  5.300e-05 -1.280e-03  1.560e-04 -2.320e-04  5.990e-04 -1.190e-06 -1.240e-03  3.420e-06 -2.040e-05
 1.5980e-01  5.400e-05 -1.290e-03  1.560e-04 -2.330e-04  6.000e-04 -1.190e-06 -1.240e-03  3.410e-06 -2.050e-05
 1.6100e-01  5.400e-05 -1.290e-03  1.560e-04 -2.330e-04  6.020e-04 -1.200e-06 -1.240e-03  3.400e-06 -2.050e-05
 1.6210e-01  5.400e-05 -1.290e-03  1.570e-04 -2.340e-04  6.030e-04 -1.200e-06 -1.250e-03  3.400e-06 -2.060e-05
 1.6330e-01  5.400e-05 -1.300e-03  1.570e-04 -2.340e-04  6.050e-04 -1.190e-06 -1.250e-03  3.400e-06 -2.060e-05
 1.6440e-01  5.400e-05 -1.300e-03  1.570e-04 -2.350e-04  6.060e-04 -1.200e-06 -1.250e-03  3.390e-06 -2.070e-05
 1.6560e-01  5.400e-05 -1.300e-03  1.580e-04 -2.350e-04  6.070e-04 -1.210e-06 -1.250e-03  3.370e-06 -2.070e-05
 1.6670e-01  5.400e-05 -1.310e-03  1.580e-04 -2.360e-04  6.090e-04 -1.210e-06 -1.260e-03  3.410e-06 -2.080e-05
 1.6790e-01  5.500e-05 -1.310e-03  1.580e-04 -2.370e-04  6.100e-04 -1.210e-06 -1.260e-03  3.440e-06 -2.080e-05
 1.6900e-01  5.500e-05 -1.310e-03  1.590e-04 -2.370e-04  6.120e-04 -1.220e-06 -1.260e-03  3.430e-06 -2.080e-05
 1.7010e-01  5.500e-05 -1.320e-03  1.590e-04 -2.380e-04  6.130e-04 -1.230e-06 -1.270e-03  3.420e-06 -2.090e-05
 1.7130e-01  5.500e-05 -1.320e-03  1.600e-04 -2.380e-04  6.140e-04 -1.240e-06 -1.270e-03  3.460e-06 -2.090e-05
 1.7240e-01  5.500e-05 -1.320e-03  1.600e-04 -2.390e-04  6.160e-04 -1.260e-06 -1.270e-03  3.490e-06 -2.100e-05
 1.7350e-01  5.500e-05 -1.320e-03  1.600e-04 -2.390e-04  6.170e-04 -1.270e-06 -1.270e-03  3.530e-06 -2.100e-05
 1.7470e-01  5.500e-05 -1.330e-03  1.610e-04 -2.400e-04  6.180e-04 -1.270e-06 -1.280e-03  3.510e-06 -2.110e-05
 1.7580e-01  5.500e-05 -1.330e-03  1.610e-04 -2.400e-04  6.200e-04 -1.280e-06 -1.280e-03  3.500e-06 -2.120e-05
 1.7690e-01  5.500e-05 -1.330e-03  1.610e-04 -2.410e-04  6.210e-04 -1.280e-06 -1.280e-03  3.480e-06 -2.120e-05
 1.7800e-01  5.600e-05 -1.340e-03  1.620e-04 -2.410e-04  6.220e-04 -1.280e-06 -1.290e-03  3.510e-06 -2.130e-05
 1.7920e-01  5.600e-05 -1.340e-03  1.620e-04 -2.420e-04  6.230e-04 -1.280e-06 -1.290e-03  3.500e-06 -2.140e-05
 1.8030e-01  5.600e-05 -1.340e-03  1.620e-04 -2.420e-04  6.240e-04 -1.280e-06 -1.290e-03  3.490e-06 -2.140e-05
 1.8140e-01  5.600e-05 -1.340e-03  1.620e-04 -2.430e-04  6.260e-04 -1.280e-06 -1.290e-03  3.480e-06 -2.150e-05
 1.8250e-01  5.600e-05 -1.350e-03  1.630e-04 -2.430e-04  6.270e-04 -1.280e-06 -1.300e-03  3.470e-06 -2.150e-05
 1.8370e-01  5.600e-05 -1.350e-03  1.630e-04 -2.430e-04  6.280e-04 -1.290e-06 -1.300e-03  3.490e-06 -2.150e-05
 1.8480e-01  5.600e-05 -1.350e-03  1.630e-04 -2.440e-04  6.290e-04 -1.280e-06 -1.300e-03  3.530e-06 -2.160e-05
 1.8590e-01  5.600e-05 -1.350e-03  1.640e-04 -2.440e-04  6.300e-04 -1.280e-06 -1.300e-03  3.510e-06 -2.160e-05
 1.8700e-01  5.600e-05 -1.360e-03  1.640e-04 -2.450e-04  6.320e-04 -1.280e-06 -1.300e-03  3.500e-06 -2.160e-05
 1.8810e-01  5.700e-05 -1.360e-03  1.640e-04 -2.450e-04  6.330e-04 -1.280e-06 -1.310e-03  3.490e-06 -2.170e-05
 1.8920e-01  5.700e-05 -1.360e-03  1.650e-04 -2.460e-04  6.340e-04 -1.290e-06 -1.310e-03  3.480e-06 -2.170e-05
 1.9040e-01  5.700e-05 -1.360e-03  1.650e-04 -2.460e-04  6.350e-04 -1.300e-06 -1.310e-03  3.510e-06 -2.170e-05
 1.9150e-01  5.700e-05 -1.370e-03  1.650e-04 -2.460e-04  6.360e-04 -1.300e-06 -1.310e-03  3.550e-06 -2.170e-05
 1.9260e-01  5.700e-05 -1.370e-03  1.650e-04 -2.470e-04  6.370e-04 -1.300e-06 -1.320e-03  3.530e-06 -2.180e-05
 1.9370e-01  5.700e-05 -1.370e-03  1.660e-04 -2.470e-04  6.380e-04 -1.310e-06 -1.320e-03  3.510e-06 -2.180e-05
 1.9480e-01  5.700e-05 -1.370e-03  1.660e-04 -2.480e-04  6.390e-04 -1.310e-06 -1.320e-03  3.500e-06 -2.180e-05
 1.9590e-01  5.700e-05 -1.380e-03  1.660e-04 -2.480e-04  6.400e-04 -1.310e-06 -1.320e-03  3.480e-06 -2.190e-05
 1.9700e-01  5.700e-05 -1.380e-03  1.660e-04 -2.490e-04  6.410e-04 -1.310e-06 -1.330e-03  3.510e-06 -2.190e-05
 1.9810e-01  5.700e-05 -1.380e-03  1.670e-04 -2.490e-04  6.420e-04 -1.310e-06 -1.330e-03  3.490e-06 -2.190e-05
 1.9920e-01  5.800e-05 -1.380e-03  1.670e-04 -2.490e-04  6.430e-04 -1.320e-06 -1.330e-03  3.510e-06 -2.200e-05
 2.0030e-01  5.800e-05 -1.380e-03  1.670e-04 -2.500e-04  6.440e-04 -1.310e-06 -1.330e-03  3.500e-06 -2.200e-05
 2.0140e-01  5.800e-05 -1.390e-03  1.680e-04 -2.500e-04  6.460e-04 -1.320e-06 -1.330e-03  3.530e-06 -2.200e-05
 2.0250e-01  5.800e-05 -1.390e-03  1.680e-04 -2.510e-04  6.470e-04 -1.320e-06 -1.340e-03  3.500e-06 -2.210e-05
 2.0360e-01  5.800e-05 -1.390e-03  1.680e-04 -2.510e-04  6.480e-04 -1.320e-06 -1.340e-03  3.480e-06 -2.210e-05
 2.0470e-01  5.800e-05 -1.390e-03  1.680e-04 -2.510e-04  6.490e-04 -1.320e-06 -1.340e-03  3.470e-06 -2.220e-05
 2.0580e-01  5.800e-05 -1.390e-03  1.690e-04 -2.520e-04  6.500e-04 -1.320e-06 -1.340e-03  3.500e-06 -2.220e-05
 2.0690e-01  5.800e-05 -1.400e-03  1.690e-04 -2.520e-04  6.500e-04 -1.320e-06 -1.340e-03  3.530e-06 -2.230e-05
 2.0800e-01  5.800e-05 -1.400e-03  1.690e-04 -2.520e-04  6.510e-04 -1.330e-06 -1.350e-03  3.550e-06 -2.230e-05
 2.0910e-01  5.800e-05 -1.400e-03  1.690e-04 -2.530e-04  6.520e-04 -1.340e-06 -1.350e-03  3.530e-06 -2.230e-05
 2.1020e-01  5.800e-05 -1.400e-03  1.700e-04 -2.530e-04  6.530e-04 -1.340e-06 -1.350e-03  3.550e-06 -2.240e-05
 2.1130e-01  5.800e-05 -1.410e-03  1.700e-04 -2.540e-04  6.540e-04 -1.350e-06 -1.350e-03  3.540e-06 -2.240e-05
 2.1510e-01  5.900e-05 -1.410e-03  1.710e-04 -2.550e-04  6.570e-04 -1.360e-06 -1.360e-03  3.570e-06 -2.250e-05
 2.1890e-01  5.900e-05 -1.420e-03  1.710e-04 -2.560e-04  6.610e-04 -1.370e-06 -1.370e-03  3.560e-06 -2.260e-05
 2.2270e-01  5.900e-05 -1.430e-03  1.720e-04 -2.570e-04  6.640e-04 -1.370e-06 -1.370e-03  3.560e-06 -2.270e-05
 2.2650e-01  6.000e-05 -1.430e-03  1.730e-04 -2.580e-04  6.670e-04 -1.380e-06 -1.380e-03  3.540e-06 -2.280e-05
 2.3030e-01  6.000e-05 -1.440e-03  1.740e-04 -2.590e-04  6.690e-04 -1.380e-06 -1.380e-03  3.610e-06 -2.290e-05
 2.3420e-01  6.000e-05 -1.440e-03  1.740e-04 -2.600e-04  6.720e-04 -1.390e-06 -1.390e-03  3.630e-06 -2.300e-05
 2.3800e-01  6.000e-05 -1.450e-03  1.750e-04 -2.620e-04  6.750e-04 -1.400e-06 -1.400e-03  3.610e-06 -2.310e-05
 2.4180e-01  6.100e-05 -1.460e-03  1.760e-04 -2.630e-04  6.780e-04 -1.400e-06 -1.400e-03  3.680e-06 -2.320e-05
 2.4560e-01  6.100e-05 -1.460e-03  1.770e-04 -2.640e-04  6.800e-04 -1.410e-06 -1.410e-03  3.650e-06 -2.330e-05
 2.4950e-01  6.100e-05 -1.470e-03  1.770e-04 -2.650e-04  6.830e-04 -1.410e-06 -1.410e-03  3.720e-06 -2.340e-05
 2.5330e-01  6.100e-05 -1.470e-03  1.780e-04 -2.660e-04  6.850e-04 -1.410e-06 -1.420e-03  3.700e-06 -2.360e-05
 2.5710e-01  6.200e-05 -1.480e-03  1.790e-04 -2.670e-04  6.880e-04 -1.410e-06 -1.420e-03  3.770e-06 -2.360e-05
 2.6100e-01  6.200e-05 -1.480e-03  1.790e-04 -2.670e-04  6.900e-04 -1.420e-06 -1.430e-03  3.750e-06 -2.370e-05
 2.6480e-01  6.200e-05 -1.490e-03  1.800e-04 -2.680e-04  6.930e-04 -1.430e-06 -1.430e-03  3.720e-06 -2.380e-05
 2.6860e-01  6.200e-05 -1.490e-03  1.800e-04 -2.690e-04  6.950e-04 -1.440e-06 -1.440e-03  3.780e-06 -2.390e-05
 2.7250e-01  6.200e-05 -1.500e-03  1.810e-04 -2.700e-04  6.970e-04 -1.450e-06 -1.440e-03  3.840e-06 -2.400e-05
 2.7630e-01  6.300e-05 -1.500e-03  1.820e-04 -2.710e-04  6.990e-04 -1.450e-06 -1.450e-03  3.900e-06 -2.410e-05
 2.8020e-01  6.300e-05 -1.510e-03  1.820e-04 -2.720e-04  7.020e-04 -1.450e-06 -1.450e-03  3.880e-06 -2.420e-05
 2.8400e-01  6.300e-05 -1.510e-03  1.830e-04 -2.730e-04  7.040e-04 -1.450e-06 -1.460e-03  3.840e-06 -2.420e-05
 2.8790e-01  6.300e-05 -1.520e-03  1.830e-04 -2.740e-04  7.060e-04 -1.460e-06 -1.460e-03  3.810e-06 -2.430e-05
 2.9180e-01  6.300e-05 -1.520e-03  1.840e-04 -2.740e-04  7.080e-04 -1.460e-06 -1.470e-03  3.860e-06 -2.430e-05
 2.9560e-01  6.300e-05 -1.530e-03  1.840e-04 -2.750e-04  7.100e-04 -1.460e-06 -1.470e-03  3.920e-06 -2.440e-05
 2.9950e-01  6.400e-05 -1.530e-03  1.850e-04 -2.760e-04  7.120e-04 -1.470e-06 -1.470e-03  3.890e-06 -2.450e-05
 3.0330e-01  6.400e-05 -1.530e-03  1.850e-04 -2.770e-04  7.140e-04 -1.470e-06 -1.480e-03  3.850e-06 -2.450e-05
 3.0720e-01  6.400e-05 -1.540e-03  1.860e-04 -2.770e-04  7.160e-04 -1.480e-06 -1.480e-03  3.810e-06 -2.460e-05
 3.1110e-01  6.400e-05 -1.540e-03  1.860e-04 -2.780e-04  7.180e-04 -1.470e-06 -1.490e-03  3.770e-06 -2.460e-05
 3.1490e-01  6.400e-05 -1.550e-03  1.870e-04 -2.790e-04  7.200e-04 -1.470e-06 -1.490e-03  3.820e-06 -2.460e-05
 3.1880e-01  6.500e-05 -1.550e-03  1.870e-04 -2.800e-04  7.210e-04 -1.480e-06 -1.490e-03  3.770e-06 -2.470e-05
 3.2270e-01  6.500e-05 -1.560e-03  1.880e-04 -2.800e-04  7.230e-04 -1.490e-06 -1.500e-03  3.820e-06 -2.480e-05
 3.2660e-01  6.500e-05 -1.560e-03  1.880e-04 -2.810e-04  7.250e-04 -1.500e-06 -1.500e-03  3.780e-06 -2.490e-05
 3.3040e-01  6.500e-05 -1.560e-03  1.890e-04 -2.820e-04  7.270e-04 -1.510e-06 -1.510e-03  3.740e-06 -2.490e-05
 3.3430e-01  6.500e-05 -1.570e-03  1.890e-04 -2.820e-04  7.280e-04 -1.520e-06 -1.510e-03  3.690e-06 -2.500e-05
 3.3920e-01  6.500e-05 -1.570e-03  1.900e-04 -2.830e-04  7.310e-04 -1.530e-06 -1.510e-03  3.650e-06 -2.510e-05
 3.4420e-01  6.600e-05 -1.580e-03  1.900e-04 -2.840e-04  7.330e-04 -1.530e-06 -1.520e-03  3.620e-06 -2.520e-05
 3.4910e-01  6.600e-05 -1.580e-03  1.910e-04 -2.850e-04  7.350e-04 -1.530e-06 -1.520e-03  3.680e-06 -2.530e-05
 3.5410e-01  6.600e-05 -1.580e-03  1.910e-04 -2.860e-04  7.370e-04 -1.530e-06 -1.530e-03  3.740e-06 -2.540e-05
 3.5900e-01  6.600e-05 -1.590e-03  1.920e-04 -2.860e-04  7.390e-04 -1.540e-06 -1.530e-03  3.790e-06 -2.540e-05
 3.6400e-01  6.600e-05 -1.590e-03  1.920e-04 -2.870e-04  7.410e-04 -1.540e-06 -1.540e-03  3.850e-06 -2.540e-05
 3.6890e-01  6.600e-05 -1.600e-03  1.930e-04 -2.880e-04  7.430e-04 -1.550e-06 -1.540e-03  3.820e-06 -2.550e-05
 3.7390e-01  6.700e-05 -1.600e-03  1.930e-04 -2.890e-04  7.440e-04 -1.550e-06 -1.540e-03  3.780e-06 -2.560e-05
 3.7950e-01  6.700e-05 -1.610e-03  1.940e-04 -2.890e-04  7.470e-04 -1.550e-06 -1.550e-03  3.750e-06 -2.570e-05
 3.8510e-01  6.700e-05 -1.610e-03  1.950e-04 -2.900e-04  7.490e-04 -1.560e-06 -1.550e-03  3.710e-06 -2.580e-05
 3.9070e-01  6.700e-05 -1.610e-03  1.950e-04 -2.910e-04  7.510e-04 -1.570e-06 -1.560e-03  3.770e-06 -2.590e-05
 3.9630e-01  6.700e-05 -1.620e-03  1.960e-04 -2.920e-04  7.530e-04 -1.570e-06 -1.560e-03  3.830e-06 -2.590e-05
 4.0280e-01  6.800e-05 -1.620e-03  1.960e-04 -2.930e-04  7.550e-04 -1.570e-06 -1.570e-03  3.890e-06 -2.610e-05
 4.0940e-01  6.800e-05 -1.630e-03  1.970e-04 -2.930e-04  7.570e-04 -1.570e-06 -1.570e-03  3.860e-06 -2.620e-05
 4.1500e-01  6.800e-05 -1.630e-03  1.970e-04 -2.940e-04  7.590e-04 -1.560e-06 -1.570e-03  3.830e-06 -2.630e-05
 4.2000e-01  6.800e-05 -1.640e-03  1.980e-04 -2.950e-04  7.600e-04 -1.580e-06 -1.580e-03  3.780e-06 -2.640e-05
 4.2650e-01  6.800e-05 -1.640e-03  1.980e-04 -2.960e-04  7.620e-04 -1.580e-06 -1.580e-03  3.750e-06 -2.650e-05
 4.3370e-01  6.800e-05 -1.650e-03  1.990e-04 -2.960e-04  7.650e-04 -1.580e-06 -1.590e-03  3.710e-06 -2.650e-05
 4.4080e-01  6.900e-05 -1.650e-03  1.990e-04 -2.970e-04  7.670e-04 -1.580e-06 -1.590e-03  3.690e-06 -2.650e-05
 4.4740e-01  6.900e-05 -1.660e-03  2.000e-04 -2.980e-04  7.690e-04 -1.590e-06 -1.600e-03  3.650e-06 -2.660e-05
 4.5390e-01  6.900e-05 -1.660e-03  2.010e-04 -2.990e-04  7.710e-04 -1.590e-06 -1.600e-03  3.710e-06 -2.680e-05
 4.6110e-01  6.900e-05 -1.660e-03  2.010e-04 -3.000e-04  7.730e-04 -1.590e-06 -1.600e-03  3.770e-06 -2.690e-05
 4.6830e-01  6.900e-05 -1.670e-03  2.020e-04 -3.000e-04  7.750e-04 -1.590e-06 -1.610e-03  3.740e-06 -2.690e-05
 4.7540e-01  7.000e-05 -1.670e-03  2.020e-04 -3.010e-04  7.770e-04 -1.600e-06 -1.610e-03  3.790e-06 -2.690e-05
 4.8260e-01  7.000e-05 -1.680e-03  2.030e-04 -3.020e-04  7.790e-04 -1.600e-06 -1.620e-03  3.760e-06 -2.700e-05
 4.8970e-01  7.000e-05 -1.680e-03  2.030e-04 -3.030e-04  7.810e-04 -1.610e-06 -1.620e-03  3.820e-06 -2.710e-05
 4.9690e-01  7.000e-05 -1.690e-03  2.040e-04 -3.030e-04  7.820e-04 -1.620e-06 -1.630e-03  3.770e-06 -2.720e-05
 5.0400e-01  7.000e-05 -1.690e-03  2.040e-04 -3.040e-04  7.840e-04 -1.620e-06 -1.630e-03  3.830e-06 -2.720e-05
 5.1120e-01  7.000e-05 -1.690e-03  2.050e-04 -3.050e-04  7.860e-04 -1.630e-06 -1.630e-03  3.890e-06 -2.720e-05
 5.1840e-01  7.100e-05 -1.700e-03  2.050e-04 -3.060e-04  7.880e-04 -1.630e-06 -1.640e-03  3.930e-06 -2.730e-05
 5.2560e-01  7.100e-05 -1.700e-03  2.060e-04 -3.060e-04  7.900e-04 -1.630e-06 -1.640e-03  3.980e-06 -2.730e-05
 5.3280e-01  7.100e-05 -1.700e-03  2.060e-04 -3.070e-04  7.910e-04 -1.630e-06 -1.640e-03  4.030e-06 -2.740e-05
 5.4000e-01  7.100e-05 -1.710e-03  2.070e-04 -3.080e-04  7.930e-04 -1.630e-06 -1.650e-03  3.990e-06 -2.740e-05
 5.4710e-01  7.100e-05 -1.710e-03  2.070e-04 -3.080e-04  7.950e-04 -1.630e-06 -1.650e-03  4.040e-06 -2.750e-05
 5.5430e-01  7.100e-05 -1.720e-03  2.070e-04 -3.090e-04  7.960e-04 -1.630e-06 -1.660e-03  4.080e-06 -2.750e-05
 5.6140e-01  7.100e-05 -1.720e-03  2.080e-04 -3.090e-04  7.980e-04 -1.630e-06 -1.660e-03  4.040e-06 -2.760e-05
 5.6860e-01  7.200e-05 -1.720e-03  2.080e-04 -3.100e-04  7.990e-04 -1.640e-06 -1.660e-03  4.080e-06 -2.760e-05
 5.7580e-01  7.200e-05 -1.730e-03  2.090e-04 -3.110e-04  8.010e-04 -1.630e-06 -1.670e-03  4.050e-06 -2.770e-05
 5.8290e-01  7.200e-05 -1.730e-03  2.090e-04 -3.110e-04  8.020e-04 -1.640e-06 -1.670e-03  4.100e-06 -2.770e-05
 5.9010e-01  7.200e-05 -1.730e-03  2.100e-04 -3.120e-04  8.040e-04 -1.640e-06 -1.670e-03  4.140e-06 -2.770e-05
 5.9730e-01  7.200e-05 -1.740e-03  2.100e-04 -3.120e-04  8.050e-04 -1.640e-06 -1.670e-03  4.100e-06 -2.780e-05
 6.0450e-01  7.200e-05 -1.740e-03  2.100e-04 -3.130e-04  8.070e-04 -1.630e-06 -1.680e-03  4.140e-06 -2.780e-05
 6.1160e-01  7.200e-05 -1.740e-03  2.110e-04 -3.130e-04  8.080e-04 -1.640e-06 -1.680e-03  4.180e-06 -2.790e-05
 6.1880e-01  7.300e-05 -1.750e-03  2.110e-04 -3.140e-04  8.100e-04 -1.650e-06 -1.680e-03  4.130e-06 -2.800e-05
 6.2600e-01  7.300e-05 -1.750e-03  2.110e-04 -3.150e-04  8.110e-04 -1.660e-06 -1.690e-03  4.180e-06 -2.810e-05
 6.3310e-01  7.300e-05 -1.750e-03  2.120e-04 -3.150e-04  8.120e-04 -1.660e-06 -1.690e-03  4.220e-06 -2.810e-05
 6.4030e-01  7.300e-05 -1.750e-03  2.120e-04 -3.160e-04  8.140e-04 -1.660e-06 -1.690e-03  4.260e-06 -2.820e-05
 6.4740e-01  7.300e-05 -1.760e-03  2.130e-04 -3.160e-04  8.150e-04 -1.660e-06 -1.700e-03  4.310e-06 -2.820e-05
 6.5460e-01  7.300e-05 -1.760e-03  2.130e-04 -3.170e-04  8.160e-04 -1.660e-06 -1.700e-03  4.340e-06 -2.830e-05
 6.6180e-01  7.300e-05 -1.760e-03  2.130e-04 -3.170e-04  8.180e-04 -1.670e-06 -1.700e-03  4.380e-06 -2.830e-05
 6.6890e-01  7.300e-05 -1.770e-03  2.140e-04 -3.180e-04  8.190e-04 -1.660e-06 -1.700e-03  4.420e-06 -2.840e-05
 6.7610e-01  7.400e-05 -1.770e-03  2.140e-04 -3.180e-04  8.200e-04 -1.660e-06 -1.710e-03  4.360e-06 -2.840e-05
 6.8320e-01  7.400e-05 -1.770e-03  2.140e-04 -3.190e-04  8.220e-04 -1.670e-06 -1.710e-03  4.310e-06 -2.840e-05
 6.9040e-01  7.400e-05 -1.770e-03  2.150e-04 -3.190e-04  8.230e-04 -1.670e-06 -1.710e-03  4.340e-06 -2.850e-05
 6.9760e-01  7.400e-05 -1.780e-03  2.150e-04 -3.200e-04  8.240e-04 -1.680e-06 -1.710e-03  4.380e-06 -2.860e-05
 7.0470e-01  7.400e-05 -1.780e-03  2.150e-04 -3.200e-04  8.250e-04 -1.690e-06 -1.720e-03  4.420e-06 -2.860e-05
 7.1190e-01  7.400e-05 -1.780e-03  2.160e-04 -3.210e-04  8.260e-04 -1.690e-06 -1.720e-03  4.470e-06 -2.860e-05
 7.1910e-01  7.400e-05 -1.780e-03  2.160e-04 -3.210e-04  8.280e-04 -1.700e-06 -1.720e-03  4.420e-06 -2.870e-05
 7.2620e-01  7.400e-05 -1.790e-03  2.160e-04 -3.220e-04  8.290e-04 -1.700e-06 -1.730e-03  4.460e-06 -2.880e-05
 7.3340e-01  7.400e-05 -1.790e-03  2.170e-04 -3.220e-04  8.300e-04 -1.700e-06 -1.730e-03  4.490e-06 -2.880e-05
 7.4060e-01  7.500e-05 -1.790e-03  2.170e-04 -3.220e-04  8.310e-04 -1.700e-06 -1.730e-03  4.530e-06 -2.880e-05
 7.4770e-01  7.500e-05 -1.790e-03  2.170e-04 -3.230e-04  8.320e-04 -1.700e-06 -1.730e-03  4.470e-06 -2.880e-05
 7.5490e-01  7.500e-05 -1.800e-03  2.180e-04 -3.230e-04  8.330e-04 -1.700e-06 -1.730e-03  4.410e-06 -2.880e-05
 7.6210e-01  7.500e-05 -1.800e-03  2.180e-04 -3.240e-04  8.340e-04 -1.710e-06 -1.740e-03  4.450e-06 -2.880e-05
 7.6920e-01  7.500e-05 -1.800e-03  2.180e-04 -3.240e-04  8.350e-04 -1.730e-06 -1.740e-03  4.390e-06 -2.880e-05
 7.7640e-01  7.500e-05 -1.800e-03  2.180e-04 -3.240e-04  8.360e-04 -1.730e-06 -1.740e-03  4.420e-06 -2.890e-05
 7.8360e-01  7.500e-05 -1.810e-03  2.190e-04 -3.250e-04  8.370e-04 -1.730e-06 -1.740e-03  4.460e-06 -2.890e-05
 7.9070e-01  7.500e-05 -1.810e-03  2.190e-04 -3.250e-04  8.380e-04 -1.730e-06 -1.750e-03  4.490e-06 -2.890e-05
 7.9790e-01  7.500e-05 -1.810e-03  2.190e-04 -3.260e-04  8.390e-04 -1.740e-06 -1.750e-03  4.420e-06 -2.890e-05
 8.0460e-01  7.500e-05 -1.810e-03  2.200e-04 -3.260e-04  8.400e-04 -1.740e-06 -1.750e-03  4.450e-06 -2.900e-05
 8.1150e-01  7.600e-05 -1.820e-03  2.200e-04 -3.260e-04  8.410e-04 -1.740e-06 -1.750e-03  4.480e-06 -2.900e-05
 8.1820e-01  7.600e-05 -1.820e-03  2.200e-04 -3.270e-04  8.420e-04 -1.730e-06 -1.750e-03  4.410e-06 -2.910e-05
 8.2480e-01  7.600e-05 -1.820e-03  2.200e-04 -3.270e-04  8.430e-04 -1.740e-06 -1.760e-03  4.450e-06 -2.910e-05
 8.3150e-01  7.600e-05 -1.820e-03  2.210e-04 -3.280e-04  8.440e-04 -1.740e-06 -1.760e-03  4.390e-06 -2.920e-05
 8.3820e-01  7.600e-05 -1.820e-03  2.210e-04 -3.280e-04  8.450e-04 -1.740e-06 -1.760e-03  4.410e-06 -2.920e-05
 8.4480e-01  7.600e-05 -1.830e-03  2.210e-04 -3.280e-04  8.460e-04 -1.740e-06 -1.760e-03  4.450e-06 -2.910e-05
 8.5150e-01  7.600e-05 -1.830e-03  2.210e-04 -3.290e-04  8.470e-04 -1.760e-06 -1.760e-03  4.480e-06 -2.920e-05
 8.5820e-01  7.600e-05 -1.830e-03  2.220e-04 -3.290e-04  8.480e-04 -1.760e-06 -1.770e-03  4.410e-06 -2.920e-05
 8.6480e-01  7.600e-05 -1.830e-03  2.220e-04 -3.290e-04  8.490e-04 -1.760e-06 -1.770e-03  4.350e-06 -2.920e-05
 8.7150e-01  7.600e-05 -1.830e-03  2.220e-04 -3.300e-04  8.490e-04 -1.750e-06 -1.770e-03  4.390e-06 -2.920e-05
 8.7810e-01  7.600e-05 -1.840e-03  2.220e-04 -3.300e-04  8.500e-04 -1.760e-06 -1.770e-03  4.410e-06 -2.920e-05
 8.8480e-01  7.600e-05 -1.840e-03  2.230e-04 -3.300e-04  8.510e-04 -1.760e-06 -1.770e-03  4.340e-06 -2.920e-05
 8.9150e-01  7.600e-05 -1.840e-03  2.230e-04 -3.310e-04  8.520e-04 -1.760e-06 -1.780e-03  4.360e-06 -2.930e-05
 8.9810e-01  7.700e-05 -1.840e-03  2.230e-04 -3.310e-04  8.530e-04 -1.760e-06 -1.780e-03  4.390e-06 -2.920e-05
 9.0480e-01  7.700e-05 -1.840e-03  2.230e-04 -3.310e-04  8.540e-04 -1.760e-06 -1.780e-03  4.420e-06 -2.930e-05
 9.1150e-01  7.700e-05 -1.840e-03  2.230e-04 -3.310e-04  8.540e-04 -1.760e-06 -1.780e-03  4.450e-06 -2.930e-05
 9.1810e-01  7.700e-05 -1.850e-03  2.240e-04 -3.320e-04  8.550e-04 -1.750e-06 -1.780e-03  4.390e-06 -2.940e-05
 9.2480e-01  7.700e-05 -1.850e-03  2.240e-04 -3.320e-04  8.560e-04 -1.750e-06 -1.780e-03  4.410e-06 -2.930e-05
 9.3200e-01  7.700e-05 -1.850e-03  2.240e-04 -3.320e-04  8.570e-04 -1.740e-06 -1.790e-03  4.450e-06 -2.940e-05
 9.3870e-01  7.700e-05 -1.850e-03  2.240e-04 -3.330e-04  8.580e-04 -1.740e-06 -1.790e-03  4.470e-06 -2.950e-05
 9.4530e-01  7.700e-05 -1.850e-03  2.250e-04 -3.330e-04  8.580e-04 -1.750e-06 -1.790e-03  4.490e-06 -2.950e-05
 9.5200e-01  7.700e-05 -1.860e-03  2.250e-04 -3.330e-04  8.590e-04 -1.750e-06 -1.790e-03  4.520e-06 -2.950e-05
 9.5870e-01  7.700e-05 -1.860e-03  2.250e-04 -3.340e-04  8.600e-04 -1.760e-06 -1.790e-03  4.450e-06 -2.950e-05
 9.6530e-01  7.700e-05 -1.860e-03  2.250e-04 -3.340e-04  8.610e-04 -1.760e-06 -1.790e-03  4.380e-06 -2.950e-05
 9.7200e-01  7.700e-05 -1.860e-03  2.250e-04 -3.340e-04  8.610e-04 -1.760e-06 -1.800e-03  4.400e-06 -2.960e-05
 9.7870e-01  7.700e-05 -1.860e-03  2.260e-04 -3.350e-04  8.620e-04 -1.760e-06 -1.800e-03  4.330e-06 -2.960e-05
 9.8530e-01  7.800e-05 -1.860e-03  2.260e-04 -3.350e-04  8.630e-04 -1.760e-06 -1.800e-03  4.350e-06 -2.960e-05
 9.9200e-01  7.800e-05 -1.870e-03  2.260e-04 -3.350e-04  8.640e-04 -1.770e-06 -1.800e-03  4.290e-06 -2.970e-05
 9.9870e-01  7.800e-05 -1.870e-03  2.260e-04 -3.350e-04  8.640e-04 -1.760e-06 -1.800e-03  4.320e-06 -2.970e-05
 1.0050e+00  7.800e-05 -1.870e-03  2.260e-04 -3.360e-04  8.650e-04 -1.760e-06 -1.800e-03  4.250e-06 -2.970e-05
 1.0120e+00  7.800e-05 -1.870e-03  2.270e-04 -3.360e-04  8.660e-04 -1.760e-06 -1.810e-03  4.180e-06 -2.970e-05
 1.0190e+00  7.800e-05 -1.870e-03  2.270e-04 -3.360e-04  8.670e-04 -1.760e-06 -1.810e-03  4.200e-06 -2.960e-05
 1.0250e+00  7.800e-05 -1.870e-03  2.270e-04 -3.360e-04  8.670e-04 -1.760e-06 -1.810e-03  4.220e-06 -2.970e-05
 1.0320e+00  7.800e-05 -1.870e-03  2.270e-04 -3.370e-04  8.680e-04 -1.760e-06 -1.810e-03  4.250e-06 -2.980e-05
 1.0390e+00  7.800e-05 -1.880e-03  2.270e-04 -3.370e-04  8.690e-04 -1.770e-06 -1.810e-03  4.180e-06 -2.990e-05
 1.0450e+00  7.800e-05 -1.880e-03  2.280e-04 -3.370e-04  8.690e-04 -1.770e-06 -1.810e-03  4.110e-06 -2.990e-05
 1.0520e+00  7.800e-05 -1.880e-03  2.280e-04 -3.380e-04  8.700e-04 -1.780e-06 -1.820e-03  4.040e-06 -3.000e-05
 1.0590e+00  7.800e-05 -1.880e-03  2.280e-04 -3.380e-04  8.710e-04 -1.770e-06 -1.820e-03  4.060e-06 -2.990e-05
 1.0650e+00  7.800e-05 -1.880e-03  2.280e-04 -3.380e-04  8.710e-04 -1.780e-06 -1.820e-03  4.080e-06 -2.990e-05
 1.0720e+00  7.800e-05 -1.880e-03  2.280e-04 -3.380e-04  8.720e-04 -1.780e-06 -1.820e-03  4.110e-06 -2.990e-05
 1.0790e+00  7.800e-05 -1.890e-03  2.290e-04 -3.390e-04  8.730e-04 -1.780e-06 -1.820e-03  4.130e-06 -2.990e-05
 1.0860e+00  7.900e-05 -1.890e-03  2.290e-04 -3.390e-04  8.740e-04 -1.780e-06 -1.820e-03  4.150e-06 -2.990e-05
 1.0930e+00  7.900e-05 -1.890e-03  2.290e-04 -3.390e-04  8.740e-04 -1.780e-06 -1.820e-03  4.080e-06 -3.000e-05
 1.1000e+00  7.900e-05 -1.890e-03  2.290e-04 -3.390e-04  8.750e-04 -1.780e-06 -1.830e-03  4.100e-06 -3.000e-05
 1.1070e+00  7.900e-05 -1.890e-03  2.290e-04 -3.400e-04  8.760e-04 -1.780e-06 -1.830e-03  4.120e-06 -3.000e-05
 1.1140e+00  7.900e-05 -1.890e-03  2.300e-04 -3.400e-04  8.760e-04 -1.790e-06 -1.830e-03  4.140e-06 -3.000e-05
 1.1210e+00  7.900e-05 -1.890e-03  2.300e-04 -3.400e-04  8.770e-04 -1.790e-06 -1.830e-03  4.170e-06 -3.000e-05
 1.1280e+00  7.900e-05 -1.900e-03  2.300e-04 -3.400e-04  8.780e-04 -1.800e-06 -1.830e-03  4.100e-06 -3.000e-05
 1.1350e+00  7.900e-05 -1.900e-03  2.300e-04 -3.410e-04  8.780e-04 -1.800e-06 -1.830e-03  4.120e-06 -3.010e-05
 1.1420e+00  7.900e-05 -1.900e-03  2.300e-04 -3.410e-04  8.790e-04 -1.810e-06 -1.830e-03  4.140e-06 -3.010e-05
 1.1490e+00  7.900e-05 -1.900e-03  2.310e-04 -3.410e-04  8.800e-04 -1.810e-06 -1.840e-03  4.170e-06 -3.010e-05
 1.1560e+00  7.900e-05 -1.900e-03  2.310e-04 -3.410e-04  8.800e-04 -1.820e-06 -1.840e-03  4.190e-06 -3.010e-05
 1.1630e+00  7.900e-05 -1.900e-03  2.310e-04 -3.420e-04  8.810e-04 -1.820e-06 -1.840e-03  4.210e-06 -3.020e-05
 1.1700e+00  7.900e-05 -1.900e-03  2.310e-04 -3.420e-04  8.810e-04 -1.820e-06 -1.840e-03  4.220e-06 -3.030e-05
 1.1770e+00  7.900e-05 -1.910e-03  2.310e-04 -3.420e-04  8.820e-04 -1.830e-06 -1.840e-03  4.150e-06 -3.020e-05
 1.1840e+00  7.900e-05 -1.910e-03  2.310e-04 -3.420e-04  8.830e-04 -1.830e-06 -1.840e-03  4.170e-06 -3.020e-05
 1.1910e+00  7.900e-05 -1.910e-03  2.320e-04 -3.430e-04  8.830e-04 -1.830e-06 -1.840e-03  4.100e-06 -3.030e-05
 1.1980e+00  7.900e-05 -1.910e-03  2.320e-04 -3.430e-04  8.840e-04 -1.820e-06 -1.850e-03  4.120e-06 -3.030e-05
 1.2040e+00  8.000e-05 -1.910e-03  2.320e-04 -3.430e-04  8.840e-04 -1.810e-06 -1.850e-03  4.140e-06 -3.030e-05
 1.2110e+00  8.000e-05 -1.910e-03  2.320e-04 -3.430e-04  8.850e-04 -1.820e-06 -1.850e-03  4.150e-06 -3.030e-05
 1.2180e+00  8.000e-05 -1.910e-03  2.320e-04 -3.440e-04  8.860e-04 -1.830e-06 -1.850e-03  4.080e-06 -3.040e-05
 1.2240e+00  8.000e-05 -1.920e-03  2.320e-04 -3.440e-04  8.860e-04 -1.830e-06 -1.850e-03  4.010e-06 -3.040e-05
 1.2310e+00  8.000e-05 -1.920e-03  2.330e-04 -3.440e-04  8.870e-04 -1.830e-06 -1.850e-03  4.040e-06 -3.040e-05
 1.2380e+00  8.000e-05 -1.920e-03  2.330e-04 -3.440e-04  8.870e-04 -1.830e-06 -1.850e-03  4.050e-06 -3.040e-05
 1.2440e+00  8.000e-05 -1.920e-03  2.330e-04 -3.450e-04  8.880e-04 -1.830e-06 -1.850e-03  4.070e-06 -3.040e-05
 1.2510e+00  8.000e-05 -1.920e-03  2.330e-04 -3.450e-04  8.880e-04 -1.830e-06 -1.860e-03  4.100e-06 -3.050e-05
 1.2580e+00  8.000e-05 -1.920e-03  2.330e-04 -3.450e-04  8.890e-04 -1.830e-06 -1.860e-03  4.030e-06 -3.050e-05
 1.2640e+00  8.000e-05 -1.920e-03  2.330e-04 -3.450e-04  8.900e-04 -1.820e-06 -1.860e-03  3.960e-06 -3.050e-05
 1.2710e+00  8.000e-05 -1.920e-03  2.330e-04 -3.450e-04  8.900e-04 -1.820e-06 -1.860e-03  3.970e-06 -3.060e-05
 1.2780e+00  8.000e-05 -1.930e-03  2.340e-04 -3.460e-04  8.910e-04 -1.810e-06 -1.860e-03  3.990e-06 -3.060e-05
 1.2850e+00  8.000e-05 -1.930e-03  2.340e-04 -3.460e-04  8.910e-04 -1.830e-06 -1.860e-03  4.000e-06 -3.060e-05
 1.2910e+00  8.000e-05 -1.930e-03  2.340e-04 -3.460e-04  8.920e-04 -1.830e-06 -1.860e-03  4.030e-06 -3.060e-05
 1.2980e+00  8.000e-05 -1.930e-03  2.340e-04 -3.460e-04  8.920e-04 -1.840e-06 -1.860e-03  4.040e-06 -3.070e-05
 1.3050e+00  8.000e-05 -1.930e-03  2.340e-04 -3.470e-04  8.930e-04 -1.840e-06 -1.860e-03  4.060e-06 -3.060e-05
 1.3120e+00  8.000e-05 -1.930e-03  2.340e-04 -3.470e-04  8.930e-04 -1.850e-06 -1.870e-03  3.980e-06 -3.070e-05
 1.3190e+00  8.000e-05 -1.930e-03  2.350e-04 -3.470e-04  8.940e-04 -1.850e-06 -1.870e-03  4.000e-06 -3.070e-05
 1.3260e+00  8.000e-05 -1.930e-03  2.350e-04 -3.470e-04  8.940e-04 -1.850e-06 -1.870e-03  4.030e-06 -3.070e-05
 1.3330e+00  8.000e-05 -1.930e-03  2.350e-04 -3.470e-04  8.950e-04 -1.850e-06 -1.870e-03  4.050e-06 -3.070e-05
 1.3400e+00  8.100e-05 -1.940e-03  2.350e-04 -3.480e-04  8.960e-04 -1.850e-06 -1.870e-03  4.070e-06 -3.080e-05
 1.3470e+00  8.100e-05 -1.940e-03  2.350e-04 -3.480e-04  8.960e-04 -1.850e-06 -1.870e-03  4.100e-06 -3.070e-05
 1.3540e+00  8.100e-05 -1.940e-03  2.350e-04 -3.480e-04  8.970e-04 -1.850e-06 -1.870e-03  4.120e-06 -3.080e-05
 1.3610e+00  8.100e-05 -1.940e-03  2.350e-04 -3.480e-04  8.970e-04 -1.850e-06 -1.870e-03  4.140e-06 -3.080e-05
 1.3680e+00  8.100e-05 -1.940e-03  2.360e-04 -3.480e-04  8.980e-04 -1.850e-06 -1.880e-03  4.170e-06 -3.080e-05
 1.3750e+00  8.100e-05 -1.940e-03  2.360e-04 -3.490e-04  8.980e-04 -1.850e-06 -1.880e-03  4.180e-06 -3.080e-05
 1.3820e+00  8.100e-05 -1.940e-03  2.360e-04 -3.490e-04  8.990e-04 -1.850e-06 -1.880e-03  4.100e-06 -3.080e-05
 1.3890e+00  8.100e-05 -1.940e-03  2.360e-04 -3.490e-04  8.990e-04 -1.850e-06 -1.880e-03  4.120e-06 -3.090e-05
 1.3960e+00  8.100e-05 -1.950e-03  2.360e-04 -3.490e-04  9.000e-04 -1.860e-06 -1.880e-03  4.130e-06 -3.090e-05
 1.4030e+00  8.100e-05 -1.950e-03  2.360e-04 -3.500e-04  9.000e-04 -1.860e-06 -1.880e-03  4.150e-06 -3.100e-05
 1.4100e+00  8.100e-05 -1.950e-03  2.360e-04 -3.500e-04  9.010e-04 -1.850e-06 -1.880e-03  4.170e-06 -3.100e-05
 1.4170e+00  8.100e-05 -1.950e-03  2.370e-04 -3.500e-04  9.010e-04 -1.850e-06 -1.880e-03  4.190e-06 -3.100e-05
 1.4240e+00  8.100e-05 -1.950e-03  2.370e-04 -3.500e-04  9.020e-04 -1.850e-06 -1.880e-03  4.200e-06 -3.110e-05
 1.4310e+00  8.100e-05 -1.950e-03  2.370e-04 -3.500e-04  9.020e-04 -1.850e-06 -1.890e-03  4.130e-06 -3.110e-05
 1.4380e+00  8.100e-05 -1.950e-03  2.370e-04 -3.500e-04  9.030e-04 -1.860e-06 -1.890e-03  4.150e-06 -3.110e-05
 1.4450e+00  8.100e-05 -1.950e-03  2.370e-04 -3.510e-04  9.030e-04 -1.850e-06 -1.890e-03  4.170e-06 -3.110e-05
 1.4520e+00  8.100e-05 -1.950e-03  2.370e-04 -3.510e-04  9.040e-04 -1.850e-06 -1.890e-03  4.180e-06 -3.110e-05
 1.4590e+00  8.100e-05 -1.960e-03  2.370e-04 -3.510e-04  9.040e-04 -1.850e-06 -1.890e-03  4.200e-06 -3.120e-05
 1.4660e+00  8.100e-05 -1.960e-03  2.380e-04 -3.510e-04  9.050e-04 -1.850e-06 -1.890e-03  4.210e-06 -3.120e-05
 1.4730e+00  8.100e-05 -1.960e-03  2.380e-04 -3.510e-04  9.050e-04 -1.850e-06 -1.890e-03  4.240e-06 -3.120e-05
 1.4800e+00  8.100e-05 -1.960e-03  2.380e-04 -3.520e-04  9.060e-04 -1.850e-06 -1.890e-03  4.250e-06 -3.120e-05
 1.4870e+00  8.200e-05 -1.960e-03  2.380e-04 -3.520e-04  9.060e-04 -1.840e-06 -1.890e-03  4.170e-06 -3.130e-05
 1.4940e+00  8.200e-05 -1.960e-03  2.380e-04 -3.520e-04  9.070e-04 -1.850e-06 -1.900e-03  4.190e-06 -3.130e-05
 1.5010e+00  8.200e-05 -1.960e-03  2.380e-04 -3.520e-04  9.070e-04 -1.860e-06 -1.900e-03  4.210e-06 -3.120e-05
 1.5080e+00  8.200e-05 -1.960e-03  2.380e-04 -3.520e-04  9.070e-04 -1.870e-06 -1.900e-03  4.240e-06 -3.120e-05
 1.5150e+00  8.200e-05 -1.960e-03  2.380e-04 -3.520e-04  9.080e-04 -1.870e-06 -1.900e-03  4.250e-06 -3.120e-05
 1.5220e+00  8.200e-05 -1.960e-03  2.390e-04 -3.530e-04  9.080e-04 -1.860e-06 -1.900e-03  4.260e-06 -3.120e-05
 1.5290e+00  8.200e-05 -1.970e-03  2.390e-04 -3.530e-04  9.090e-04 -1.870e-06 -1.900e-03  4.280e-06 -3.120e-05
 1.5360e+00  8.200e-05 -1.970e-03  2.390e-04 -3.530e-04  9.090e-04 -1.870e-06 -1.900e-03  4.310e-06 -3.120e-05
 1.5430e+00  8.200e-05 -1.970e-03  2.390e-04 -3.530e-04  9.100e-04 -1.870e-06 -1.900e-03  4.320e-06 -3.120e-05
 1.5500e+00  8.200e-05 -1.970e-03  2.390e-04 -3.530e-04  9.100e-04 -1.870e-06 -1.900e-03  4.330e-06 -3.130e-05
 1.5570e+00  8.200e-05 -1.970e-03  2.390e-04 -3.540e-04  9.110e-04 -1.870e-06 -1.900e-03  4.340e-06 -3.130e-05
 1.5640e+00  8.200e-05 -1.970e-03  2.390e-04 -3.540e-04  9.110e-04 -1.870e-06 -1.910e-03  4.350e-06 -3.130e-05
 1.5710e+00  8.200e-05 -1.970e-03  2.390e-04 -3.540e-04  9.120e-04 -1.870e-06 -1.910e-03  4.360e-06 -3.130e-05
 1.5780e+00  8.200e-05 -1.970e-03  2.400e-04 -3.540e-04  9.120e-04 -1.870e-06 -1.910e-03  4.390e-06 -3.130e-05
 1.5850e+00  8.200e-05 -1.970e-03  2.400e-04 -3.540e-04  9.120e-04 -1.870e-06 -1.910e-03  4.410e-06 -3.130e-05
 1.5920e+00  8.200e-05 -1.970e-03  2.400e-04 -3.540e-04  9.130e-04 -1.870e-06 -1.910e-03  4.420e-06 -3.130e-05
 1.5990e+00  8.200e-05 -1.980e-03  2.400e-04 -3.550e-04  9.130e-04 -1.880e-06 -1.910e-03  4.430e-06 -3.130e-05
 1.6060e+00  8.200e-05 -1.980e-03  2.400e-04 -3.550e-04  9.140e-04 -1.880e-06 -1.910e-03  4.450e-06 -3.140e-05
 1.6130e+00  8.200e-05 -1.980e-03  2.400e-04 -3.550e-04  9.140e-04 -1.880e-06 -1.910e-03  4.460e-06 -3.150e-05
 1.6200e+00  8.200e-05 -1.980e-03  2.400e-04 -3.550e-04  9.150e-04 -1.880e-06 -1.910e-03  4.470e-06 -3.150e-05
 1.6270e+00  8.200e-05 -1.980e-03  2.400e-04 -3.550e-04  9.150e-04 -1.880e-06 -1.910e-03  4.480e-06 -3.160e-05
 1.6340e+00  8.200e-05 -1.980e-03  2.410e-04 -3.550e-04  9.150e-04 -1.890e-06 -1.910e-03  4.490e-06 -3.160e-05
 1.6410e+00  8.200e-05 -1.980e-03  2.410e-04 -3.560e-04  9.160e-04 -1.900e-06 -1.920e-03  4.420e-06 -3.150e-05
 1.6480e+00  8.200e-05 -1.980e-03  2.410e-04 -3.560e-04  9.160e-04 -1.880e-06 -1.920e-03  4.450e-06 -3.150e-05
 1.6550e+00  8.300e-05 -1.980e-03  2.410e-04 -3.560e-04  9.170e-04 -1.890e-06 -1.920e-03  4.460e-06 -3.150e-05
 1.6620e+00  8.300e-05 -1.980e-03  2.410e-04 -3.560e-04  9.170e-04 -1.900e-06 -1.920e-03  4.470e-06 -3.160e-05
 1.6690e+00  8.300e-05 -1.990e-03  2.410e-04 -3.560e-04  9.180e-04 -1.890e-06 -1.920e-03  4.480e-06 -3.160e-05
 1.6760e+00  8.300e-05 -1.990e-03  2.410e-04 -3.560e-04  9.180e-04 -1.890e-06 -1.920e-03  4.400e-06 -3.150e-05
 1.6830e+00  8.300e-05 -1.990e-03  2.410e-04 -3.570e-04  9.180e-04 -1.880e-06 -1.920e-03  4.420e-06 -3.160e-05
 1.6900e+00  8.300e-05 -1.990e-03  2.420e-04 -3.570e-04  9.190e-04 -1.880e-06 -1.920e-03  4.430e-06 -3.170e-05
 1.6970e+00  8.300e-05 -1.990e-03  2.420e-04 -3.570e-04  9.190e-04 -1.870e-06 -1.920e-03  4.450e-06 -3.170e-05
 1.7040e+00  8.300e-05 -1.990e-03  2.420e-04 -3.570e-04  9.200e-04 -1.860e-06 -1.920e-03  4.460e-06 -3.170e-05
 1.7110e+00  8.300e-05 -1.990e-03  2.420e-04 -3.570e-04  9.200e-04 -1.870e-06 -1.920e-03  4.470e-06 -3.180e-05
 1.7180e+00  8.300e-05 -1.990e-03  2.420e-04 -3.570e-04  9.200e-04 -1.870e-06 -1.930e-03  4.480e-06 -3.170e-05
 1.7250e+00  8.300e-05 -1.990e-03  2.420e-04 -3.580e-04  9.210e-04 -1.880e-06 -1.930e-03  4.400e-06 -3.170e-05
 1.7320e+00  8.300e-05 -1.990e-03  2.420e-04 -3.580e-04  9.210e-04 -1.880e-06 -1.930e-03  4.410e-06 -3.180e-05
 1.7390e+00  8.300e-05 -1.990e-03  2.420e-04 -3.580e-04  9.220e-04 -1.880e-06 -1.930e-03  4.420e-06 -3.180e-05
 1.7460e+00  8.300e-05 -1.990e-03  2.420e-04 -3.580e-04  9.220e-04 -1.880e-06 -1.930e-03  4.430e-06 -3.170e-05
 1.7530e+00  8.300e-05 -2.000e-03  2.430e-04 -3.580e-04  9.220e-04 -1.880e-06 -1.930e-03  4.450e-06 -3.170e-05
 1.7590e+00  8.300e-05 -2.000e-03  2.430e-04 -3.580e-04  9.230e-04 -1.880e-06 -1.930e-03  4.460e-06 -3.180e-05
 1.7660e+00  8.300e-05 -2.000e-03  2.430e-04 -3.580e-04  9.230e-04 -1.880e-06 -1.930e-03  4.480e-06 -3.180e-05
 1.7720e+00  8.300e-05 -2.000e-03  2.430e-04 -3.590e-04  9.230e-04 -1.870e-06 -1.930e-03  4.490e-06 -3.180e-05
 1.7790e+00  8.300e-05 -2.000e-03  2.430e-04 -3.590e-04  9.240e-04 -1.880e-06 -1.930e-03  4.500e-06 -3.180e-05
 1.7860e+00  8.300e-05 -2.000e-03  2.430e-04 -3.590e-04  9.240e-04 -1.880e-06 -1.930e-03  4.530e-06 -3.180e-05
 1.7930e+00  8.300e-05 -2.000e-03  2.430e-04 -3.590e-04  9.250e-04 -1.880e-06 -1.930e-03  4.540e-06 -3.190e-05
 1.8000e+00  8.300e-05 -2.000e-03  2.430e-04 -3.590e-04  9.250e-04 -1.880e-06 -1.940e-03  4.550e-06 -3.190e-05
 1.8070e+00  8.300e-05 -2.000e-03  2.430e-04 -3.590e-04  9.250e-04 -1.880e-06 -1.940e-03  4.470e-06 -3.190e-05
 1.8140e+00  8.300e-05 -2.000e-03  2.430e-04 -3.590e-04  9.260e-04 -1.880e-06 -1.940e-03  4.480e-06 -3.190e-05
 1.8210e+00  8.300e-05 -2.000e-03  2.440e-04 -3.600e-04  9.260e-04 -1.900e-06 -1.940e-03  4.490e-06 -3.190e-05
 1.8270e+00  8.300e-05 -2.000e-03  2.440e-04 -3.600e-04  9.260e-04 -1.900e-06 -1.940e-03  4.500e-06 -3.190e-05
 1.8340e+00  8.300e-05 -2.010e-03  2.440e-04 -3.600e-04  9.270e-04 -1.900e-06 -1.940e-03  4.520e-06 -3.190e-05
 1.8410e+00  8.300e-05 -2.010e-03  2.440e-04 -3.600e-04  9.270e-04 -1.900e-06 -1.940e-03  4.530e-06 -3.190e-05
 1.8480e+00  8.300e-05 -2.010e-03  2.440e-04 -3.600e-04  9.280e-04 -1.900e-06 -1.940e-03  4.540e-06 -3.190e-05
 1.8550e+00  8.400e-05 -2.010e-03  2.440e-04 -3.600e-04  9.280e-04 -1.900e-06 -1.940e-03  4.550e-06 -3.190e-05
 1.8620e+00  8.400e-05 -2.010e-03  2.440e-04 -3.600e-04  9.280e-04 -1.900e-06 -1.940e-03  4.560e-06 -3.200e-05
 1.8690e+00  8.400e-05 -2.010e-03  2.440e-04 -3.610e-04  9.290e-04 -1.900e-06 -1.940e-03  4.570e-06 -3.200e-05
 1.8750e+00  8.400e-05 -2.010e-03  2.440e-04 -3.610e-04  9.290e-04 -1.890e-06 -1.940e-03  4.590e-06 -3.200e-05
 1.8820e+00  8.400e-05 -2.010e-03  2.440e-04 -3.610e-04  9.290e-04 -1.890e-06 -1.950e-03  4.600e-06 -3.210e-05
 1.8880e+00  8.400e-05 -2.010e-03  2.450e-04 -3.610e-04  9.290e-04 -1.900e-06 -1.950e-03  4.610e-06 -3.210e-05
 1.8950e+00  8.400e-05 -2.010e-03  2.450e-04 -3.610e-04  9.300e-04 -1.900e-06 -1.950e-03  4.620e-06 -3.220e-05
 1.9020e+00  8.400e-05 -2.010e-03  2.450e-04 -3.610e-04  9.300e-04 -1.900e-06 -1.950e-03  4.540e-06 -3.220e-05
 1.9090e+00  8.400e-05 -2.010e-03  2.450e-04 -3.610e-04  9.300e-04 -1.900e-06 -1.950e-03  4.450e-06 -3.220e-05
 1.9160e+00  8.400e-05 -2.010e-03  2.450e-04 -3.620e-04  9.310e-04 -1.900e-06 -1.950e-03  4.460e-06 -3.220e-05
 1.9230e+00  8.400e-05 -2.020e-03  2.450e-04 -3.620e-04  9.310e-04 -1.910e-06 -1.950e-03  4.470e-06 -3.220e-05
 1.9290e+00  8.400e-05 -2.020e-03  2.450e-04 -3.620e-04  9.310e-04 -1.910e-06 -1.950e-03  4.480e-06 -3.220e-05
 1.9360e+00  8.400e-05 -2.020e-03  2.450e-04 -3.620e-04  9.320e-04 -1.900e-06 -1.950e-03  4.490e-06 -3.220e-05
 1.9430e+00  8.400e-05 -2.020e-03  2.450e-04 -3.620e-04  9.320e-04 -1.900e-06 -1.950e-03  4.500e-06 -3.220e-05
 1.9490e+00  8.400e-05 -2.020e-03  2.450e-04 -3.620e-04  9.320e-04 -1.900e-06 -1.950e-03  4.500e-06 -3.220e-05
 1.9560e+00  8.400e-05 -2.020e-03  2.450e-04 -3.620e-04  9.330e-04 -1.900e-06 -1.950e-03  4.520e-06 -3.230e-05
 1.9620e+00  8.400e-05 -2.020e-03  2.460e-04 -3.620e-04  9.330e-04 -1.890e-06 -1.950e-03  4.530e-06 -3.230e-05
 1.9690e+00  8.400e-05 -2.020e-03  2.460e-04 -3.630e-04  9.330e-04 -1.880e-06 -1.950e-03  4.540e-06 -3.240e-05
 1.9750e+00  8.400e-05 -2.020e-03  2.460e-04 -3.630e-04  9.340e-04 -1.880e-06 -1.960e-03  4.460e-06 -3.230e-05
 1.9810e+00  8.400e-05 -2.020e-03  2.460e-04 -3.630e-04  9.340e-04 -1.880e-06 -1.960e-03  4.470e-06 -3.230e-05
 1.9880e+00  8.400e-05 -2.020e-03  2.460e-04 -3.630e-04  9.340e-04 -1.890e-06 -1.960e-03  4.480e-06 -3.230e-05
 1.9950e+00  8.400e-05 -2.020e-03  2.460e-04 -3.630e-04  9.350e-04 -1.900e-06 -1.960e-03  4.490e-06 -3.240e-05
 2.0020e+00  8.400e-05 -2.020e-03  2.460e-04 -3.630e-04  9.350e-04 -1.900e-06 -1.960e-03  4.500e-06 -3.240e-05
 2.0080e+00  8.400e-05 -2.020e-03  2.460e-04 -3.630e-04  9.350e-04 -1.910e-06 -1.960e-03  4.520e-06 -3.240e-05
 2.0140e+00  8.400e-05 -2.030e-03  2.460e-04 -3.630e-04  9.360e-04 -1.910e-06 -1.960e-03  4.430e-06 -3.250e-05
 2.0210e+00  8.400e-05 -2.030e-03  2.460e-04 -3.640e-04  9.360e-04 -1.910e-06 -1.960e-03  4.430e-06 -3.250e-05
 2.0280e+00  8.400e-05 -2.030e-03  2.460e-04 -3.640e-04  9.360e-04 -1.910e-06 -1.960e-03  4.450e-06 -3.250e-05
 2.0340e+00  8.400e-05 -2.030e-03  2.470e-04 -3.640e-04  9.360e-04 -1.920e-06 -1.960e-03  4.450e-06 -3.250e-05
 2.0400e+00  8.400e-05 -2.030e-03  2.470e-04 -3.640e-04  9.370e-04 -1.910e-06 -1.960e-03  4.360e-06 -3.250e-05
 2.0470e+00  8.400e-05 -2.030e-03  2.470e-04 -3.640e-04  9.370e-04 -1.920e-06 -1.960e-03  4.380e-06 -3.260e-05
 2.0530e+00  8.400e-05 -2.030e-03  2.470e-04 -3.640e-04  9.370e-04 -1.910e-06 -1.960e-03  4.390e-06 -3.260e-05
 2.0590e+00  8.400e-05 -2.030e-03  2.470e-04 -3.640e-04  9.380e-04 -1.920e-06 -1.960e-03  4.400e-06 -3.260e-05
 2.0660e+00  8.400e-05 -2.030e-03  2.470e-04 -3.640e-04  9.380e-04 -1.920e-06 -1.960e-03  4.320e-06 -3.260e-05
 2.0720e+00  8.400e-05 -2.030e-03  2.470e-04 -3.640e-04  9.380e-04 -1.920e-06 -1.960e-03  4.330e-06 -3.260e-05
 2.0780e+00  8.500e-05 -2.030e-03  2.470e-04 -3.650e-04  9.390e-04 -1.920e-06 -1.970e-03  4.330e-06 -3.260e-05
 2.0850e+00  8.500e-05 -2.030e-03  2.470e-04 -3.650e-04  9.390e-04 -1.930e-06 -1.970e-03  4.340e-06 -3.260e-05
 2.0920e+00  8.500e-05 -2.030e-03  2.470e-04 -3.650e-04  9.390e-04 -1.930e-06 -1.970e-03  4.350e-06 -3.260e-05
 2.0980e+00  8.500e-05 -2.030e-03  2.470e-04 -3.650e-04  9.390e-04 -1.920e-06 -1.970e-03  4.360e-06 -3.270e-05
 2.1040e+00  8.500e-05 -2.030e-03  2.470e-04 -3.650e-04  9.400e-04 -1.920e-06 -1.970e-03  4.380e-06 -3.270e-05
 2.1110e+00  8.500e-05 -2.040e-03  2.480e-04 -3.650e-04  9.400e-04 -1.920e-06 -1.970e-03  4.390e-06 -3.260e-05
 2.1180e+00  8.500e-05 -2.040e-03  2.480e-04 -3.650e-04  9.400e-04 -1.920e-06 -1.970e-03  4.400e-06 -3.270e-05
 2.1240e+00  8.500e-05 -2.040e-03  2.480e-04 -3.650e-04  9.400e-04 -1.920e-06 -1.970e-03  4.410e-06 -3.270e-05
 2.1300e+00  8.500e-05 -2.040e-03  2.480e-04 -3.650e-04  9.410e-04 -1.930e-06 -1.970e-03  4.410e-06 -3.270e-05
 2.1370e+00  8.500e-05 -2.040e-03  2.480e-04 -3.660e-04  9.410e-04 -1.940e-06 -1.970e-03  4.320e-06 -3.270e-05
 2.1440e+00  8.500e-05 -2.040e-03  2.480e-04 -3.660e-04  9.410e-04 -1.930e-06 -1.970e-03  4.330e-06 -3.260e-05
 2.1500e+00  8.500e-05 -2.040e-03  2.480e-04 -3.660e-04  9.420e-04 -1.920e-06 -1.970e-03  4.330e-06 -3.260e-05
 2.1570e+00  8.500e-05 -2.040e-03  2.480e-04 -3.660e-04  9.420e-04 -1.920e-06 -1.970e-03  4.340e-06 -3.260e-05
 2.1640e+00  8.500e-05 -2.040e-03  2.480e-04 -3.660e-04  9.420e-04 -1.920e-06 -1.970e-03  4.350e-06 -3.270e-05
 2.1710e+00  8.500e-05 -2.040e-03  2.480e-04 -3.660e-04  9.420e-04 -1.920e-06 -1.970e-03  4.360e-06 -3.260e-05
 2.1780e+00  8.500e-05 -2.040e-03  2.480e-04 -3.660e-04  9.430e-04 -1.920e-06 -1.980e-03  4.280e-06 -3.260e-05
 2.1850e+00  8.500e-05 -2.040e-03  2.480e-04 -3.660e-04  9.430e-04 -1.920e-06 -1.980e-03  4.290e-06 -3.260e-05
 2.1920e+00  8.500e-05 -2.040e-03  2.480e-04 -3.660e-04  9.430e-04 -1.910e-06 -1.980e-03  4.310e-06 -3.260e-05
 2.1980e+00  8.500e-05 -2.040e-03  2.490e-04 -3.670e-04  9.440e-04 -1.910e-06 -1.980e-03  4.220e-06 -3.270e-05
 2.2050e+00  8.500e-05 -2.040e-03  2.490e-04 -3.670e-04  9.440e-04 -1.920e-06 -1.980e-03  4.240e-06 -3.270e-05
 2.2120e+00  8.500e-05 -2.040e-03  2.490e-04 -3.670e-04  9.440e-04 -1.910e-06 -1.980e-03  4.250e-06 -3.270e-05
 2.2190e+00  8.500e-05 -2.050e-03  2.490e-04 -3.670e-04  9.440e-04 -1.920e-06 -1.980e-03  4.260e-06 -3.270e-05
 2.2260e+00  8.500e-05 -2.050e-03  2.490e-04 -3.670e-04  9.450e-04 -1.920e-06 -1.980e-03  4.270e-06 -3.270e-05
 2.2330e+00  8.500e-05 -2.050e-03  2.490e-04 -3.670e-04  9.450e-04 -1.920e-06 -1.980e-03  4.280e-06 -3.270e-05
 2.2400e+00  8.500e-05 -2.050e-03  2.490e-04 -3.670e-04  9.450e-04 -1.920e-06 -1.980e-03  4.290e-06 -3.270e-05
 2.2460e+00  8.500e-05 -2.050e-03  2.490e-04 -3.670e-04  9.460e-04 -1.920e-06 -1.980e-03  4.310e-06 -3.270e-05
 2.2530e+00  8.500e-05 -2.050e-03  2.490e-04 -3.670e-04  9.460e-04 -1.910e-06 -1.980e-03  4.220e-06 -3.270e-05
 2.2590e+00  8.500e-05 -2.050e-03  2.490e-04 -3.680e-04  9.460e-04 -1.920e-06 -1.980e-03  4.240e-06 -3.270e-05
 2.2660e+00  8.500e-05 -2.050e-03  2.490e-04 -3.680e-04  9.460e-04 -1.920e-06 -1.980e-03  4.250e-06 -3.280e-05
 2.2720e+00  8.500e-05 -2.050e-03  2.490e-04 -3.680e-04  9.470e-04 -1.920e-06 -1.980e-03  4.260e-06 -3.280e-05
 2.2790e+00  8.500e-05 -2.050e-03  2.490e-04 -3.680e-04  9.470e-04 -1.920e-06 -1.980e-03  4.270e-06 -3.280e-05
 2.2860e+00  8.500e-05 -2.050e-03  2.500e-04 -3.680e-04  9.470e-04 -1.920e-06 -1.980e-03  4.270e-06 -3.270e-05
 2.2930e+00  8.500e-05 -2.050e-03  2.500e-04 -3.680e-04  9.470e-04 -1.910e-06 -1.990e-03  4.280e-06 -3.280e-05
 2.3000e+00  8.500e-05 -2.050e-03  2.500e-04 -3.680e-04  9.480e-04 -1.910e-06 -1.990e-03  4.290e-06 -3.280e-05
 2.3070e+00  8.500e-05 -2.050e-03  2.500e-04 -3.680e-04  9.480e-04 -1.910e-06 -1.990e-03  4.310e-06 -3.280e-05
 2.3140e+00  8.500e-05 -2.050e-03  2.500e-04 -3.680e-04  9.480e-04 -1.910e-06 -1.990e-03  4.320e-06 -3.280e-05
 2.3210e+00  8.500e-05 -2.050e-03  2.500e-04 -3.680e-04  9.480e-04 -1.910e-06 -1.990e-03  4.330e-06 -3.280e-05
 2.3280e+00  8.500e-05 -2.050e-03  2.500e-04 -3.690e-04  9.490e-04 -1.910e-06 -1.990e-03  4.340e-06 -3.290e-05
 2.3350e+00  8.500e-05 -2.060e-03  2.500e-04 -3.690e-04  9.490e-04 -1.910e-06 -1.990e-03  4.350e-06 -3.290e-05
 2.3420e+00  8.500e-05 -2.060e-03  2.500e-04 -3.690e-04  9.490e-04 -1.910e-06 -1.990e-03  4.360e-06 -3.290e-05
 2.3490e+00  8.600e-05 -2.060e-03  2.500e-04 -3.690e-04  9.490e-04 -1.910e-06 -1.990e-03  4.380e-06 -3.300e-05
 2.3560e+00  8.600e-05 -2.060e-03  2.500e-04 -3.690e-04  9.500e-04 -1.910e-06 -1.990e-03  4.390e-06 -3.300e-05
 2.3630e+00  8.600e-05 -2.060e-03  2.500e-04 -3.690e-04  9.500e-04 -1.910e-06 -1.990e-03  4.390e-06 -3.300e-05
 2.3700e+00  8.600e-05 -2.060e-03  2.500e-04 -3.690e-04  9.500e-04 -1.920e-06 -1.990e-03  4.390e-06 -3.300e-05
 2.3770e+00  8.600e-05 -2.060e-03  2.510e-04 -3.690e-04  9.510e-04 -1.920e-06 -1.990e-03  4.400e-06 -3.300e-05
 2.3830e+00  8.600e-05 -2.060e-03  2.510e-04 -3.690e-04  9.510e-04 -1.920e-06 -1.990e-03  4.410e-06 -3.310e-05
 2.3900e+00  8.600e-05 -2.060e-03  2.510e-04 -3.700e-04  9.510e-04 -1.920e-06 -1.990e-03  4.420e-06 -3.310e-05
 2.3970e+00  8.600e-05 -2.060e-03  2.510e-04 -3.700e-04  9.510e-04 -1.920e-06 -1.990e-03  4.430e-06 -3.310e-05
 2.4040e+00  8.600e-05 -2.060e-03  2.510e-04 -3.700e-04  9.520e-04 -1.930e-06 -2.000e-03  4.340e-06 -3.310e-05
 2.4110e+00  8.600e-05 -2.060e-03  2.510e-04 -3.700e-04  9.520e-04 -1.930e-06 -2.000e-03  4.350e-06 -3.310e-05
 2.4180e+00  8.600e-05 -2.060e-03  2.510e-04 -3.700e-04  9.520e-04 -1.930e-06 -2.000e-03  4.360e-06 -3.320e-05
 2.4250e+00  8.600e-05 -2.060e-03  2.510e-04 -3.700e-04  9.520e-04 -1.930e-06 -2.000e-03  4.360e-06 -3.310e-05
 2.4320e+00  8.600e-05 -2.060e-03  2.510e-04 -3.700e-04  9.530e-04 -1.930e-06 -2.000e-03  4.360e-06 -3.310e-05
 2.4390e+00  8.600e-05 -2.060e-03  2.510e-04 -3.700e-04  9.530e-04 -1.930e-06 -2.000e-03  4.380e-06 -3.300e-05
 2.4460e+00  8.600e-05 -2.060e-03  2.510e-04 -3.700e-04  9.530e-04 -1.930e-06 -2.000e-03  4.390e-06 -3.310e-05
 2.4530e+00  8.600e-05 -2.070e-03  2.510e-04 -3.700e-04  9.530e-04 -1.930e-06 -2.000e-03  4.310e-06 -3.310e-05
 2.4600e+00  8.600e-05 -2.070e-03  2.510e-04 -3.710e-04  9.540e-04 -1.930e-06 -2.000e-03  4.310e-06 -3.310e-05
 2.4670e+00  8.600e-05 -2.070e-03  2.510e-04 -3.710e-04  9.540e-04 -1.930e-06 -2.000e-03  4.320e-06 -3.300e-05
 2.4740e+00  8.600e-05 -2.070e-03  2.520e-04 -3.710e-04  9.540e-04 -1.930e-06 -2.000e-03  4.240e-06 -3.310e-05
 2.4810e+00  8.600e-05 -2.070e-03  2.520e-04 -3.710e-04  9.540e-04 -1.940e-06 -2.000e-03  4.250e-06 -3.310e-05
 2.4880e+00  8.600e-05 -2.070e-03  2.520e-04 -3.710e-04  9.550e-04 -1.940e-06 -2.000e-03  4.260e-06 -3.300e-05
 2.4950e+00  8.600e-05 -2.070e-03  2.520e-04 -3.710e-04  9.550e-04 -1.940e-06 -2.000e-03  4.270e-06 -3.310e-05
 2.5020e+00  8.600e-05 -2.070e-03  2.520e-04 -3.710e-04  9.550e-04 -1.950e-06 -2.000e-03  4.280e-06 -3.310e-05
 2.5090e+00  8.600e-05 -2.070e-03  2.520e-04 -3.710e-04  9.550e-04 -1.950e-06 -2.000e-03  4.280e-06 -3.310e-05
 2.5160e+00  8.600e-05 -2.070e-03  2.520e-04 -3.710e-04  9.560e-04 -1.940e-06 -2.000e-03  4.280e-06 -3.310e-05
 2.5230e+00  8.600e-05 -2.070e-03  2.520e-04 -3.710e-04  9.560e-04 -1.940e-06 -2.000e-03  4.290e-06 -3.300e-05
 2.5300e+00  8.600e-05 -2.070e-03  2.520e-04 -3.710e-04  9.560e-04 -1.930e-06 -2.000e-03  4.290e-06 -3.300e-05
 2.5370e+00  8.600e-05 -2.070e-03  2.520e-04 -3.710e-04  9.560e-04 -1.930e-06 -2.010e-03  4.310e-06 -3.300e-05
 2.5440e+00  8.600e-05 -2.070e-03  2.520e-04 -3.720e-04  9.570e-04 -1.930e-06 -2.010e-03  4.320e-06 -3.300e-05
 2.5510e+00  8.600e-05 -2.070e-03  2.520e-04 -3.720e-04  9.570e-04 -1.920e-06 -2.010e-03  4.320e-06 -3.300e-05
 2.5580e+00  8.600e-05 -2.070e-03  2.520e-04 -3.720e-04  9.570e-04 -1.920e-06 -2.010e-03  4.240e-06 -3.310e-05
 2.5650e+00  8.600e-05 -2.070e-03  2.520e-04 -3.720e-04  9.570e-04 -1.930e-06 -2.010e-03  4.250e-06 -3.310e-05
 2.5720e+00  8.600e-05 -2.070e-03  2.530e-04 -3.720e-04  9.580e-04 -1.930e-06 -2.010e-03  4.260e-06 -3.310e-05
 2.5790e+00  8.600e-05 -2.080e-03  2.530e-04 -3.720e-04  9.580e-04 -1.930e-06 -2.010e-03  4.180e-06 -3.310e-05
 2.5860e+00  8.600e-05 -2.080e-03  2.530e-04 -3.720e-04  9.580e-04 -1.940e-06 -2.010e-03  4.100e-06 -3.310e-05
 2.5930e+00  8.600e-05 -2.080e-03  2.530e-04 -3.720e-04  9.580e-04 -1.930e-06 -2.010e-03  4.100e-06 -3.310e-05
 2.6000e+00  8.600e-05 -2.080e-03  2.530e-04 -3.720e-04  9.590e-04 -1.920e-06 -2.010e-03  4.100e-06 -3.310e-05
 2.6070e+00  8.600e-05 -2.080e-03  2.530e-04 -3.720e-04  9.590e-04 -1.930e-06 -2.010e-03  4.110e-06 -3.320e-05
 2.6140e+00  8.600e-05 -2.080e-03  2.530e-04 -3.730e-04  9.590e-04 -1.920e-06 -2.010e-03  4.010e-06 -3.320e-05
 2.6210e+00  8.600e-05 -2.080e-03  2.530e-04 -3.730e-04  9.590e-04 -1.930e-06 -2.010e-03  4.030e-06 -3.330e-05
 2.6280e+00  8.600e-05 -2.080e-03  2.530e-04 -3.730e-04  9.600e-04 -1.920e-06 -2.010e-03  4.030e-06 -3.330e-05
 2.6350e+00  8.600e-05 -2.080e-03  2.530e-04 -3.730e-04  9.600e-04 -1.920e-06 -2.010e-03  4.040e-06 -3.330e-05
 2.6420e+00  8.600e-05 -2.080e-03  2.530e-04 -3.730e-04  9.600e-04 -1.920e-06 -2.010e-03  4.050e-06 -3.330e-05
 2.6490e+00  8.600e-05 -2.080e-03  2.530e-04 -3.730e-04  9.600e-04 -1.920e-06 -2.010e-03  4.060e-06 -3.330e-05
 2.6560e+00  8.700e-05 -2.080e-03  2.530e-04 -3.730e-04  9.600e-04 -1.930e-06 -2.010e-03  3.980e-06 -3.340e-05
 2.6630e+00  8.700e-05 -2.080e-03  2.530e-04 -3.730e-04  9.610e-04 -1.940e-06 -2.010e-03  3.990e-06 -3.340e-05
 2.6700e+00  8.700e-05 -2.080e-03  2.530e-04 -3.730e-04  9.610e-04 -1.940e-06 -2.010e-03  4.000e-06 -3.330e-05
 2.6770e+00  8.700e-05 -2.080e-03  2.530e-04 -3.730e-04  9.610e-04 -1.950e-06 -2.020e-03  4.010e-06 -3.330e-05
 2.6840e+00  8.700e-05 -2.080e-03  2.540e-04 -3.730e-04  9.610e-04 -1.940e-06 -2.020e-03  4.010e-06 -3.330e-05
 2.6910e+00  8.700e-05 -2.080e-03  2.540e-04 -3.740e-04  9.610e-04 -1.930e-06 -2.020e-03  4.010e-06 -3.340e-05
 2.6980e+00  8.700e-05 -2.080e-03  2.540e-04 -3.740e-04  9.620e-04 -1.920e-06 -2.020e-03  4.030e-06 -3.340e-05
 2.7050e+00  8.700e-05 -2.080e-03  2.540e-04 -3.740e-04  9.620e-04 -1.930e-06 -2.020e-03  4.040e-06 -3.340e-05
 2.7120e+00  8.700e-05 -2.080e-03  2.540e-04 -3.740e-04  9.620e-04 -1.940e-06 -2.020e-03  4.050e-06 -3.340e-05
 2.7190e+00  8.700e-05 -2.090e-03  2.540e-04 -3.740e-04  9.620e-04 -1.940e-06 -2.020e-03  4.060e-06 -3.340e-05
 2.7260e+00  8.700e-05 -2.090e-03  2.540e-04 -3.740e-04  9.630e-04 -1.940e-06 -2.020e-03  4.060e-06 -3.340e-05
 2.7330e+00  8.700e-05 -2.090e-03  2.540e-04 -3.740e-04  9.630e-04 -1.930e-06 -2.020e-03  4.060e-06 -3.350e-05
 2.7390e+00  8.700e-05 -2.090e-03  2.540e-04 -3.740e-04  9.630e-04 -1.920e-06 -2.020e-03  4.060e-06 -3.350e-05
 2.7460e+00  8.700e-05 -2.090e-03  2.540e-04 -3.740e-04  9.630e-04 -1.920e-06 -2.020e-03  4.060e-06 -3.350e-05
 2.7530e+00  8.700e-05 -2.090e-03  2.540e-04 -3.740e-04  9.630e-04 -1.910e-06 -2.020e-03  4.070e-06 -3.360e-05
 2.7600e+00  8.700e-05 -2.090e-03  2.540e-04 -3.740e-04  9.640e-04 -1.910e-06 -2.020e-03  4.080e-06 -3.350e-05
 2.7670e+00  8.700e-05 -2.090e-03  2.540e-04 -3.750e-04  9.640e-04 -1.900e-06 -2.020e-03  4.080e-06 -3.360e-05
 2.7740e+00  8.700e-05 -2.090e-03  2.540e-04 -3.750e-04  9.640e-04 -1.910e-06 -2.020e-03  4.100e-06 -3.350e-05
 2.7810e+00  8.700e-05 -2.090e-03  2.540e-04 -3.750e-04  9.640e-04 -1.900e-06 -2.020e-03  4.100e-06 -3.360e-05
 2.7880e+00  8.700e-05 -2.090e-03  2.540e-04 -3.750e-04  9.640e-04 -1.900e-06 -2.020e-03  4.100e-06 -3.350e-05
 2.7950e+00  8.700e-05 -2.090e-03  2.550e-04 -3.750e-04  9.650e-04 -1.900e-06 -2.020e-03  4.100e-06 -3.360e-05
 2.8020e+00  8.700e-05 -2.090e-03  2.550e-04 -3.750e-04  9.650e-04 -1.900e-06 -2.020e-03  4.100e-06 -3.360e-05
 2.8090e+00  8.700e-05 -2.090e-03  2.550e-04 -3.750e-04  9.650e-04 -1.890e-06 -2.020e-03  4.110e-06 -3.360e-05
 2.8160e+00  8.700e-05 -2.090e-03  2.550e-04 -3.750e-04  9.650e-04 -1.880e-06 -2.030e-03  4.120e-06 -3.370e-05
 2.8230e+00  8.700e-05 -2.090e-03  2.550e-04 -3.750e-04  9.650e-04 -1.900e-06 -2.030e-03  4.130e-06 -3.360e-05
 2.8300e+00  8.700e-05 -2.090e-03  2.550e-04 -3.750e-04  9.660e-04 -1.900e-06 -2.030e-03  4.140e-06 -3.360e-05
 2.8370e+00  8.700e-05 -2.090e-03  2.550e-04 -3.750e-04  9.660e-04 -1.910e-06 -2.030e-03  4.150e-06 -3.360e-05
 2.8440e+00  8.700e-05 -2.090e-03  2.550e-04 -3.760e-04  9.660e-04 -1.910e-06 -2.030e-03  4.150e-06 -3.360e-05
 2.8510e+00  8.700e-05 -2.090e-03  2.550e-04 -3.760e-04  9.660e-04 -1.910e-06 -2.030e-03  4.170e-06 -3.360e-05
 2.8580e+00  8.700e-05 -2.090e-03  2.550e-04 -3.760e-04  9.670e-04 -1.910e-06 -2.030e-03  4.170e-06 -3.360e-05
 2.8650e+00  8.700e-05 -2.100e-03  2.550e-04 -3.760e-04  9.670e-04 -1.900e-06 -2.030e-03  4.170e-06 -3.370e-05
 2.8720e+00  8.700e-05 -2.100e-03  2.550e-04 -3.760e-04  9.670e-04 -1.910e-06 -2.030e-03  4.080e-06 -3.360e-05
 2.8790e+00  8.700e-05 -2.100e-03  2.550e-04 -3.760e-04  9.670e-04 -1.920e-06 -2.030e-03  4.000e-06 -3.360e-05
 2.8860e+00  8.700e-05 -2.100e-03  2.550e-04 -3.760e-04  9.670e-04 -1.920e-06 -2.030e-03  4.010e-06 -3.350e-05
 2.8930e+00  8.700e-05 -2.100e-03  2.550e-04 -3.760e-04  9.680e-04 -1.930e-06 -2.030e-03  4.030e-06 -3.360e-05
 2.9000e+00  8.700e-05 -2.100e-03  2.550e-04 -3.760e-04  9.680e-04 -1.930e-06 -2.030e-03  4.030e-06 -3.360e-05
 2.9070e+00  8.700e-05 -2.100e-03  2.550e-04 -3.760e-04  9.680e-04 -1.940e-06 -2.030e-03  4.040e-06 -3.360e-05
 2.9140e+00  8.700e-05 -2.100e-03  2.560e-04 -3.760e-04  9.680e-04 -1.950e-06 -2.030e-03  4.050e-06 -3.370e-05
 2.9210e+00  8.700e-05 -2.100e-03  2.560e-04 -3.760e-04  9.680e-04 -1.950e-06 -2.030e-03  4.060e-06 -3.370e-05
 2.9280e+00  8.700e-05 -2.100e-03  2.560e-04 -3.770e-04  9.690e-04 -1.940e-06 -2.030e-03  4.060e-06 -3.370e-05
 2.9350e+00  8.700e-05 -2.100e-03  2.560e-04 -3.770e-04  9.690e-04 -1.940e-06 -2.030e-03  4.060e-06 -3.370e-05
 2.9420e+00  8.700e-05 -2.100e-03  2.560e-04 -3.770e-04  9.690e-04 -1.950e-06 -2.030e-03  4.070e-06 -3.370e-05
 2.9490e+00  8.700e-05 -2.100e-03  2.560e-04 -3.770e-04  9.690e-04 -1.950e-06 -2.030e-03  4.080e-06 -3.370e-05
 2.9550e+00  8.700e-05 -2.100e-03  2.560e-04 -3.770e-04  9.690e-04 -1.950e-06 -2.030e-03  4.080e-06 -3.370e-05
 2.9620e+00  8.700e-05 -2.100e-03  2.560e-04 -3.770e-04  9.700e-04 -1.950e-06 -2.030e-03  4.080e-06 -3.370e-05
 2.9690e+00  8.700e-05 -2.100e-03  2.560e-04 -3.770e-04  9.700e-04 -1.960e-06 -2.040e-03  4.100e-06 -3.370e-05
 2.9760e+00  8.700e-05 -2.100e-03  2.560e-04 -3.770e-04  9.700e-04 -1.960e-06 -2.040e-03  4.110e-06 -3.370e-05
 2.9830e+00  8.700e-05 -2.100e-03  2.560e-04 -3.770e-04  9.700e-04 -1.960e-06 -2.040e-03  4.120e-06 -3.370e-05
 2.9900e+00  8.700e-05 -2.100e-03  2.560e-04 -3.770e-04  9.700e-04 -1.960e-06 -2.040e-03  4.120e-06 -3.370e-05
 2.9970e+00  8.700e-05 -2.100e-03  2.560e-04 -3.770e-04  9.710e-04 -1.960e-06 -2.040e-03  4.120e-06 -3.370e-05
 3.0040e+00  8.700e-05 -2.100e-03  2.560e-04 -3.770e-04  9.710e-04 -1.970e-06 -2.040e-03  4.130e-06 -3.370e-05
