#         t         u1         u2         u3        s11        s12        s13        s22        s23        s33
 0.0000e+00  0.000e+00  0.000e+00  0.000e+00  0.000e+00  0.000e+00  0.000e+00  0.000e+00  0.000e+00  0.000e+00
 3.6090e-04 -1.000e-05  3.000e-06  0.000e+00 -8.000e-06 -2.000e-05  0.000e+00  4.000e-05 -1.000e-07  4.000e-07
 7.2170e-04 -3.000e-05  6.000e-06  1.000e-06 -1.600e-05 -4.000e-05  1.000e-07  9.000e-05 -2.000e-07  8.000e-07
 1.0820e-03 -5.000e-05  9.000e-06  1.000e-06 -2.400e-05 -6.000e-05  3.000e-07  1.300e-04 -2.000e-07  1.000e-06
 1.4430e-03 -7.000e-05  1.200e-05  2.000e-06 -3.200e-05 -8.000e-05  3.000e-07  1.700e-04 -3.000e-07  1.300e-06
 1.8040e-03 -8.000e-05  1.500e-05  2.000e-06 -4.000e-05 -1.000e-04  4.000e-07  2.100e-04 -4.000e-07  1.600e-06
 2.1640e-03 -1.000e-04  1.800e-05  3.000e-06 -4.800e-05 -1.200e-04  6.000e-07  2.500e-04 -5.000e-07  2.000e-06
 2.5250e-03 -1.200e-04  2.100e-05  3.000e-06 -5.500e-05 -1.400e-04  6.000e-07  2.900e-04 -6.000e-07  2.300e-06
 2.8850e-03 -1.300e-04  2.400e-05  4.000e-06 -6.300e-05 -1.700e-04  8.000e-07  3.300e-04 -7.000e-07  2.700e-06
 3.2460e-03 -1.500e-04  2.700e-05  4.000e-06 -7.000e-05 -1.900e-04  9.000e-07  3.700e-04 -7.000e-07  3.000e-06
 3.6060e-03 -1.700e-04  3.000e-05  5.000e-06 -7.800e-05 -2.000e-04  1.000e-06  4.100e-04 -8.000e-07  3.200e-06
 3.9660e-03 -1.800e-04  3.300e-05  5.000e-06 -8.600e-05 -2.200e-04  1.100e-06  4.500e-04 -9.000e-07  3.600e-06
 4.3270e-03 -2.000e-04  3.600e-05  6.000e-06 -9.300e-05 -2.400e-04  1.100e-06  4.900e-04 -1.000e-06  3.900e-06
 4.6870e-03 -2.200e-04  3.900e-05  6.000e-06 -1.000e-04 -2.600e-04  1.300e-06  5.300e-04 -1.100e-06  4.200e-06
 5.0470e-03 -2.300e-04  4.200e-05  7.000e-06 -1.080e-04 -2.800e-04  1.400e-06  5.700e-04 -1.100e-06  4.500e-06
 5.4070e-03 -2.500e-04  4.500e-05  7.000e-06 -1.150e-04 -3.000e-04  1.400e-06  6.100e-04 -1.200e-06  4.800e-06
 5.7670e-03 -2.600e-04  4.800e-05  8.000e-06 -1.220e-04 -3.200e-04  1.500e-06  6.400e-04 -1.200e-06  5.100e-06
 6.1270e-03 -2.800e-04  5.000e-05  8.000e-06 -1.290e-04 -3.400e-04  1.600e-06  6.800e-04 -1.300e-06  5.400e-06
 6.4880e-03 -2.900e-04  5.300e-05  9.000e-06 -1.360e-04 -3.600e-04  1.600e-06  7.200e-04 -1.400e-06  5.600e-06
 6.8480e-03 -3.100e-04  5.600e-05  9.000e-06 -1.430e-04 -3.800e-04  1.800e-06  7.500e-04 -1.400e-06  5.900e-06
 7.2080e-03 -3.200e-04  5.900e-05  1.000e-05 -1.500e-04 -3.900e-04  1.900e-06  7.900e-04 -1.500e-06  6.200e-06
 7.5680e-03 -3.400e-04  6.100e-05  1.000e-05 -1.570e-04 -4.100e-04  2.000e-06  8.300e-04 -1.500e-06  6.500e-06
 7.9280e-03 -3.500e-04  6.400e-05  1.100e-05 -1.640e-04 -4.300e-04  2.100e-06  8.600e-04 -1.600e-06  6.800e-06
 8.2880e-03 -3.700e-04  6.700e-05  1.100e-05 -1.710e-04 -4.500e-04  2.200e-06  9.000e-04 -1.700e-06  7.100e-06
 8.6470e-03 -3.800e-04  6.900e-05  1.200e-05 -1.780e-04 -4.700e-04  2.300e-06  9.300e-04 -1.700e-06  7.400e-06
 9.0070e-03 -4.000e-04  7.200e-05  1.200e-05 -1.840e-04 -4.800e-04  2.400e-06  9.700e-04 -1.800e-06  7.600e-06
 9.3670e-03 -4.100e-04  7.400e-05  1.300e-05 -1.910e-04 -5.000e-04  2.500e-06  1.000e-03 -1.900e-06  7.800e-06
 9.7270e-03 -4.300e-04  7.700e-05  1.300e-05 -1.980e-04 -5.200e-04  2.600e-06  1.030e-03 -1.900e-06  8.200e-06
 1.0090e-02 -4.400e-04  8.000e-05  1.400e-05 -2.040e-04 -5.400e-04  2.700e-06  1.070e-03 -2.000e-06  8.400e-06
 1.0450e-02 -4.500e-04  8.200e-05  1.400e-05 -2.110e-04 -5.500e-04  2.800e-06  1.100e-03 -2.100e-06  8.700e-06
 1.0810e-02 -4.700e-04  8.500e-05  1.500e-05 -2.170e-04 -5.700e-04  2.900e-06  1.140e-03 -2.100e-06  8.900e-06
 1.1170e-02 -4.800e-04  8.700e-05  1.500e-05 -2.240e-04 -5.900e-04  3.000e-06  1.170e-03 -2.200e-06  9.200e-06
 1.1530e-02 -4.900e-04  9.000e-05  1.600e-05 -2.300e-04 -6.000e-04  3.100e-06  1.200e-03 -2.200e-06  9.500e-06
 1.1890e-02 -5.100e-04  9.200e-05  1.600e-05 -2.370e-04 -6.200e-04  3.200e-06  1.230e-03 -2.300e-06  9.700e-06
 1.2250e-02 -5.200e-04  9.500e-05  1.700e-05 -2.430e-04 -6.400e-04  3.200e-06  1.270e-03 -2.300e-06  9.900e-06
 1.2610e-02 -5.400e-04  9.700e-05  1.700e-05 -2.490e-04 -6.500e-04  3.400e-06  1.300e-03 -2.400e-06  1.010e-05
 1.2970e-02 -5.500e-04  9.900e-05  1.800e-05 -2.560e-04 -6.700e-04  3.400e-06  1.330e-03 -2.400e-06  1.040e-05
 1.3320e-02 -5.600e-04  1.020e-04  1.800e-05 -2.620e-04 -6.800e-04  3.400e-06  1.360e-03 -2.500e-06  1.060e-05
 1.3680e-02 -5.700e-04  1.040e-04  1.900e-05 -2.680e-04 -7.000e-04  3.500e-06  1.390e-03 -2.500e-06  1.090e-05
 1.4040e-02 -5.900e-04  1.070e-04  1.900e-05 -2.740e-04 -7.200e-04  3.500e-06  1.420e-03 -2.600e-06  1.120e-05
 1.4400e-02 -6.000e-04  1.090e-04  2.000e-05 -2.800e-04 -7.300e-04  3.600e-06  1.460e-03 -2.600e-06  1.140e-05
 1.4760e-02 -6.100e-04  1.110e-04  2.000e-05 -2.860e-04 -7.500e-04  3.700e-06  1.490e-03 -2.700e-06  1.160e-05
 1.5120e-02 -6.300e-04  1.140e-04  2.100e-05 -2.920e-04 -7.600e-04  3.800e-06  1.520e-03 -2.700e-06  1.180e-05
 1.5480e-02 -6.400e-04  1.160e-04  2.100e-05 -2.980e-04 -7.800e-04  3.900e-06  1.550e-03 -2.800e-06  1.200e-05
 1.5840e-02 -6.500e-04  1.180e-04  2.100e-05 -3.040e-04 -7.900e-04  4.000e-06  1.580e-03 -2.800e-06  1.230e-05
 1.6200e-02 -6.600e-04  1.200e-04  2.200e-05 -3.100e-04 -8.100e-04  4.000e-06  1.610e-03 -2.900e-06  1.250e-05
 1.6560e-02 -6.800e-04  1.230e-04  2.200e-05 -3.160e-04 -8.200e-04  4.100e-06  1.640e-03 -2.900e-06  1.280e-05
 1.6920e-02 -6.900e-04  1.250e-04  2.300e-05 -3.220e-04 -8.400e-04  4.100e-06  1.670e-03 -3.000e-06  1.300e-05
 1.7280e-02 -7.000e-04  1.270e-04  2.300e-05 -3.280e-04 -8.500e-04  4.200e-06  1.700e-03 -3.000e-06  1.320e-05
 1.7640e-02 -7.100e-04  1.290e-04  2.400e-05 -3.330e-04 -8.700e-04  4.200e-06  1.730e-03 -3.000e-06  1.350e-05
 1.8000e-02 -7.200e-04  1.320e-04  2.400e-05 -3.390e-04 -8.800e-04  4.300e-06  1.750e-03 -3.100e-06  1.370e-05
 1.8360e-02 -7.400e-04  1.340e-04  2.500e-05 -3.450e-04 -9.000e-04  4.400e-06  1.780e-03 -3.200e-06  1.390e-05
 1.8720e-02 -7.500e-04  1.360e-04  2.500e-05 -3.500e-04 -9.100e-04  4.500e-06  1.810e-03 -3.200e-06  1.410e-05
 1.9080e-02 -7.600e-04  1.380e-04  2.600e-05 -3.560e-04 -9.300e-04  4.500e-06  1.840e-03 -3.300e-06  1.430e-05
 2.0170e-02 -7.900e-04  1.440e-04  2.700e-05 -3.730e-04 -9.700e-04  4.700e-06  1.920e-03 -3.400e-06  1.500e-05
 2.1260e-02 -8.300e-04  1.510e-04  2.800e-05 -3.900e-04 -1.010e-03  5.000e-06  2.010e-03 -3.500e-06  1.560e-05
 2.2360e-02 -8.600e-04  1.570e-04  3.000e-05 -4.060e-04 -1.050e-03  5.200e-06  2.090e-03 -3.700e-06  1.620e-05
 2.3460e-02 -9.000e-04  1.630e-04  3.100e-05 -4.220e-04 -1.090e-03  5.400e-06  2.170e-03 -3.800e-06  1.680e-05
 2.4560e-02 -9.300e-04  1.690e-04  3.200e-05 -4.380e-04 -1.130e-03  5.600e-06  2.250e-03 -3.900e-06  1.740e-05
 2.5660e-02 -9.600e-04  1.750e-04  3.300e-05 -4.530e-04 -1.170e-03  5.800e-06  2.330e-03 -4.100e-06  1.810e-05
 2.6760e-02 -9.900e-04  1.810e-04  3.500e-05 -4.680e-04 -1.210e-03  6.100e-06  2.400e-03 -4.200e-06  1.870e-05
 2.7860e-02 -1.020e-03  1.870e-04  3.600e-05 -4.830e-04 -1.250e-03  6.300e-06  2.480e-03 -4.300e-06  1.930e-05
 2.8970e-02 -1.060e-03  1.920e-04  3.700e-05 -4.980e-04 -1.290e-03  6.500e-06  2.550e-03 -4.400e-06  2.000e-05
 3.0080e-02 -1.090e-03  1.980e-04  3.800e-05 -5.130e-04 -1.330e-03  6.700e-06  2.620e-03 -4.500e-06  2.060e-05
 3.1190e-02 -1.110e-03  2.030e-04  4.000e-05 -5.270e-04 -1.360e-03  6.800e-06  2.700e-03 -4.700e-06  2.110e-05
 3.2300e-02 -1.140e-03  2.090e-04  4.100e-05 -5.410e-04 -1.400e-03  7.000e-06  2.770e-03 -4.800e-06  2.160e-05
 3.3410e-02 -1.170e-03  2.140e-04  4.200e-05 -5.550e-04 -1.430e-03  7.100e-06  2.840e-03 -4.900e-06  2.220e-05
 3.4530e-02 -1.200e-03  2.190e-04  4.300e-05 -5.680e-04 -1.470e-03  7.300e-06  2.900e-03 -5.000e-06  2.280e-05
 3.5650e-02 -1.230e-03  2.240e-04  4.400e-05 -5.820e-04 -1.500e-03  7.400e-06  2.970e-03 -5.100e-06  2.330e-05
 3.6760e-02 -1.260e-03  2.290e-04  4.500e-05 -5.950e-04 -1.530e-03  7.600e-06  3.040e-03 -5.200e-06  2.380e-05
 3.7880e-02 -1.280e-03  2.340e-04  4.600e-05 -6.080e-04 -1.570e-03  7.800e-06  3.100e-03 -5.300e-06  2.420e-05
 3.9000e-02 -1.310e-03  2.390e-04  4.800e-05 -6.210e-04 -1.600e-03  8.000e-06  3.160e-03 -5.400e-06  2.470e-05
 4.0130e-02 -1.330e-03  2.440e-04  4.900e-05 -6.340e-04 -1.630e-03  8.200e-06  3.230e-03 -5.500e-06  2.520e-05
 4.1250e-02 -1.360e-03  2.490e-04  5.000e-05 -6.460e-04 -1.660e-03  8.400e-06  3.290e-03 -5.600e-06  2.560e-05
 4.2380e-02 -1.390e-03  2.530e-04  5.100e-05 -6.580e-04 -1.700e-03  8.600e-06  3.350e-03 -5.600e-06  2.600e-05
 4.3510e-02 -1.410e-03  2.580e-04  5.200e-05 -6.710e-04 -1.730e-03  8.800e-06  3.410e-03 -5.700e-06  2.650e-05
 4.4640e-02 -1.430e-03  2.630e-04  5.300e-05 -6.830e-04 -1.760e-03  9.000e-06  3.470e-03 -5.800e-06  2.690e-05
 4.5770e-02 -1.460e-03  2.670e-04  5.400e-05 -6.940e-04 -1.790e-03  9.200e-06  3.530e-03 -5.900e-06  2.730e-05
 4.6900e-02 -1.480e-03  2.710e-04  5.500e-05 -7.060e-04 -1.810e-03  9.300e-06  3.580e-03 -5.900e-06  2.780e-05
 4.8030e-02 -1.510e-03  2.760e-04  5.600e-05 -7.170e-04 -1.840e-03  9.400e-06  3.640e-03 -6.000e-06  2.830e-05
 4.9170e-02 -1.530e-03  2.800e-04  5.700e-05 -7.290e-04 -1.870e-03  9.600e-06  3.690e-03 -6.100e-06  2.870e-05
 5.0300e-02 -1.550e-03  2.840e-04  5.800e-05 -7.400e-04 -1.900e-03  9.800e-06  3.750e-03 -6.200e-06  2.910e-05
 5.1440e-02 -1.570e-03  2.880e-04  5.900e-05 -7.510e-04 -1.930e-03  9.900e-06  3.800e-03 -6.300e-06  2.960e-05
 5.2580e-02 -1.600e-03  2.920e-04  6.000e-05 -7.610e-04 -1.950e-03  1.010e-05  3.860e-03 -6.300e-06  3.000e-05
 5.3720e-02 -1.620e-03  2.970e-04  6.100e-05 -7.720e-04 -1.980e-03  1.020e-05  3.910e-03 -6.400e-06  3.040e-05
 5.4860e-02 -1.640e-03  3.000e-04  6.200e-05 -7.830e-04 -2.010e-03  1.030e-05  3.960e-03 -6.500e-06  3.080e-05
 5.6010e-02 -1.660e-03  3.040e-04  6.300e-05 -7.930e-04 -2.030e-03  1.050e-05  4.010e-03 -6.600e-06  3.120e-05
 5.7150e-02 -1.680e-03  3.080e-04  6.400e-05 -8.030e-04 -2.060e-03  1.060e-05  4.060e-03 -6.600e-06  3.150e-05
 5.8300e-02 -1.700e-03  3.120e-04  6.500e-05 -8.130e-04 -2.090e-03  1.070e-05  4.110e-03 -6.700e-06  3.190e-05
 5.9440e-02 -1.720e-03  3.160e-04  6.600e-05 -8.230e-04 -2.110e-03  1.070e-05  4.160e-03 -6.700e-06  3.230e-05
 6.0590e-02 -1.740e-03  3.200e-04  6.600e-05 -8.330e-04 -2.140e-03  1.080e-05  4.210e-03 -6.800e-06  3.270e-05
 6.1740e-02 -1.760e-03  3.230e-04  6.700e-05 -8.430e-04 -2.160e-03  1.100e-05  4.250e-03 -6.800e-06  3.300e-05
 6.2900e-02 -1.780e-03  3.270e-04  6.800e-05 -8.520e-04 -2.180e-03  1.100e-05  4.300e-03 -6.900e-06  3.340e-05
 6.4050e-02 -1.800e-03  3.300e-04  6.900e-05 -8.620e-04 -2.210e-03  1.110e-05  4.350e-03 -7.000e-06  3.370e-05
 6.5200e-02 -1.820e-03  3.340e-04  7.000e-05 -8.710e-04 -2.230e-03  1.120e-05  4.390e-03 -7.000e-06  3.410e-05
 6.6360e-02 -1.840e-03  3.370e-04  7.100e-05 -8.800e-04 -2.250e-03  1.130e-05  4.440e-03 -7.100e-06  3.440e-05
 6.7510e-02 -1.850e-03  3.410e-04  7.200e-05 -8.890e-04 -2.280e-03  1.140e-05  4.480e-03 -7.100e-06  3.470e-05
 6.8670e-02 -1.870e-03  3.440e-04  7.300e-05 -8.980e-04 -2.300e-03  1.160e-05  4.520e-03 -7.200e-06  3.500e-05
 6.9830e-02 -1.890e-03  3.480e-04  7.300e-05 -9.070e-04 -2.320e-03  1.170e-05  4.570e-03 -7.200e-06  3.540e-05
 7.0990e-02 -1.910e-03  3.510e-04  7.400e-05 -9.160e-04 -2.340e-03  1.190e-05  4.610e-03 -7.300e-06  3.570e-05
 7.2150e-02 -1.930e-03  3.540e-04  7.500e-05 -9.250e-04 -2.360e-03  1.200e-05  4.650e-03 -7.300e-06  3.600e-05
 7.3310e-02 -1.940e-03  3.570e-04  7.600e-05 -9.330e-04 -2.390e-03  1.200e-05  4.690e-03 -7.400e-06  3.630e-05
 7.4480e-02 -1.960e-03  3.610e-04  7.700e-05 -9.410e-04 -2.410e-03  1.220e-05  4.730e-03 -7.400e-06  3.660e-05
 7.5640e-02 -1.980e-03  3.640e-04  7.700e-05 -9.500e-04 -2.430e-03  1.220e-05  4.770e-03 -7.500e-06  3.690e-05
 7.6810e-02 -1.990e-03  3.670e-04  7.800e-05 -9.580e-04 -2.450e-03  1.240e-05  4.810e-03 -7.500e-06  3.720e-05
 7.7980e-02 -2.010e-03  3.700e-04  7.900e-05 -9.660e-04 -2.470e-03  1.260e-05  4.850e-03 -7.600e-06  3.750e-05
 7.9140e-02 -2.020e-03  3.730e-04  8.000e-05 -9.740e-04 -2.490e-03  1.260e-05  4.890e-03 -7.600e-06  3.770e-05
 8.0310e-02 -2.040e-03  3.760e-04  8.000e-05 -9.820e-04 -2.510e-03  1.260e-05  4.930e-03 -7.700e-06  3.800e-05
 8.1490e-02 -2.060e-03  3.790e-04  8.100e-05 -9.900e-04 -2.530e-03  1.270e-05  4.970e-03 -7.700e-06  3.830e-05
 8.2660e-02 -2.070e-03  3.820e-04  8.200e-05 -9.970e-04 -2.550e-03  1.280e-05  5.000e-03 -7.700e-06  3.860e-05
 8.3830e-02 -2.090e-03  3.850e-04  8.300e-05 -1.005e-03 -2.570e-03  1.290e-05  5.040e-03 -7.800e-06  3.890e-05
 8.5000e-02 -2.100e-03  3.870e-04  8.300e-05 -1.012e-03 -2.580e-03  1.300e-05  5.080e-03 -7.800e-06  3.920e-05
 8.6180e-02 -2.120e-03  3.900e-04  8.400e-05 -1.020e-03 -2.600e-03  1.310e-05  5.110e-03 -7.900e-06  3.940e-05
 8.7360e-02 -2.130e-03  3.930e-04  8.500e-05 -1.027e-03 -2.620e-03  1.330e-05  5.150e-03 -7.900e-06  3.960e-05
 8.8530e-02 -2.150e-03  3.960e-04  8.600e-05 -1.034e-03 -2.640e-03  1.340e-05  5.180e-03 -7.900e-06  3.990e-05
 8.9710e-02 -2.160e-03  3.980e-04  8.600e-05 -1.041e-03 -2.660e-03  1.350e-05  5.220e-03 -8.000e-06  4.020e-05
 9.0890e-02 -2.170e-03  4.010e-04  8.700e-05 -1.048e-03 -2.680e-03  1.350e-05  5.250e-03 -8.000e-06  4.040e-05
 9.2070e-02 -2.190e-03  4.040e-04  8.800e-05 -1.055e-03 -2.690e-03  1.350e-05  5.290e-03 -8.000e-06  4.060e-05
 9.3250e-02 -2.200e-03  4.060e-04  8.800e-05 -1.062e-03 -2.710e-03  1.370e-05  5.320e-03 -8.100e-06  4.090e-05
 9.4440e-02 -2.220e-03  4.090e-04  8.900e-05 -1.069e-03 -2.730e-03  1.390e-05  5.350e-03 -8.100e-06  4.110e-05
 9.5620e-02 -2.230e-03  4.110e-04  9.000e-05 -1.076e-03 -2.740e-03  1.400e-05  5.380e-03 -8.100e-06  4.130e-05
 9.6810e-02 -2.240e-03  4.140e-04  9.000e-05 -1.082e-03 -2.760e-03  1.410e-05  5.420e-03 -8.100e-06  4.160e-05
 9.7990e-02 -2.260e-03  4.160e-04  9.100e-05 -1.089e-03 -2.780e-03  1.420e-05  5.450e-03 -8.200e-06  4.180e-05
 9.9180e-02 -2.270e-03  4.190e-04  9.200e-05 -1.096e-03 -2.790e-03  1.420e-05  5.480e-03 -8.200e-06  4.210e-05
 1.0040e-01 -2.280e-03  4.210e-04  9.200e-05 -1.102e-03 -2.810e-03  1.430e-05  5.510e-03 -8.200e-06  4.240e-05
 1.0160e-01 -2.290e-03  4.240e-04  9.300e-05 -1.108e-03 -2.830e-03  1.440e-05  5.540e-03 -8.300e-06  4.260e-05
 1.0270e-01 -2.310e-03  4.260e-04  9.400e-05 -1.115e-03 -2.840e-03  1.450e-05  5.570e-03 -8.300e-06  4.280e-05
 1.0390e-01 -2.320e-03  4.280e-04  9.400e-05 -1.121e-03 -2.860e-03  1.460e-05  5.600e-03 -8.300e-06  4.300e-05
 1.0510e-01 -2.330e-03  4.310e-04  9.500e-05 -1.127e-03 -2.870e-03  1.470e-05  5.630e-03 -8.300e-06  4.320e-05
 1.0630e-01 -2.340e-03  4.330e-04  9.500e-05 -1.133e-03 -2.890e-03  1.470e-05  5.660e-03 -8.400e-06  4.350e-05
 1.0750e-01 -2.360e-03  4.350e-04  9.600e-05 -1.139e-03 -2.900e-03  1.480e-05  5.690e-03 -8.400e-06  4.380e-05
 1.0870e-01 -2.370e-03  4.380e-04  9.700e-05 -1.145e-03 -2.920e-03  1.490e-05  5.720e-03 -8.400e-06  4.400e-05
 1.0990e-01 -2.380e-03  4.400e-04  9.700e-05 -1.151e-03 -2.930e-03  1.490e-05  5.750e-03 -8.400e-06  4.430e-05
 1.1110e-01 -2.390e-03  4.420e-04  9.800e-05 -1.156e-03 -2.950e-03  1.500e-05  5.770e-03 -8.500e-06  4.450e-05
 1.1230e-01 -2.400e-03  4.440e-04  9.800e-05 -1.162e-03 -2.960e-03  1.510e-05  5.800e-03 -8.500e-06  4.470e-05
 1.1350e-01 -2.410e-03  4.460e-04  9.900e-05 -1.168e-03 -2.980e-03  1.520e-05  5.830e-03 -8.500e-06  4.480e-05
 1.1470e-01 -2.420e-03  4.490e-04  1.000e-04 -1.173e-03 -2.990e-03  1.520e-05  5.860e-03 -8.600e-06  4.500e-05
 1.1590e-01 -2.440e-03  4.510e-04  1.000e-04 -1.179e-03 -3.000e-03  1.530e-05  5.880e-03 -8.600e-06  4.530e-05
 1.1710e-01 -2.450e-03  4.530e-04  1.010e-04 -1.184e-03 -3.020e-03  1.530e-05  5.910e-03 -8.600e-06  4.550e-05
 1.1830e-01 -2.460e-03  4.550e-04  1.010e-04 -1.190e-03 -3.030e-03  1.540e-05  5.940e-03 -8.600e-06  4.570e-05
 1.1950e-01 -2.470e-03  4.570e-04  1.020e-04 -1.195e-03 -3.050e-03  1.540e-05  5.960e-03 -8.600e-06  4.590e-05
 1.2070e-01 -2.480e-03  4.590e-04  1.020e-04 -1.200e-03 -3.060e-03  1.550e-05  5.990e-03 -8.700e-06  4.610e-05
 1.2190e-01 -2.490e-03  4.610e-04  1.030e-04 -1.206e-03 -3.070e-03  1.550e-05  6.010e-03 -8.700e-06  4.630e-05
 1.2310e-01 -2.500e-03  4.630e-04  1.040e-04 -1.211e-03 -3.090e-03  1.560e-05  6.040e-03 -8.700e-06  4.650e-05
 1.2430e-01 -2.510e-03  4.650e-04  1.040e-04 -1.216e-03 -3.100e-03  1.560e-05  6.060e-03 -8.700e-06  4.670e-05
 1.2550e-01 -2.520e-03  4.670e-04  1.050e-04 -1.221e-03 -3.110e-03  1.560e-05  6.090e-03 -8.800e-06  4.690e-05
 1.2680e-01 -2.530e-03  4.690e-04  1.050e-04 -1.226e-03 -3.120e-03  1.570e-05  6.110e-03 -8.800e-06  4.710e-05
 1.2800e-01 -2.540e-03  4.710e-04  1.060e-04 -1.231e-03 -3.140e-03  1.580e-05  6.130e-03 -8.800e-06  4.730e-05
 1.2920e-01 -2.550e-03  4.720e-04  1.060e-04 -1.236e-03 -3.150e-03  1.590e-05  6.160e-03 -8.800e-06  4.750e-05
 1.3040e-01 -2.560e-03  4.740e-04  1.070e-04 -1.241e-03 -3.160e-03  1.600e-05  6.180e-03 -8.900e-06  4.770e-05
 1.3160e-01 -2.570e-03  4.760e-04  1.070e-04 -1.246e-03 -3.170e-03  1.610e-05  6.200e-03 -8.900e-06  4.780e-05
 1.3280e-01 -2.580e-03  4.780e-04  1.080e-04 -1.251e-03 -3.190e-03  1.610e-05  6.230e-03 -8.900e-06  4.800e-05
 1.3400e-01 -2.590e-03  4.800e-04  1.080e-04 -1.255e-03 -3.200e-03  1.620e-05  6.250e-03 -8.900e-06  4.810e-05
 1.3520e-01 -2.600e-03  4.820e-04  1.090e-04 -1.260e-03 -3.210e-03  1.620e-05  6.270e-03 -8.900e-06  4.830e-05
 1.3640e-01 -2.610e-03  4.830e-04  1.090e-04 -1.265e-03 -3.220e-03  1.630e-05  6.290e-03 -9.000e-06  4.850e-05
 1.3760e-01 -2.610e-03  4.850e-04  1.100e-04 -1.269e-03 -3.230e-03  1.640e-05  6.320e-03 -9.000e-06  4.870e-05
 1.3880e-01 -2.620e-03  4.870e-04  1.100e-04 -1.273e-03 -3.240e-03  1.640e-05  6.340e-03 -9.000e-06  4.890e-05
 1.4000e-01 -2.630e-03  4.880e-04  1.110e-04 -1.278e-03 -3.250e-03  1.650e-05  6.360e-03 -9.000e-06  4.900e-05
 1.4120e-01 -2.640e-03  4.900e-04  1.110e-04 -1.282e-03 -3.270e-03  1.660e-05  6.380e-03 -9.000e-06  4.920e-05
 1.4230e-01 -2.650e-03  4.920e-04  1.120e-04 -1.286e-03 -3.280e-03  1.660e-05  6.400e-03 -9.100e-06  4.940e-05
 1.4350e-01 -2.660e-03  4.930e-04  1.120e-04 -1.291e-03 -3.290e-03  1.670e-05  6.420e-03 -9.100e-06  4.960e-05
 1.4470e-01 -2.670e-03  4.950e-04  1.130e-04 -1.295e-03 -3.300e-03  1.660e-05  6.440e-03 -9.100e-06  4.970e-05
 1.4590e-01 -2.670e-03  4.970e-04  1.130e-04 -1.299e-03 -3.310e-03  1.670e-05  6.460e-03 -9.100e-06  4.990e-05
 1.4700e-01 -2.680e-03  4.980e-04  1.130e-04 -1.303e-03 -3.320e-03  1.670e-05  6.480e-03 -9.100e-06  5.000e-05
 1.4820e-01 -2.690e-03  5.000e-04  1.140e-04 -1.307e-03 -3.330e-03  1.680e-05  6.500e-03 -9.200e-06  5.020e-05
 1.4940e-01 -2.700e-03  5.010e-04  1.140e-04 -1.311e-03 -3.340e-03  1.680e-05  6.520e-03 -9.200e-06  5.030e-05
 1.5060e-01 -2.710e-03  5.030e-04  1.150e-04 -1.315e-03 -3.350e-03  1.680e-05  6.540e-03 -9.200e-06  5.040e-05
 1.5170e-01 -2.710e-03  5.040e-04  1.150e-04 -1.319e-03 -3.360e-03  1.680e-05  6.560e-03 -9.200e-06  5.060e-05
 1.5290e-01 -2.720e-03  5.060e-04  1.160e-04 -1.323e-03 -3.370e-03  1.680e-05  6.570e-03 -9.200e-06  5.070e-05
 1.5410e-01 -2.730e-03  5.070e-04  1.160e-04 -1.327e-03 -3.380e-03  1.690e-05  6.590e-03 -9.200e-06  5.080e-05
 1.5520e-01 -2.740e-03  5.090e-04  1.160e-04 -1.330e-03 -3.390e-03  1.690e-05  6.610e-03 -9.200e-06  5.100e-05
 1.5640e-01 -2.740e-03  5.100e-04  1.170e-04 -1.334e-03 -3.400e-03  1.700e-05  6.630e-03 -9.200e-06  5.110e-05
 1.5750e-01 -2.750e-03  5.110e-04  1.170e-04 -1.338e-03 -3.410e-03  1.710e-05  6.650e-03 -9.300e-06  5.120e-05
 1.5870e-01 -2.760e-03  5.130e-04  1.180e-04 -1.341e-03 -3.420e-03  1.720e-05  6.660e-03 -9.200e-06  5.130e-05
 1.5980e-01 -2.770e-03  5.140e-04  1.180e-04 -1.345e-03 -3.420e-03  1.720e-05  6.680e-03 -9.300e-06  5.140e-05
 1.6100e-01 -2.770e-03  5.160e-04  1.190e-04 -1.349e-03 -3.430e-03  1.720e-05  6.700e-03 -9.300e-06  5.150e-05
 1.6210e-01 -2.780e-03  5.170e-04  1.190e-04 -1.352e-03 -3.440e-03  1.730e-05  6.710e-03 -9.300e-06  5.160e-05
 1.6330e-01 -2.790e-03  5.180e-04  1.190e-04 -1.356e-03 -3.450e-03  1.730e-05  6.730e-03 -9.300e-06  5.170e-05
 1.6440e-01 -2.790e-03  5.200e-04  1.200e-04 -1.359e-03 -3.460e-03  1.730e-05  6.750e-03 -9.300e-06  5.180e-05
 1.6560e-01 -2.800e-03  5.210e-04  1.200e-04 -1.363e-03 -3.470e-03  1.730e-05  6.760e-03 -9.300e-06  5.190e-05
 1.6670e-01 -2.810e-03  5.220e-04  1.210e-04 -1.366e-03 -3.480e-03  1.740e-05  6.780e-03 -9.300e-06  5.200e-05
 1.6790e-01 -2.810e-03  5.230e-04  1.210e-04 -1.369e-03 -3.490e-03  1.740e-05  6.790e-03 -9.300e-06  5.210e-05
 1.6900e-01 -2.820e-03  5.250e-04  1.210e-04 -1.372e-03 -3.490e-03  1.750e-05  6.810e-03 -9.300e-06  5.220e-05
 1.7010e-01 -2.830e-03  5.260e-04  1.220e-04 -1.376e-03 -3.500e-03  1.760e-05  6.830e-03 -9.300e-06  5.240e-05
 1.7130e-01 -2.830e-03  5.270e-04  1.220e-04 -1.379e-03 -3.510e-03  1.760e-05  6.840e-03 -9.300e-06  5.250e-05
 1.7240e-01 -2.840e-03  5.280e-04  1.220e-04 -1.382e-03 -3.520e-03  1.770e-05  6.860e-03 -9.300e-06  5.260e-05
 1.7350e-01 -2.840e-03  5.300e-04  1.230e-04 -1.385e-03 -3.530e-03  1.780e-05  6.870e-03 -9.400e-06  5.270e-05
 1.7470e-01 -2.850e-03  5.310e-04  1.230e-04 -1.388e-03 -3.530e-03  1.780e-05  6.890e-03 -9.400e-06  5.280e-05
 1.7580e-01 -2.860e-03  5.320e-04  1.230e-04 -1.392e-03 -3.540e-03  1.790e-05  6.900e-03 -9.400e-06  5.290e-05
 1.7690e-01 -2.860e-03  5.330e-04  1.240e-04 -1.395e-03 -3.550e-03  1.790e-05  6.910e-03 -9.400e-06  5.300e-05
 1.7800e-01 -2.870e-03  5.340e-04  1.240e-04 -1.398e-03 -3.560e-03  1.790e-05  6.930e-03 -9.400e-06  5.300e-05
 1.7920e-01 -2.870e-03  5.350e-04  1.250e-04 -1.401e-03 -3.560e-03  1.800e-05  6.940e-03 -9.400e-06  5.320e-05
 1.8030e-01 -2.880e-03  5.370e-04  1.250e-04 -1.403e-03 -3.570e-03  1.800e-05  6.960e-03 -9.400e-06  5.330e-05
 1.8140e-01 -2.890e-03  5.380e-04  1.250e-04 -1.406e-03 -3.580e-03  1.800e-05  6.970e-03 -9.400e-06  5.340e-05
 1.8250e-01 -2.890e-03  5.390e-04  1.260e-04 -1.409e-03 -3.590e-03  1.800e-05  6.990e-03 -9.400e-06  5.340e-05
 1.8370e-01 -2.900e-03  5.400e-04  1.260e-04 -1.412e-03 -3.590e-03  1.800e-05  7.000e-03 -9.500e-06  5.360e-05
 1.8480e-01 -2.900e-03  5.410e-04  1.260e-04 -1.415e-03 -3.600e-03  1.810e-05  7.010e-03 -9.500e-06  5.360e-05
 1.8590e-01 -2.910e-03  5.420e-04  1.270e-04 -1.418e-03 -3.610e-03  1.810e-05  7.030e-03 -9.500e-06  5.380e-05
 1.8700e-01 -2.910e-03  5.430e-04  1.270e-04 -1.421e-03 -3.620e-03  1.820e-05  7.040e-03 -9.500e-06  5.380e-05
 1.8810e-01 -2.920e-03  5.440e-04  1.270e-04 -1.423e-03 -3.620e-03  1.830e-05  7.050e-03 -9.500e-06  5.400e-05
 1.8920e-01 -2.920e-03  5.450e-04  1.280e-04 -1.426e-03 -3.630e-03  1.840e-05  7.060e-03 -9.500e-06  5.410e-05
 1.9040e-01 -2.930e-03  5.460e-04  1.280e-04 -1.429e-03 -3.640e-03  1.840e-05  7.080e-03 -9.500e-06  5.420e-05
 1.9150e-01 -2.940e-03  5.470e-04  1.280e-04 -1.432e-03 -3.640e-03  1.840e-05  7.090e-03 -9.500e-06  5.430e-05
 1.9260e-01 -2.940e-03  5.480e-04  1.280e-04 -1.434e-03 -3.650e-03  1.850e-05  7.100e-03 -9.600e-06  5.430e-05
 1.9370e-01 -2.950e-03  5.490e-04  1.290e-04 -1.437e-03 -3.660e-03  1.850e-05  7.120e-03 -9.600e-06  5.450e-05
 1.9480e-01 -2.950e-03  5.500e-04  1.290e-04 -1.440e-03 -3.660e-03  1.860e-05  7.130e-03 -9.600e-06  5.450e-05
 1.9590e-01 -2.960e-03  5.510e-04  1.290e-04 -1.442e-03 -3.670e-03  1.860e-05  7.140e-03 -9.600e-06  5.460e-05
 1.9700e-01 -2.960e-03  5.520e-04  1.300e-04 -1.445e-03 -3.680e-03  1.870e-05  7.150e-03 -9.600e-06  5.470e-05
 1.9810e-01 -2.970e-03  5.530e-04  1.300e-04 -1.447e-03 -3.680e-03  1.870e-05  7.160e-03 -9.600e-06  5.480e-05
 1.9920e-01 -2.970e-03  5.540e-04  1.300e-04 -1.450e-03 -3.690e-03  1.880e-05  7.180e-03 -9.600e-06  5.490e-05
 2.0030e-01 -2.980e-03  5.550e-04  1.310e-04 -1.452e-03 -3.690e-03  1.880e-05  7.190e-03 -9.600e-06  5.500e-05
 2.0140e-01 -2.980e-03  5.560e-04  1.310e-04 -1.455e-03 -3.700e-03  1.880e-05  7.200e-03 -9.600e-06  5.510e-05
 2.0250e-01 -2.980e-03  5.570e-04  1.310e-04 -1.457e-03 -3.710e-03  1.880e-05  7.210e-03 -9.600e-06  5.510e-05
 2.0360e-01 -2.990e-03  5.580e-04  1.320e-04 -1.459e-03 -3.710e-03  1.890e-05  7.220e-03 -9.600e-06  5.530e-05
 2.0470e-01 -2.990e-03  5.590e-04  1.320e-04 -1.462e-03 -3.720e-03  1.890e-05  7.230e-03 -9.600e-06  5.540e-05
 2.0580e-01 -3.000e-03  5.600e-04  1.320e-04 -1.464e-03 -3.730e-03  1.900e-05  7.240e-03 -9.600e-06  5.550e-05
 2.0690e-01 -3.000e-03  5.610e-04  1.320e-04 -1.466e-03 -3.730e-03  1.890e-05  7.260e-03 -9.600e-06  5.560e-05
 2.0800e-01 -3.010e-03  5.620e-04  1.330e-04 -1.469e-03 -3.740e-03  1.900e-05  7.270e-03 -9.600e-06  5.570e-05
 2.0910e-01 -3.010e-03  5.630e-04  1.330e-04 -1.471e-03 -3.740e-03  1.910e-05  7.280e-03 -9.600e-06  5.580e-05
 2.1020e-01 -3.020e-03  5.630e-04  1.330e-04 -1.473e-03 -3.750e-03  1.910e-05  7.290e-03 -9.600e-06  5.580e-05
 2.1130e-01 -3.020e-03  5.640e-04  1.340e-04 -1.476e-03 -3.760e-03  1.910e-05  7.300e-03 -9.600e-06  5.600e-05
 2.1510e-01 -3.040e-03  5.670e-04  1.340e-04 -1.483e-03 -3.770e-03  1.930e-05  7.340e-03 -9.600e-06  5.620e-05
 2.1890e-01 -3.050e-03  5.700e-04  1.350e-04 -1.491e-03 -3.790e-03  1.940e-05  7.370e-03 -9.600e-06  5.650e-05
 2.2270e-01 -3.070e-03  5.730e-04  1.360e-04 -1.498e-03 -3.810e-03  1.940e-05  7.410e-03 -9.600e-06  5.670e-05
 2.2650e-01 -3.080e-03  5.760e-04  1.370e-04 -1.505e-03 -3.830e-03  1.950e-05  7.440e-03 -9.600e-06  5.700e-05
 2.3030e-01 -3.090e-03  5.790e-04  1.380e-04 -1.512e-03 -3.850e-03  1.950e-05  7.480e-03 -9.700e-06  5.730e-05
 2.3420e-01 -3.110e-03  5.810e-04  1.390e-04 -1.519e-03 -3.870e-03  1.960e-05  7.510e-03 -9.700e-06  5.750e-05
 2.3800e-01 -3.120e-03  5.840e-04  1.400e-04 -1.526e-03 -3.880e-03  1.960e-05  7.540e-03 -9.700e-06  5.780e-05
 2.4180e-01 -3.130e-03  5.870e-04  1.410e-04 -1.533e-03 -3.900e-03  1.970e-05  7.570e-03 -9.700e-06  5.800e-05
 2.4560e-01 -3.150e-03  5.890e-04  1.410e-04 -1.539e-03 -3.920e-03  1.980e-05  7.600e-03 -9.700e-06  5.820e-05
 2.4950e-01 -3.160e-03  5.920e-04  1.420e-04 -1.545e-03 -3.930e-03  1.980e-05  7.630e-03 -9.700e-06  5.840e-05
 2.5330e-01 -3.170e-03  5.940e-04  1.430e-04 -1.551e-03 -3.950e-03  1.990e-05  7.660e-03 -9.700e-06  5.870e-05
 2.5710e-01 -3.180e-03  5.960e-04  1.440e-04 -1.557e-03 -3.970e-03  1.990e-05  7.690e-03 -9.700e-06  5.890e-05
 2.6100e-01 -3.190e-03  5.990e-04  1.450e-04 -1.563e-03 -3.980e-03  1.990e-05  7.720e-03 -9.800e-06  5.910e-05
 2.6480e-01 -3.210e-03  6.010e-04  1.450e-04 -1.569e-03 -4.000e-03  2.000e-05  7.750e-03 -9.800e-06  5.930e-05
 2.6860e-01 -3.220e-03  6.030e-04  1.460e-04 -1.575e-03 -4.010e-03  2.000e-05  7.770e-03 -9.800e-06  5.950e-05
 2.7250e-01 -3.230e-03  6.050e-04  1.470e-04 -1.581e-03 -4.030e-03  2.010e-05  7.800e-03 -9.800e-06  5.970e-05
 2.7630e-01 -3.240e-03  6.080e-04  1.480e-04 -1.586e-03 -4.040e-03  2.030e-05  7.830e-03 -9.800e-06  6.000e-05
 2.8020e-01 -3.250e-03  6.100e-04  1.480e-04 -1.591e-03 -4.050e-03  2.040e-05  7.850e-03 -9.800e-06  6.010e-05
 2.8400e-01 -3.260e-03  6.120e-04  1.490e-04 -1.597e-03 -4.070e-03  2.050e-05  7.880e-03 -9.800e-06  6.030e-05
 2.8790e-01 -3.270e-03  6.140e-04  1.500e-04 -1.602e-03 -4.080e-03  2.050e-05  7.900e-03 -9.800e-06  6.040e-05
 2.9180e-01 -3.280e-03  6.160e-04  1.500e-04 -1.607e-03 -4.090e-03  2.060e-05  7.920e-03 -9.800e-06  6.060e-05
 2.9560e-01 -3.290e-03  6.180e-04  1.510e-04 -1.612e-03 -4.110e-03  2.060e-05  7.950e-03 -9.800e-06  6.080e-05
 2.9950e-01 -3.300e-03  6.200e-04  1.520e-04 -1.617e-03 -4.120e-03  2.070e-05  7.970e-03 -9.800e-06  6.100e-05
 3.0330e-01 -3.310e-03  6.210e-04  1.520e-04 -1.622e-03 -4.130e-03  2.070e-05  7.990e-03 -9.900e-06  6.110e-05
 3.0720e-01 -3.320e-03  6.230e-04  1.530e-04 -1.627e-03 -4.140e-03  2.080e-05  8.020e-03 -9.900e-06  6.130e-05
 3.1110e-01 -3.330e-03  6.250e-04  1.540e-04 -1.631e-03 -4.160e-03  2.090e-05  8.040e-03 -9.900e-06  6.150e-05
 3.1490e-01 -3.340e-03  6.270e-04  1.540e-04 -1.636e-03 -4.170e-03  2.090e-05  8.060e-03 -9.900e-06  6.160e-05
 3.1880e-01 -3.350e-03  6.290e-04  1.550e-04 -1.641e-03 -4.180e-03  2.100e-05  8.080e-03 -9.900e-06  6.180e-05
 3.2270e-01 -3.350e-03  6.300e-04  1.550e-04 -1.645e-03 -4.190e-03  2.090e-05  8.100e-03 -9.900e-06  6.190e-05
 3.2660e-01 -3.360e-03  6.320e-04  1.560e-04 -1.650e-03 -4.200e-03  2.100e-05  8.120e-03 -9.900e-06  6.210e-05
 3.3040e-01 -3.370e-03  6.340e-04  1.570e-04 -1.654e-03 -4.210e-03  2.110e-05  8.150e-03 -9.900e-06  6.220e-05
 3.3430e-01 -3.380e-03  6.350e-04  1.570e-04 -1.658e-03 -4.220e-03  2.110e-05  8.170e-03 -9.900e-06  6.230e-05
 3.3920e-01 -3.390e-03  6.370e-04  1.580e-04 -1.664e-03 -4.240e-03  2.110e-05  8.190e-03 -9.900e-06  6.240e-05
 3.4420e-01 -3.400e-03  6.400e-04  1.590e-04 -1.669e-03 -4.250e-03  2.120e-05  8.210e-03 -9.900e-06  6.260e-05
 3.4910e-01 -3.410e-03  6.420e-04  1.590e-04 -1.674e-03 -4.260e-03  2.120e-05  8.240e-03 -9.900e-06  6.270e-05
 3.5410e-01 -3.420e-03  6.440e-04  1.600e-04 -1.679e-03 -4.280e-03  2.130e-05  8.260e-03 -1.000e-05  6.290e-05
 3.5900e-01 -3.430e-03  6.450e-04  1.610e-04 -1.684e-03 -4.290e-03  2.140e-05  8.290e-03 -9.900e-06  6.310e-05
 3.6400e-01 -3.440e-03  6.470e-04  1.610e-04 -1.689e-03 -4.300e-03  2.140e-05  8.310e-03 -9.900e-06  6.320e-05
 3.6890e-01 -3.450e-03  6.490e-04  1.620e-04 -1.694e-03 -4.320e-03  2.150e-05  8.330e-03 -9.900e-06  6.330e-05
 3.7390e-01 -3.460e-03  6.510e-04  1.630e-04 -1.699e-03 -4.330e-03  2.160e-05  8.350e-03 -9.900e-06  6.350e-05
 3.7950e-01 -3.470e-03  6.530e-04  1.630e-04 -1.704e-03 -4.340e-03  2.150e-05  8.380e-03 -9.900e-06  6.370e-05
 3.8510e-01 -3.480e-03  6.550e-04  1.640e-04 -1.709e-03 -4.350e-03  2.160e-05  8.400e-03 -9.900e-06  6.380e-05
 3.9070e-01 -3.490e-03  6.570e-04  1.650e-04 -1.714e-03 -4.370e-03  2.170e-05  8.430e-03 -9.900e-06  6.400e-05
 3.9630e-01 -3.500e-03  6.590e-04  1.650e-04 -1.719e-03 -4.380e-03  2.170e-05  8.450e-03 -9.900e-06  6.430e-05
 4.0280e-01 -3.510e-03  6.610e-04  1.660e-04 -1.724e-03 -4.390e-03  2.180e-05  8.480e-03 -9.900e-06  6.440e-05
 4.0940e-01 -3.520e-03  6.630e-04  1.670e-04 -1.730e-03 -4.410e-03  2.190e-05  8.500e-03 -9.900e-06  6.460e-05
 4.1500e-01 -3.530e-03  6.650e-04  1.680e-04 -1.735e-03 -4.420e-03  2.190e-05  8.530e-03 -9.900e-06  6.480e-05
 4.2000e-01 -3.540e-03  6.670e-04  1.680e-04 -1.739e-03 -4.430e-03  2.200e-05  8.540e-03 -9.900e-06  6.490e-05
 4.2650e-01 -3.550e-03  6.690e-04  1.690e-04 -1.744e-03 -4.450e-03  2.200e-05  8.570e-03 -9.900e-06  6.510e-05
 4.3370e-01 -3.560e-03  6.710e-04  1.700e-04 -1.750e-03 -4.460e-03  2.210e-05  8.600e-03 -1.000e-05  6.530e-05
 4.4080e-01 -3.570e-03  6.730e-04  1.700e-04 -1.755e-03 -4.470e-03  2.210e-05  8.620e-03 -1.000e-05  6.550e-05
 4.4740e-01 -3.580e-03  6.750e-04  1.710e-04 -1.760e-03 -4.490e-03  2.210e-05  8.640e-03 -9.900e-06  6.560e-05
 4.5390e-01 -3.590e-03  6.770e-04  1.720e-04 -1.765e-03 -4.500e-03  2.210e-05  8.670e-03 -1.000e-05  6.580e-05
 4.6110e-01 -3.600e-03  6.790e-04  1.730e-04 -1.770e-03 -4.510e-03  2.220e-05  8.690e-03 -1.000e-05  6.600e-05
 4.6830e-01 -3.610e-03  6.810e-04  1.730e-04 -1.776e-03 -4.530e-03  2.220e-05  8.720e-03 -1.000e-05  6.620e-05
 4.7540e-01 -3.620e-03  6.830e-04  1.740e-04 -1.781e-03 -4.540e-03  2.220e-05  8.740e-03 -1.000e-05  6.640e-05
 4.8260e-01 -3.630e-03  6.850e-04  1.750e-04 -1.786e-03 -4.550e-03  2.220e-05  8.760e-03 -1.000e-05  6.660e-05
 4.8970e-01 -3.640e-03  6.870e-04  1.750e-04 -1.790e-03 -4.560e-03  2.230e-05  8.790e-03 -1.000e-05  6.670e-05
 4.9690e-01 -3.650e-03  6.880e-04  1.760e-04 -1.795e-03 -4.580e-03  2.230e-05  8.810e-03 -1.000e-05  6.690e-05
 5.0400e-01 -3.650e-03  6.900e-04  1.770e-04 -1.800e-03 -4.590e-03  2.240e-05  8.830e-03 -1.000e-05  6.710e-05
 5.1120e-01 -3.660e-03  6.920e-04  1.770e-04 -1.805e-03 -4.600e-03  2.240e-05  8.850e-03 -1.000e-05  6.720e-05
 5.1840e-01 -3.670e-03  6.940e-04  1.780e-04 -1.809e-03 -4.610e-03  2.250e-05  8.870e-03 -1.000e-05  6.740e-05
 5.2560e-01 -3.680e-03  6.950e-04  1.790e-04 -1.814e-03 -4.620e-03  2.260e-05  8.890e-03 -9.900e-06  6.760e-05
 5.3280e-01 -3.690e-03  6.970e-04  1.790e-04 -1.818e-03 -4.640e-03  2.260e-05  8.910e-03 -9.900e-06  6.770e-05
 5.4000e-01 -3.700e-03  6.990e-04  1.800e-04 -1.822e-03 -4.650e-03  2.270e-05  8.930e-03 -9.900e-06  6.790e-05
 5.4710e-01 -3.710e-03  7.000e-04  1.800e-04 -1.826e-03 -4.660e-03  2.280e-05  8.950e-03 -9.900e-06  6.810e-05
 5.5430e-01 -3.710e-03  7.020e-04  1.810e-04 -1.830e-03 -4.670e-03  2.290e-05  8.970e-03 -1.000e-05  6.830e-05
 5.6140e-01 -3.720e-03  7.040e-04  1.820e-04 -1.835e-03 -4.680e-03  2.290e-05  8.990e-03 -1.000e-05  6.840e-05
 5.6860e-01 -3.730e-03  7.050e-04  1.820e-04 -1.839e-03 -4.690e-03  2.300e-05  9.010e-03 -1.000e-05  6.850e-05
 5.7580e-01 -3.740e-03  7.070e-04  1.830e-04 -1.843e-03 -4.700e-03  2.300e-05  9.030e-03 -1.000e-05  6.870e-05
 5.8290e-01 -3.740e-03  7.080e-04  1.830e-04 -1.847e-03 -4.710e-03  2.300e-05  9.050e-03 -1.000e-05  6.880e-05
 5.9010e-01 -3.750e-03  7.100e-04  1.840e-04 -1.850e-03 -4.720e-03  2.310e-05  9.070e-03 -1.000e-05  6.900e-05
 5.9730e-01 -3.760e-03  7.110e-04  1.840e-04 -1.854e-03 -4.730e-03  2.320e-05  9.080e-03 -1.000e-05  6.910e-05
 6.0450e-01 -3.770e-03  7.120e-04  1.850e-04 -1.858e-03 -4.740e-03  2.330e-05  9.100e-03 -9.900e-06  6.920e-05
 6.1160e-01 -3.770e-03  7.140e-04  1.860e-04 -1.862e-03 -4.750e-03  2.330e-05  9.120e-03 -9.900e-06  6.930e-05
 6.1880e-01 -3.780e-03  7.150e-04  1.860e-04 -1.866e-03 -4.760e-03  2.330e-05  9.130e-03 -9.900e-06  6.940e-05
 6.2600e-01 -3.790e-03  7.170e-04  1.870e-04 -1.869e-03 -4.770e-03  2.340e-05  9.150e-03 -9.900e-06  6.950e-05
 6.3310e-01 -3.790e-03  7.180e-04  1.870e-04 -1.873e-03 -4.780e-03  2.330e-05  9.170e-03 -9.900e-06  6.960e-05
 6.4030e-01 -3.800e-03  7.190e-04  1.880e-04 -1.876e-03 -4.790e-03  2.340e-05  9.180e-03 -1.000e-05  6.970e-05
 6.4740e-01 -3.810e-03  7.210e-04  1.880e-04 -1.880e-03 -4.790e-03  2.350e-05  9.200e-03 -1.000e-05  6.980e-05
 6.5460e-01 -3.810e-03  7.220e-04  1.890e-04 -1.883e-03 -4.800e-03  2.350e-05  9.220e-03 -1.000e-05  6.990e-05
 6.6180e-01 -3.820e-03  7.230e-04  1.890e-04 -1.887e-03 -4.810e-03  2.360e-05  9.230e-03 -9.900e-06  7.010e-05
 6.6890e-01 -3.830e-03  7.250e-04  1.900e-04 -1.890e-03 -4.820e-03  2.370e-05  9.250e-03 -9.900e-06  7.020e-05
 6.7610e-01 -3.830e-03  7.260e-04  1.900e-04 -1.893e-03 -4.830e-03  2.370e-05  9.260e-03 -9.900e-06  7.020e-05
 6.8320e-01 -3.840e-03  7.270e-04  1.910e-04 -1.896e-03 -4.840e-03  2.380e-05  9.280e-03 -9.900e-06  7.040e-05
 6.9040e-01 -3.850e-03  7.280e-04  1.910e-04 -1.900e-03 -4.840e-03  2.380e-05  9.290e-03 -9.900e-06  7.040e-05
 6.9760e-01 -3.850e-03  7.290e-04  1.910e-04 -1.903e-03 -4.850e-03  2.380e-05  9.310e-03 -9.900e-06  7.050e-05
 7.0470e-01 -3.860e-03  7.310e-04  1.920e-04 -1.906e-03 -4.860e-03  2.390e-05  9.320e-03 -9.900e-06  7.060e-05
 7.1190e-01 -3.860e-03  7.320e-04  1.920e-04 -1.909e-03 -4.870e-03  2.390e-05  9.340e-03 -9.900e-06  7.070e-05
 7.1910e-01 -3.870e-03  7.330e-04  1.930e-04 -1.912e-03 -4.880e-03  2.400e-05  9.350e-03 -9.900e-06  7.080e-05
 7.2620e-01 -3.880e-03  7.340e-04  1.930e-04 -1.915e-03 -4.880e-03  2.400e-05  9.360e-03 -9.900e-06  7.090e-05
 7.3340e-01 -3.880e-03  7.350e-04  1.940e-04 -1.918e-03 -4.890e-03  2.410e-05  9.380e-03 -9.900e-06  7.100e-05
 7.4060e-01 -3.890e-03  7.360e-04  1.940e-04 -1.921e-03 -4.900e-03  2.420e-05  9.390e-03 -9.900e-06  7.110e-05
 7.4770e-01 -3.890e-03  7.380e-04  1.950e-04 -1.924e-03 -4.910e-03  2.420e-05  9.400e-03 -9.900e-06  7.120e-05
 7.5490e-01 -3.900e-03  7.390e-04  1.950e-04 -1.927e-03 -4.910e-03  2.420e-05  9.420e-03 -9.900e-06  7.130e-05
 7.6210e-01 -3.900e-03  7.400e-04  1.950e-04 -1.930e-03 -4.920e-03  2.420e-05  9.430e-03 -9.900e-06  7.140e-05
 7.6920e-01 -3.910e-03  7.410e-04  1.960e-04 -1.933e-03 -4.930e-03  2.420e-05  9.440e-03 -9.900e-06  7.140e-05
 7.7640e-01 -3.910e-03  7.420e-04  1.960e-04 -1.935e-03 -4.940e-03  2.430e-05  9.460e-03 -9.900e-06  7.150e-05
 7.8360e-01 -3.920e-03  7.430e-04  1.970e-04 -1.938e-03 -4.940e-03  2.430e-05  9.470e-03 -9.900e-06  7.160e-05
 7.9070e-01 -3.920e-03  7.440e-04  1.970e-04 -1.941e-03 -4.950e-03  2.440e-05  9.480e-03 -9.900e-06  7.170e-05
 7.9790e-01 -3.930e-03  7.450e-04  1.980e-04 -1.944e-03 -4.960e-03  2.440e-05  9.500e-03 -9.900e-06  7.170e-05
 8.0460e-01 -3.930e-03  7.460e-04  1.980e-04 -1.946e-03 -4.960e-03  2.440e-05  9.510e-03 -9.900e-06  7.180e-05
 8.1150e-01 -3.940e-03  7.470e-04  1.980e-04 -1.949e-03 -4.970e-03  2.440e-05  9.520e-03 -9.900e-06  7.190e-05
 8.1820e-01 -3.940e-03  7.480e-04  1.990e-04 -1.951e-03 -4.980e-03  2.440e-05  9.530e-03 -9.900e-06  7.190e-05
 8.2480e-01 -3.950e-03  7.490e-04  1.990e-04 -1.954e-03 -4.980e-03  2.440e-05  9.540e-03 -9.900e-06  7.200e-05
 8.3150e-01 -3.950e-03  7.500e-04  1.990e-04 -1.956e-03 -4.990e-03  2.440e-05  9.550e-03 -9.900e-06  7.210e-05
 8.3820e-01 -3.960e-03  7.510e-04  2.000e-04 -1.958e-03 -5.000e-03  2.450e-05  9.560e-03 -9.900e-06  7.220e-05
 8.4480e-01 -3.960e-03  7.520e-04  2.000e-04 -1.961e-03 -5.000e-03  2.450e-05  9.570e-03 -9.900e-06  7.230e-05
 8.5150e-01 -3.970e-03  7.520e-04  2.000e-04 -1.963e-03 -5.010e-03  2.450e-05  9.580e-03 -9.900e-06  7.230e-05
 8.5820e-01 -3.970e-03  7.530e-04  2.010e-04 -1.965e-03 -5.010e-03  2.460e-05  9.600e-03 -9.900e-06  7.250e-05
 8.6480e-01 -3.980e-03  7.540e-04  2.010e-04 -1.967e-03 -5.020e-03  2.460e-05  9.610e-03 -9.900e-06  7.260e-05
 8.7150e-01 -3.980e-03  7.550e-04  2.010e-04 -1.970e-03 -5.020e-03  2.470e-05  9.620e-03 -9.900e-06  7.260e-05
 8.7810e-01 -3.980e-03  7.560e-04  2.020e-04 -1.972e-03 -5.030e-03  2.470e-05  9.630e-03 -9.900e-06  7.260e-05
 8.8480e-01 -3.990e-03  7.570e-04  2.020e-04 -1.974e-03 -5.040e-03  2.480e-05  9.640e-03 -9.900e-06  7.270e-05
 8.9150e-01 -3.990e-03  7.580e-04  2.020e-04 -1.976e-03 -5.040e-03  2.480e-05  9.650e-03 -9.800e-06  7.280e-05
 8.9810e-01 -4.000e-03  7.580e-04  2.030e-04 -1.979e-03 -5.050e-03  2.470e-05  9.660e-03 -9.900e-06  7.290e-05
 9.0480e-01 -4.000e-03  7.590e-04  2.030e-04 -1.981e-03 -5.050e-03  2.470e-05  9.670e-03 -9.900e-06  7.300e-05
 9.1150e-01 -4.000e-03  7.600e-04  2.030e-04 -1.983e-03 -5.060e-03  2.470e-05  9.680e-03 -9.800e-06  7.300e-05
 9.1810e-01 -4.010e-03  7.610e-04  2.040e-04 -1.985e-03 -5.060e-03  2.470e-05  9.690e-03 -9.900e-06  7.300e-05
 9.2480e-01 -4.010e-03  7.620e-04  2.040e-04 -1.987e-03 -5.070e-03  2.470e-05  9.700e-03 -9.900e-06  7.310e-05
 9.3200e-01 -4.020e-03  7.630e-04  2.040e-04 -1.990e-03 -5.080e-03  2.480e-05  9.710e-03 -9.900e-06  7.320e-05
 9.3870e-01 -4.020e-03  7.630e-04  2.050e-04 -1.992e-03 -5.080e-03  2.480e-05  9.720e-03 -9.900e-06  7.320e-05
 9.4530e-01 -4.030e-03  7.640e-04  2.050e-04 -1.994e-03 -5.090e-03  2.480e-05  9.730e-03 -9.900e-06  7.330e-05
 9.5200e-01 -4.030e-03  7.650e-04  2.050e-04 -1.996e-03 -5.090e-03  2.480e-05  9.740e-03 -9.900e-06  7.330e-05
 9.5870e-01 -4.030e-03  7.660e-04  2.060e-04 -1.998e-03 -5.100e-03  2.480e-05  9.750e-03 -9.900e-06  7.340e-05
 9.6530e-01 -4.040e-03  7.660e-04  2.060e-04 -2.000e-03 -5.100e-03  2.480e-05  9.750e-03 -9.900e-06  7.350e-05
 9.7200e-01 -4.040e-03  7.670e-04  2.060e-04 -2.002e-03 -5.110e-03  2.490e-05  9.760e-03 -9.900e-06  7.360e-05
 9.7870e-01 -4.040e-03  7.680e-04  2.070e-04 -2.004e-03 -5.110e-03  2.490e-05  9.770e-03 -9.900e-06  7.370e-05
 9.8530e-01 -4.050e-03  7.690e-04  2.070e-04 -2.006e-03 -5.120e-03  2.490e-05  9.780e-03 -9.900e-06  7.380e-05
 9.9200e-01 -4.050e-03  7.690e-04  2.070e-04 -2.008e-03 -5.120e-03  2.490e-05  9.790e-03 -9.900e-06  7.390e-05
 9.9870e-01 -4.060e-03  7.700e-04  2.070e-04 -2.010e-03 -5.130e-03  2.490e-05  9.800e-03 -9.900e-06  7.400e-05
 1.0050e+00 -4.060e-03  7.710e-04  2.080e-04 -2.012e-03 -5.130e-03  2.500e-05  9.810e-03 -9.900e-06  7.410e-05
 1.0120e+00 -4.060e-03  7.720e-04  2.080e-04 -2.014e-03 -5.140e-03  2.500e-05  9.820e-03 -9.900e-06  7.410e-05
 1.0190e+00 -4.070e-03  7.720e-04  2.080e-04 -2.015e-03 -5.140e-03  2.500e-05  9.830e-03 -9.900e-06  7.420e-05
 1.0250e+00 -4.070e-03  7.730e-04  2.090e-04 -2.017e-03 -5.150e-03  2.510e-05  9.840e-03 -9.900e-06  7.430e-05
 1.0320e+00 -4.070e-03  7.740e-04  2.090e-04 -2.019e-03 -5.150e-03  2.500e-05  9.840e-03 -9.900e-06  7.430e-05
 1.0390e+00 -4.080e-03  7.740e-04  2.090e-04 -2.021e-03 -5.160e-03  2.510e-05  9.850e-03 -9.900e-06  7.440e-05
 1.0450e+00 -4.080e-03  7.750e-04  2.090e-04 -2.023e-03 -5.160e-03  2.520e-05  9.860e-03 -9.900e-06  7.450e-05
 1.0520e+00 -4.080e-03  7.760e-04  2.100e-04 -2.024e-03 -5.170e-03  2.510e-05  9.870e-03 -9.900e-06  7.460e-05
 1.0590e+00 -4.090e-03  7.770e-04  2.100e-04 -2.026e-03 -5.170e-03  2.510e-05  9.880e-03 -9.900e-06  7.470e-05
 1.0650e+00 -4.090e-03  7.770e-04  2.100e-04 -2.028e-03 -5.170e-03  2.510e-05  9.890e-03 -9.900e-06  7.480e-05
 1.0720e+00 -4.090e-03  7.780e-04  2.110e-04 -2.030e-03 -5.180e-03  2.510e-05  9.890e-03 -9.900e-06  7.480e-05
 1.0790e+00 -4.100e-03  7.790e-04  2.110e-04 -2.032e-03 -5.180e-03  2.510e-05  9.900e-03 -9.900e-06  7.490e-05
 1.0860e+00 -4.100e-03  7.790e-04  2.110e-04 -2.034e-03 -5.190e-03  2.520e-05  9.910e-03 -9.900e-06  7.490e-05
 1.0930e+00 -4.110e-03  7.800e-04  2.110e-04 -2.035e-03 -5.190e-03  2.520e-05  9.920e-03 -9.900e-06  7.510e-05
 1.1000e+00 -4.110e-03  7.810e-04  2.120e-04 -2.037e-03 -5.200e-03  2.510e-05  9.930e-03 -9.900e-06  7.520e-05
 1.1070e+00 -4.110e-03  7.810e-04  2.120e-04 -2.039e-03 -5.200e-03  2.520e-05  9.940e-03 -9.900e-06  7.520e-05
 1.1140e+00 -4.120e-03  7.820e-04  2.120e-04 -2.041e-03 -5.210e-03  2.520e-05  9.950e-03 -9.900e-06  7.520e-05
 1.1210e+00 -4.120e-03  7.830e-04  2.120e-04 -2.042e-03 -5.210e-03  2.530e-05  9.950e-03 -9.900e-06  7.520e-05
 1.1280e+00 -4.120e-03  7.840e-04  2.130e-04 -2.044e-03 -5.220e-03  2.540e-05  9.960e-03 -9.900e-06  7.540e-05
 1.1350e+00 -4.130e-03  7.840e-04  2.130e-04 -2.046e-03 -5.220e-03  2.540e-05  9.970e-03 -9.900e-06  7.540e-05
 1.1420e+00 -4.130e-03  7.850e-04  2.130e-04 -2.047e-03 -5.230e-03  2.540e-05  9.980e-03 -1.000e-05  7.560e-05
 1.1490e+00 -4.130e-03  7.850e-04  2.140e-04 -2.049e-03 -5.230e-03  2.540e-05  9.990e-03 -1.000e-05  7.570e-05
 1.1560e+00 -4.140e-03  7.860e-04  2.140e-04 -2.051e-03 -5.230e-03  2.530e-05  9.990e-03 -1.000e-05  7.580e-05
 1.1630e+00 -4.140e-03  7.870e-04  2.140e-04 -2.052e-03 -5.240e-03  2.530e-05  1.000e-02 -1.000e-05  7.580e-05
 1.1700e+00 -4.140e-03  7.870e-04  2.140e-04 -2.054e-03 -5.240e-03  2.540e-05  1.001e-02 -1.000e-05  7.590e-05
 1.1770e+00 -4.140e-03  7.880e-04  2.150e-04 -2.056e-03 -5.250e-03  2.540e-05  1.002e-02 -1.000e-05  7.590e-05
 1.1840e+00 -4.150e-03  7.890e-04  2.150e-04 -2.058e-03 -5.250e-03  2.540e-05  1.002e-02 -1.000e-05  7.600e-05
 1.1910e+00 -4.150e-03  7.890e-04  2.150e-04 -2.059e-03 -5.260e-03  2.540e-05  1.003e-02 -1.000e-05  7.600e-05
 1.1980e+00 -4.150e-03  7.900e-04  2.150e-04 -2.061e-03 -5.260e-03  2.540e-05  1.004e-02 -1.000e-05  7.620e-05
 1.2040e+00 -4.160e-03  7.900e-04  2.160e-04 -2.062e-03 -5.260e-03  2.550e-05  1.005e-02 -1.000e-05  7.620e-05
 1.2110e+00 -4.160e-03  7.910e-04  2.160e-04 -2.064e-03 -5.270e-03  2.550e-05  1.005e-02 -1.000e-05  7.620e-05
 1.2180e+00 -4.160e-03  7.920e-04  2.160e-04 -2.065e-03 -5.270e-03  2.550e-05  1.006e-02 -1.000e-05  7.630e-05
 1.2240e+00 -4.170e-03  7.920e-04  2.160e-04 -2.067e-03 -5.280e-03  2.560e-05  1.007e-02 -9.900e-06  7.630e-05
 1.2310e+00 -4.170e-03  7.930e-04  2.160e-04 -2.068e-03 -5.280e-03  2.560e-05  1.007e-02 -1.000e-05  7.640e-05
 1.2380e+00 -4.170e-03  7.930e-04  2.170e-04 -2.070e-03 -5.280e-03  2.560e-05  1.008e-02 -1.000e-05  7.640e-05
 1.2440e+00 -4.170e-03  7.940e-04  2.170e-04 -2.071e-03 -5.290e-03  2.560e-05  1.009e-02 -9.900e-06  7.650e-05
 1.2510e+00 -4.180e-03  7.950e-04  2.170e-04 -2.073e-03 -5.290e-03  2.560e-05  1.009e-02 -1.000e-05  7.660e-05
 1.2580e+00 -4.180e-03  7.950e-04  2.170e-04 -2.074e-03 -5.290e-03  2.560e-05  1.010e-02 -1.000e-05  7.660e-05
 1.2640e+00 -4.180e-03  7.960e-04  2.180e-04 -2.076e-03 -5.300e-03  2.570e-05  1.011e-02 -1.000e-05  7.670e-05
 1.2710e+00 -4.190e-03  7.960e-04  2.180e-04 -2.077e-03 -5.300e-03  2.570e-05  1.012e-02 -9.900e-06  7.670e-05
 1.2780e+00 -4.190e-03  7.970e-04  2.180e-04 -2.079e-03 -5.310e-03  2.570e-05  1.012e-02 -9.900e-06  7.670e-05
 1.2850e+00 -4.190e-03  7.970e-04  2.180e-04 -2.080e-03 -5.310e-03  2.560e-05  1.013e-02 -9.900e-06  7.670e-05
 1.2910e+00 -4.190e-03  7.980e-04  2.190e-04 -2.082e-03 -5.310e-03  2.570e-05  1.014e-02 -9.900e-06  7.680e-05
 1.2980e+00 -4.200e-03  7.980e-04  2.190e-04 -2.083e-03 -5.320e-03  2.560e-05  1.014e-02 -9.900e-06  7.690e-05
 1.3050e+00 -4.200e-03  7.990e-04  2.190e-04 -2.084e-03 -5.320e-03  2.570e-05  1.015e-02 -9.900e-06  7.700e-05
 1.3120e+00 -4.200e-03  8.000e-04  2.190e-04 -2.086e-03 -5.320e-03  2.560e-05  1.015e-02 -9.900e-06  7.700e-05
 1.3190e+00 -4.200e-03  8.000e-04  2.190e-04 -2.087e-03 -5.330e-03  2.570e-05  1.016e-02 -1.000e-05  7.700e-05
 1.3260e+00 -4.210e-03  8.010e-04  2.200e-04 -2.089e-03 -5.330e-03  2.560e-05  1.017e-02 -1.000e-05  7.700e-05
 1.3330e+00 -4.210e-03  8.010e-04  2.200e-04 -2.090e-03 -5.330e-03  2.570e-05  1.017e-02 -1.000e-05  7.710e-05
 1.3400e+00 -4.210e-03  8.020e-04  2.200e-04 -2.092e-03 -5.340e-03  2.570e-05  1.018e-02 -9.900e-06  7.720e-05
 1.3470e+00 -4.220e-03  8.020e-04  2.200e-04 -2.093e-03 -5.340e-03  2.570e-05  1.019e-02 -9.900e-06  7.720e-05
 1.3540e+00 -4.220e-03  8.030e-04  2.210e-04 -2.095e-03 -5.350e-03  2.570e-05  1.019e-02 -1.000e-05  7.730e-05
 1.3610e+00 -4.220e-03  8.030e-04  2.210e-04 -2.096e-03 -5.350e-03  2.570e-05  1.020e-02 -9.900e-06  7.730e-05
 1.3680e+00 -4.220e-03  8.040e-04  2.210e-04 -2.097e-03 -5.350e-03  2.580e-05  1.021e-02 -9.900e-06  7.740e-05
 1.3750e+00 -4.230e-03  8.040e-04  2.210e-04 -2.099e-03 -5.360e-03  2.580e-05  1.021e-02 -9.900e-06  7.750e-05
 1.3820e+00 -4.230e-03  8.050e-04  2.210e-04 -2.100e-03 -5.360e-03  2.580e-05  1.022e-02 -9.900e-06  7.750e-05
 1.3890e+00 -4.230e-03  8.050e-04  2.220e-04 -2.102e-03 -5.360e-03  2.580e-05  1.023e-02 -1.000e-05  7.760e-05
 1.3960e+00 -4.230e-03  8.060e-04  2.220e-04 -2.103e-03 -5.370e-03  2.580e-05  1.023e-02 -1.000e-05  7.770e-05
 1.4030e+00 -4.240e-03  8.060e-04  2.220e-04 -2.104e-03 -5.370e-03  2.570e-05  1.024e-02 -1.000e-05  7.780e-05
 1.4100e+00 -4.240e-03  8.070e-04  2.220e-04 -2.106e-03 -5.370e-03  2.570e-05  1.025e-02 -1.000e-05  7.780e-05
 1.4170e+00 -4.240e-03  8.080e-04  2.220e-04 -2.107e-03 -5.380e-03  2.580e-05  1.025e-02 -1.000e-05  7.780e-05
 1.4240e+00 -4.240e-03  8.080e-04  2.230e-04 -2.109e-03 -5.380e-03  2.570e-05  1.026e-02 -9.900e-06  7.790e-05
 1.4310e+00 -4.250e-03  8.090e-04  2.230e-04 -2.110e-03 -5.380e-03  2.570e-05  1.026e-02 -9.900e-06  7.790e-05
 1.4380e+00 -4.250e-03  8.090e-04  2.230e-04 -2.111e-03 -5.390e-03  2.570e-05  1.027e-02 -9.900e-06  7.790e-05
 1.4450e+00 -4.250e-03  8.100e-04  2.230e-04 -2.113e-03 -5.390e-03  2.570e-05  1.028e-02 -9.900e-06  7.800e-05
 1.4520e+00 -4.250e-03  8.100e-04  2.230e-04 -2.114e-03 -5.390e-03  2.570e-05  1.028e-02 -9.900e-06  7.810e-05
 1.4590e+00 -4.260e-03  8.110e-04  2.240e-04 -2.115e-03 -5.400e-03  2.570e-05  1.029e-02 -1.000e-05  7.830e-05
 1.4660e+00 -4.260e-03  8.110e-04  2.240e-04 -2.116e-03 -5.400e-03  2.570e-05  1.029e-02 -1.000e-05  7.820e-05
 1.4730e+00 -4.260e-03  8.120e-04  2.240e-04 -2.118e-03 -5.400e-03  2.560e-05  1.030e-02 -1.000e-05  7.830e-05
 1.4800e+00 -4.260e-03  8.120e-04  2.240e-04 -2.119e-03 -5.410e-03  2.570e-05  1.031e-02 -9.900e-06  7.830e-05
 1.4870e+00 -4.270e-03  8.130e-04  2.240e-04 -2.120e-03 -5.410e-03  2.580e-05  1.031e-02 -9.900e-06  7.840e-05
 1.4940e+00 -4.270e-03  8.130e-04  2.250e-04 -2.121e-03 -5.410e-03  2.580e-05  1.032e-02 -9.900e-06  7.840e-05
 1.5010e+00 -4.270e-03  8.130e-04  2.250e-04 -2.123e-03 -5.420e-03  2.580e-05  1.032e-02 -9.900e-06  7.850e-05
 1.5080e+00 -4.270e-03  8.140e-04  2.250e-04 -2.124e-03 -5.420e-03  2.580e-05  1.033e-02 -1.000e-05  7.850e-05
 1.5150e+00 -4.280e-03  8.140e-04  2.250e-04 -2.125e-03 -5.420e-03  2.590e-05  1.034e-02 -9.900e-06  7.860e-05
 1.5220e+00 -4.280e-03  8.150e-04  2.250e-04 -2.126e-03 -5.430e-03  2.590e-05  1.034e-02 -1.000e-05  7.850e-05
 1.5290e+00 -4.280e-03  8.150e-04  2.260e-04 -2.128e-03 -5.430e-03  2.590e-05  1.035e-02 -1.000e-05  7.850e-05
 1.5360e+00 -4.280e-03  8.160e-04  2.260e-04 -2.129e-03 -5.430e-03  2.590e-05  1.035e-02 -1.000e-05  7.850e-05
 1.5430e+00 -4.290e-03  8.160e-04  2.260e-04 -2.130e-03 -5.440e-03  2.590e-05  1.036e-02 -1.000e-05  7.850e-05
 1.5500e+00 -4.290e-03  8.170e-04  2.260e-04 -2.132e-03 -5.440e-03  2.590e-05  1.036e-02 -1.000e-05  7.850e-05
 1.5570e+00 -4.290e-03  8.170e-04  2.260e-04 -2.133e-03 -5.440e-03  2.590e-05  1.037e-02 -1.000e-05  7.860e-05
 1.5640e+00 -4.290e-03  8.180e-04  2.270e-04 -2.134e-03 -5.450e-03  2.590e-05  1.037e-02 -1.000e-05  7.860e-05
 1.5710e+00 -4.290e-03  8.180e-04  2.270e-04 -2.135e-03 -5.450e-03  2.590e-05  1.038e-02 -1.000e-05  7.870e-05
 1.5780e+00 -4.300e-03  8.190e-04  2.270e-04 -2.136e-03 -5.450e-03  2.600e-05  1.039e-02 -1.000e-05  7.880e-05
 1.5850e+00 -4.300e-03  8.190e-04  2.270e-04 -2.137e-03 -5.460e-03  2.600e-05  1.039e-02 -1.000e-05  7.880e-05
 1.5920e+00 -4.300e-03  8.190e-04  2.270e-04 -2.139e-03 -5.460e-03  2.600e-05  1.040e-02 -1.000e-05  7.880e-05
 1.5990e+00 -4.300e-03  8.200e-04  2.280e-04 -2.140e-03 -5.460e-03  2.590e-05  1.040e-02 -1.000e-05  7.890e-05
 1.6060e+00 -4.310e-03  8.200e-04  2.280e-04 -2.141e-03 -5.460e-03  2.590e-05  1.041e-02 -1.000e-05  7.890e-05
 1.6130e+00 -4.310e-03  8.210e-04  2.280e-04 -2.142e-03 -5.470e-03  2.590e-05  1.041e-02 -1.000e-05  7.900e-05
 1.6200e+00 -4.310e-03  8.210e-04  2.280e-04 -2.143e-03 -5.470e-03  2.590e-05  1.042e-02 -1.000e-05  7.910e-05
 1.6270e+00 -4.310e-03  8.220e-04  2.280e-04 -2.144e-03 -5.470e-03  2.600e-05  1.042e-02 -1.000e-05  7.910e-05
 1.6340e+00 -4.310e-03  8.220e-04  2.280e-04 -2.145e-03 -5.480e-03  2.600e-05  1.043e-02 -1.000e-05  7.910e-05
 1.6410e+00 -4.320e-03  8.230e-04  2.290e-04 -2.147e-03 -5.480e-03  2.610e-05  1.043e-02 -1.000e-05  7.910e-05
 1.6480e+00 -4.320e-03  8.230e-04  2.290e-04 -2.148e-03 -5.480e-03  2.620e-05  1.044e-02 -1.000e-05  7.910e-05
 1.6550e+00 -4.320e-03  8.230e-04  2.290e-04 -2.149e-03 -5.480e-03  2.630e-05  1.044e-02 -1.010e-05  7.900e-05
 1.6620e+00 -4.320e-03  8.240e-04  2.290e-04 -2.150e-03 -5.490e-03  2.620e-05  1.045e-02 -1.010e-05  7.900e-05
 1.6690e+00 -4.330e-03  8.240e-04  2.290e-04 -2.151e-03 -5.490e-03  2.640e-05  1.045e-02 -1.010e-05  7.910e-05
 1.6760e+00 -4.330e-03  8.250e-04  2.290e-04 -2.152e-03 -5.490e-03  2.650e-05  1.046e-02 -1.000e-05  7.920e-05
 1.6830e+00 -4.330e-03  8.250e-04  2.300e-04 -2.153e-03 -5.500e-03  2.640e-05  1.046e-02 -1.010e-05  7.920e-05
 1.6900e+00 -4.330e-03  8.260e-04  2.300e-04 -2.155e-03 -5.500e-03  2.640e-05  1.047e-02 -1.010e-05  7.920e-05
 1.6970e+00 -4.330e-03  8.260e-04  2.300e-04 -2.155e-03 -5.500e-03  2.650e-05  1.047e-02 -1.000e-05  7.930e-05
 1.7040e+00 -4.340e-03  8.260e-04  2.300e-04 -2.157e-03 -5.500e-03  2.640e-05  1.048e-02 -1.010e-05  7.930e-05
 1.7110e+00 -4.340e-03  8.270e-04  2.300e-04 -2.158e-03 -5.510e-03  2.650e-05  1.048e-02 -1.010e-05  7.940e-05
 1.7180e+00 -4.340e-03  8.270e-04  2.300e-04 -2.159e-03 -5.510e-03  2.650e-05  1.049e-02 -1.010e-05  7.940e-05
 1.7250e+00 -4.340e-03  8.280e-04  2.310e-04 -2.160e-03 -5.510e-03  2.650e-05  1.049e-02 -1.010e-05  7.940e-05
 1.7320e+00 -4.340e-03  8.280e-04  2.310e-04 -2.161e-03 -5.520e-03  2.650e-05  1.050e-02 -1.010e-05  7.940e-05
 1.7390e+00 -4.350e-03  8.280e-04  2.310e-04 -2.162e-03 -5.520e-03  2.660e-05  1.050e-02 -1.010e-05  7.940e-05
 1.7460e+00 -4.350e-03  8.290e-04  2.310e-04 -2.163e-03 -5.520e-03  2.660e-05  1.051e-02 -1.010e-05  7.950e-05
 1.7530e+00 -4.350e-03  8.290e-04  2.310e-04 -2.164e-03 -5.520e-03  2.660e-05  1.051e-02 -1.010e-05  7.950e-05
 1.7590e+00 -4.350e-03  8.300e-04  2.310e-04 -2.165e-03 -5.530e-03  2.660e-05  1.052e-02 -1.010e-05  7.960e-05
 1.7660e+00 -4.350e-03  8.300e-04  2.320e-04 -2.166e-03 -5.530e-03  2.660e-05  1.052e-02 -1.010e-05  7.960e-05
 1.7720e+00 -4.350e-03  8.300e-04  2.320e-04 -2.167e-03 -5.530e-03  2.670e-05  1.053e-02 -1.000e-05  7.970e-05
 1.7790e+00 -4.360e-03  8.310e-04  2.320e-04 -2.168e-03 -5.530e-03  2.660e-05  1.053e-02 -1.000e-05  7.970e-05
 1.7860e+00 -4.360e-03  8.310e-04  2.320e-04 -2.169e-03 -5.540e-03  2.670e-05  1.054e-02 -1.000e-05  7.970e-05
 1.7930e+00 -4.360e-03  8.310e-04  2.320e-04 -2.170e-03 -5.540e-03  2.670e-05  1.054e-02 -1.000e-05  7.980e-05
 1.8000e+00 -4.360e-03  8.320e-04  2.320e-04 -2.171e-03 -5.540e-03  2.690e-05  1.054e-02 -1.000e-05  7.980e-05
 1.8070e+00 -4.360e-03  8.320e-04  2.330e-04 -2.172e-03 -5.540e-03  2.700e-05  1.055e-02 -1.000e-05  7.990e-05
 1.8140e+00 -4.370e-03  8.330e-04  2.330e-04 -2.173e-03 -5.550e-03  2.690e-05  1.055e-02 -1.000e-05  8.000e-05
 1.8210e+00 -4.370e-03  8.330e-04  2.330e-04 -2.174e-03 -5.550e-03  2.690e-05  1.056e-02 -1.000e-05  8.000e-05
 1.8270e+00 -4.370e-03  8.330e-04  2.330e-04 -2.175e-03 -5.550e-03  2.690e-05  1.056e-02 -1.000e-05  8.000e-05
 1.8340e+00 -4.370e-03  8.340e-04  2.330e-04 -2.176e-03 -5.550e-03  2.680e-05  1.057e-02 -1.000e-05  8.010e-05
 1.8410e+00 -4.370e-03  8.340e-04  2.330e-04 -2.176e-03 -5.560e-03  2.690e-05  1.057e-02 -1.000e-05  8.010e-05
 1.8480e+00 -4.380e-03  8.340e-04  2.340e-04 -2.177e-03 -5.560e-03  2.690e-05  1.058e-02 -1.000e-05  8.020e-05
 1.8550e+00 -4.380e-03  8.350e-04  2.340e-04 -2.178e-03 -5.560e-03  2.690e-05  1.058e-02 -1.000e-05  8.020e-05
 1.8620e+00 -4.380e-03  8.350e-04  2.340e-04 -2.179e-03 -5.560e-03  2.700e-05  1.059e-02 -1.000e-05  8.030e-05
 1.8690e+00 -4.380e-03  8.360e-04  2.340e-04 -2.180e-03 -5.570e-03  2.700e-05  1.059e-02 -1.000e-05  8.030e-05
 1.8750e+00 -4.380e-03  8.360e-04  2.340e-04 -2.181e-03 -5.570e-03  2.700e-05  1.059e-02 -1.000e-05  8.040e-05
 1.8820e+00 -4.380e-03  8.360e-04  2.340e-04 -2.182e-03 -5.570e-03  2.700e-05  1.060e-02 -1.000e-05  8.040e-05
 1.8880e+00 -4.390e-03  8.370e-04  2.340e-04 -2.183e-03 -5.570e-03  2.710e-05  1.060e-02 -1.000e-05  8.040e-05
 1.8950e+00 -4.390e-03  8.370e-04  2.350e-04 -2.184e-03 -5.580e-03  2.710e-05  1.061e-02 -1.000e-05  8.040e-05
 1.9020e+00 -4.390e-03  8.370e-04  2.350e-04 -2.185e-03 -5.580e-03  2.710e-05  1.061e-02 -1.000e-05  8.040e-05
 1.9090e+00 -4.390e-03  8.380e-04  2.350e-04 -2.186e-03 -5.580e-03  2.720e-05  1.061e-02 -1.000e-05  8.050e-05
 1.9160e+00 -4.390e-03  8.380e-04  2.350e-04 -2.186e-03 -5.580e-03  2.720e-05  1.062e-02 -1.000e-05  8.060e-05
 1.9230e+00 -4.390e-03  8.380e-04  2.350e-04 -2.187e-03 -5.580e-03  2.710e-05  1.062e-02 -1.000e-05  8.060e-05
 1.9290e+00 -4.400e-03  8.390e-04  2.350e-04 -2.188e-03 -5.590e-03  2.710e-05  1.063e-02 -1.000e-05  8.060e-05
 1.9360e+00 -4.400e-03  8.390e-04  2.350e-04 -2.189e-03 -5.590e-03  2.710e-05  1.063e-02 -1.000e-05  8.060e-05
 1.9430e+00 -4.400e-03  8.390e-04  2.360e-04 -2.190e-03 -5.590e-03  2.700e-05  1.064e-02 -1.000e-05  8.070e-05
 1.9490e+00 -4.400e-03  8.400e-04  2.360e-04 -2.191e-03 -5.590e-03  2.700e-05  1.064e-02 -1.000e-05  8.070e-05
 1.9560e+00 -4.400e-03  8.400e-04  2.360e-04 -2.192e-03 -5.600e-03  2.700e-05  1.064e-02 -1.000e-05  8.070e-05
 1.9620e+00 -4.400e-03  8.400e-04  2.360e-04 -2.192e-03 -5.600e-03  2.700e-05  1.065e-02 -1.000e-05  8.070e-05
 1.9690e+00 -4.410e-03  8.410e-04  2.360e-04 -2.193e-03 -5.600e-03  2.710e-05  1.065e-02 -1.000e-05  8.080e-05
 1.9750e+00 -4.410e-03  8.410e-04  2.360e-04 -2.194e-03 -5.600e-03  2.700e-05  1.065e-02 -1.000e-05  8.080e-05
 1.9810e+00 -4.410e-03  8.410e-04  2.360e-04 -2.195e-03 -5.600e-03  2.690e-05  1.066e-02 -1.000e-05  8.080e-05
 1.9880e+00 -4.410e-03  8.420e-04  2.360e-04 -2.196e-03 -5.610e-03  2.690e-05  1.066e-02 -1.000e-05  8.080e-05
 1.9950e+00 -4.410e-03  8.420e-04  2.370e-04 -2.197e-03 -5.610e-03  2.690e-05  1.067e-02 -1.000e-05  8.090e-05
 2.0020e+00 -4.410e-03  8.420e-04  2.370e-04 -2.198e-03 -5.610e-03  2.690e-05  1.067e-02 -1.000e-05  8.090e-05
 2.0080e+00 -4.420e-03  8.430e-04  2.370e-04 -2.198e-03 -5.610e-03  2.690e-05  1.067e-02 -1.000e-05  8.090e-05
 2.0140e+00 -4.420e-03  8.430e-04  2.370e-04 -2.199e-03 -5.620e-03  2.690e-05  1.068e-02 -1.000e-05  8.090e-05
 2.0210e+00 -4.420e-03  8.430e-04  2.370e-04 -2.200e-03 -5.620e-03  2.700e-05  1.068e-02 -1.010e-05  8.090e-05
 2.0280e+00 -4.420e-03  8.440e-04  2.370e-04 -2.201e-03 -5.620e-03  2.700e-05  1.069e-02 -1.010e-05  8.080e-05
 2.0340e+00 -4.420e-03  8.440e-04  2.370e-04 -2.202e-03 -5.620e-03  2.710e-05  1.069e-02 -1.010e-05  8.090e-05
 2.0400e+00 -4.420e-03  8.440e-04  2.380e-04 -2.202e-03 -5.620e-03  2.710e-05  1.069e-02 -1.010e-05  8.090e-05
 2.0470e+00 -4.420e-03  8.440e-04  2.380e-04 -2.203e-03 -5.630e-03  2.710e-05  1.070e-02 -1.010e-05  8.100e-05
 2.0530e+00 -4.430e-03  8.450e-04  2.380e-04 -2.204e-03 -5.630e-03  2.720e-05  1.070e-02 -1.010e-05  8.100e-05
 2.0590e+00 -4.430e-03  8.450e-04  2.380e-04 -2.205e-03 -5.630e-03  2.720e-05  1.070e-02 -1.010e-05  8.110e-05
 2.0660e+00 -4.430e-03  8.450e-04  2.380e-04 -2.205e-03 -5.630e-03  2.720e-05  1.071e-02 -1.000e-05  8.120e-05
 2.0720e+00 -4.430e-03  8.460e-04  2.380e-04 -2.206e-03 -5.630e-03  2.720e-05  1.071e-02 -1.000e-05  8.110e-05
 2.0780e+00 -4.430e-03  8.460e-04  2.380e-04 -2.207e-03 -5.640e-03  2.730e-05  1.071e-02 -1.010e-05  8.110e-05
 2.0850e+00 -4.430e-03  8.460e-04  2.380e-04 -2.208e-03 -5.640e-03  2.730e-05  1.072e-02 -1.010e-05  8.110e-05
 2.0920e+00 -4.440e-03  8.470e-04  2.390e-04 -2.209e-03 -5.640e-03  2.730e-05  1.072e-02 -1.010e-05  8.110e-05
 2.0980e+00 -4.440e-03  8.470e-04  2.390e-04 -2.209e-03 -5.640e-03  2.730e-05  1.072e-02 -1.010e-05  8.110e-05
 2.1040e+00 -4.440e-03  8.470e-04  2.390e-04 -2.210e-03 -5.640e-03  2.730e-05  1.073e-02 -1.010e-05  8.110e-05
 2.1110e+00 -4.440e-03  8.470e-04  2.390e-04 -2.211e-03 -5.650e-03  2.730e-05  1.073e-02 -1.010e-05  8.110e-05
 2.1180e+00 -4.440e-03  8.480e-04  2.390e-04 -2.212e-03 -5.650e-03  2.730e-05  1.074e-02 -1.010e-05  8.120e-05
 2.1240e+00 -4.440e-03  8.480e-04  2.390e-04 -2.213e-03 -5.650e-03  2.730e-05  1.074e-02 -1.010e-05  8.120e-05
 2.1300e+00 -4.440e-03  8.480e-04  2.390e-04 -2.213e-03 -5.650e-03  2.740e-05  1.074e-02 -1.010e-05  8.120e-05
 2.1370e+00 -4.450e-03  8.490e-04  2.390e-04 -2.214e-03 -5.650e-03  2.740e-05  1.075e-02 -1.000e-05  8.130e-05
 2.1440e+00 -4.450e-03  8.490e-04  2.400e-04 -2.215e-03 -5.660e-03  2.740e-05  1.075e-02 -1.010e-05  8.130e-05
 2.1500e+00 -4.450e-03  8.490e-04  2.400e-04 -2.216e-03 -5.660e-03  2.740e-05  1.075e-02 -1.000e-05  8.130e-05
 2.1570e+00 -4.450e-03  8.490e-04  2.400e-04 -2.217e-03 -5.660e-03  2.740e-05  1.076e-02 -1.000e-05  8.120e-05
 2.1640e+00 -4.450e-03  8.500e-04  2.400e-04 -2.218e-03 -5.660e-03  2.760e-05  1.076e-02 -1.000e-05  8.120e-05
 2.1710e+00 -4.450e-03  8.500e-04  2.400e-04 -2.218e-03 -5.660e-03  2.760e-05  1.076e-02 -1.000e-05  8.130e-05
 2.1780e+00 -4.450e-03  8.500e-04  2.400e-04 -2.219e-03 -5.670e-03  2.760e-05  1.077e-02 -1.000e-05  8.130e-05
 2.1850e+00 -4.460e-03  8.510e-04  2.400e-04 -2.220e-03 -5.670e-03  2.760e-05  1.077e-02 -1.000e-05  8.130e-05
 2.1920e+00 -4.460e-03  8.510e-04  2.400e-04 -2.221e-03 -5.670e-03  2.760e-05  1.077e-02 -1.000e-05  8.140e-05
 2.1980e+00 -4.460e-03  8.510e-04  2.410e-04 -2.221e-03 -5.670e-03  2.760e-05  1.078e-02 -1.000e-05  8.150e-05
 2.2050e+00 -4.460e-03  8.520e-04  2.410e-04 -2.222e-03 -5.670e-03  2.760e-05  1.078e-02 -1.000e-05  8.150e-05
 2.2120e+00 -4.460e-03  8.520e-04  2.410e-04 -2.223e-03 -5.680e-03  2.770e-05  1.079e-02 -1.010e-05  8.150e-05
 2.2190e+00 -4.460e-03  8.520e-04  2.410e-04 -2.224e-03 -5.680e-03  2.770e-05  1.079e-02 -1.000e-05  8.160e-05
 2.2260e+00 -4.460e-03  8.520e-04  2.410e-04 -2.225e-03 -5.680e-03  2.770e-05  1.079e-02 -1.000e-05  8.150e-05
 2.2330e+00 -4.470e-03  8.530e-04  2.410e-04 -2.225e-03 -5.680e-03  2.770e-05  1.080e-02 -1.000e-05  8.160e-05
 2.2400e+00 -4.470e-03  8.530e-04  2.410e-04 -2.226e-03 -5.680e-03  2.770e-05  1.080e-02 -1.000e-05  8.160e-05
 2.2460e+00 -4.470e-03  8.530e-04  2.410e-04 -2.227e-03 -5.690e-03  2.770e-05  1.080e-02 -1.000e-05  8.170e-05
 2.2530e+00 -4.470e-03  8.540e-04  2.410e-04 -2.228e-03 -5.690e-03  2.780e-05  1.081e-02 -1.000e-05  8.170e-05
 2.2590e+00 -4.470e-03  8.540e-04  2.420e-04 -2.228e-03 -5.690e-03  2.780e-05  1.081e-02 -1.000e-05  8.170e-05
 2.2660e+00 -4.470e-03  8.540e-04  2.420e-04 -2.229e-03 -5.690e-03  2.780e-05  1.081e-02 -1.000e-05  8.170e-05
 2.2720e+00 -4.470e-03  8.540e-04  2.420e-04 -2.230e-03 -5.690e-03  2.780e-05  1.082e-02 -1.000e-05  8.170e-05
 2.2790e+00 -4.480e-03  8.550e-04  2.420e-04 -2.230e-03 -5.690e-03  2.780e-05  1.082e-02 -1.000e-05  8.180e-05
 2.2860e+00 -4.480e-03  8.550e-04  2.420e-04 -2.231e-03 -5.700e-03  2.790e-05  1.082e-02 -1.000e-05  8.190e-05
 2.2930e+00 -4.480e-03  8.550e-04  2.420e-04 -2.232e-03 -5.700e-03  2.790e-05  1.083e-02 -1.000e-05  8.190e-05
 2.3000e+00 -4.480e-03  8.550e-04  2.420e-04 -2.232e-03 -5.700e-03  2.790e-05  1.083e-02 -1.000e-05  8.190e-05
 2.3070e+00 -4.480e-03  8.560e-04  2.420e-04 -2.233e-03 -5.700e-03  2.790e-05  1.083e-02 -1.000e-05  8.200e-05
 2.3140e+00 -4.480e-03  8.560e-04  2.430e-04 -2.234e-03 -5.700e-03  2.800e-05  1.084e-02 -1.000e-05  8.200e-05
 2.3210e+00 -4.480e-03  8.560e-04  2.430e-04 -2.234e-03 -5.710e-03  2.800e-05  1.084e-02 -1.000e-05  8.200e-05
 2.3280e+00 -4.490e-03  8.570e-04  2.430e-04 -2.235e-03 -5.710e-03  2.800e-05  1.084e-02 -1.010e-05  8.200e-05
 2.3350e+00 -4.490e-03  8.570e-04  2.430e-04 -2.236e-03 -5.710e-03  2.800e-05  1.085e-02 -1.000e-05  8.200e-05
 2.3420e+00 -4.490e-03  8.570e-04  2.430e-04 -2.237e-03 -5.710e-03  2.810e-05  1.085e-02 -1.000e-05  8.210e-05
 2.3490e+00 -4.490e-03  8.570e-04  2.430e-04 -2.237e-03 -5.710e-03  2.810e-05  1.085e-02 -1.000e-05  8.210e-05
 2.3560e+00 -4.490e-03  8.580e-04  2.430e-04 -2.238e-03 -5.710e-03  2.810e-05  1.086e-02 -1.000e-05  8.220e-05
 2.3630e+00 -4.490e-03  8.580e-04  2.430e-04 -2.239e-03 -5.720e-03  2.810e-05  1.086e-02 -1.010e-05  8.210e-05
 2.3700e+00 -4.490e-03  8.580e-04  2.430e-04 -2.240e-03 -5.720e-03  2.820e-05  1.086e-02 -1.000e-05  8.210e-05
 2.3770e+00 -4.490e-03  8.590e-04  2.440e-04 -2.240e-03 -5.720e-03  2.820e-05  1.087e-02 -1.000e-05  8.210e-05
 2.3830e+00 -4.500e-03  8.590e-04  2.440e-04 -2.241e-03 -5.720e-03  2.820e-05  1.087e-02 -1.000e-05  8.210e-05
 2.3900e+00 -4.500e-03  8.590e-04  2.440e-04 -2.242e-03 -5.720e-03  2.820e-05  1.087e-02 -1.000e-05  8.210e-05
 2.3970e+00 -4.500e-03  8.590e-04  2.440e-04 -2.243e-03 -5.730e-03  2.820e-05  1.088e-02 -1.000e-05  8.210e-05
 2.4040e+00 -4.500e-03  8.600e-04  2.440e-04 -2.244e-03 -5.730e-03  2.830e-05  1.088e-02 -1.000e-05  8.210e-05
 2.4110e+00 -4.500e-03  8.600e-04  2.440e-04 -2.244e-03 -5.730e-03  2.830e-05  1.088e-02 -1.000e-05  8.210e-05
 2.4180e+00 -4.500e-03  8.600e-04  2.440e-04 -2.245e-03 -5.730e-03  2.830e-05  1.089e-02 -1.000e-05  8.200e-05
 2.4250e+00 -4.500e-03  8.600e-04  2.440e-04 -2.246e-03 -5.730e-03  2.820e-05  1.089e-02 -1.000e-05  8.200e-05
 2.4320e+00 -4.510e-03  8.610e-04  2.450e-04 -2.246e-03 -5.730e-03  2.820e-05  1.089e-02 -1.000e-05  8.210e-05
 2.4390e+00 -4.510e-03  8.610e-04  2.450e-04 -2.247e-03 -5.740e-03  2.820e-05  1.089e-02 -1.010e-05  8.220e-05
 2.4460e+00 -4.510e-03  8.610e-04  2.450e-04 -2.248e-03 -5.740e-03  2.830e-05  1.090e-02 -1.000e-05  8.210e-05
 2.4530e+00 -4.510e-03  8.620e-04  2.450e-04 -2.248e-03 -5.740e-03  2.830e-05  1.090e-02 -1.000e-05  8.220e-05
 2.4600e+00 -4.510e-03  8.620e-04  2.450e-04 -2.249e-03 -5.740e-03  2.830e-05  1.090e-02 -1.000e-05  8.220e-05
 2.4670e+00 -4.510e-03  8.620e-04  2.450e-04 -2.250e-03 -5.740e-03  2.830e-05  1.091e-02 -1.000e-05  8.210e-05
 2.4740e+00 -4.510e-03  8.620e-04  2.450e-04 -2.250e-03 -5.750e-03  2.840e-05  1.091e-02 -1.000e-05  8.220e-05
 2.4810e+00 -4.510e-03  8.630e-04  2.450e-04 -2.251e-03 -5.750e-03  2.840e-05  1.091e-02 -1.000e-05  8.220e-05
 2.4880e+00 -4.520e-03  8.630e-04  2.450e-04 -2.252e-03 -5.750e-03  2.840e-05  1.092e-02 -1.000e-05  8.220e-05
 2.4950e+00 -4.520e-03  8.630e-04  2.460e-04 -2.253e-03 -5.750e-03  2.850e-05  1.092e-02 -1.000e-05  8.210e-05
 2.5020e+00 -4.520e-03  8.630e-04  2.460e-04 -2.254e-03 -5.750e-03  2.850e-05  1.092e-02 -1.000e-05  8.210e-05
 2.5090e+00 -4.520e-03  8.640e-04  2.460e-04 -2.254e-03 -5.750e-03  2.860e-05  1.093e-02 -1.000e-05  8.220e-05
 2.5160e+00 -4.520e-03  8.640e-04  2.460e-04 -2.255e-03 -5.760e-03  2.860e-05  1.093e-02 -1.000e-05  8.210e-05
 2.5230e+00 -4.520e-03  8.640e-04  2.460e-04 -2.256e-03 -5.760e-03  2.860e-05  1.093e-02 -1.000e-05  8.220e-05
 2.5300e+00 -4.520e-03  8.640e-04  2.460e-04 -2.256e-03 -5.760e-03  2.870e-05  1.093e-02 -1.000e-05  8.220e-05
 2.5370e+00 -4.520e-03  8.650e-04  2.460e-04 -2.257e-03 -5.760e-03  2.870e-05  1.094e-02 -1.000e-05  8.220e-05
 2.5440e+00 -4.530e-03  8.650e-04  2.460e-04 -2.258e-03 -5.760e-03  2.870e-05  1.094e-02 -1.000e-05  8.220e-05
 2.5510e+00 -4.530e-03  8.650e-04  2.460e-04 -2.258e-03 -5.760e-03  2.880e-05  1.094e-02 -1.000e-05  8.220e-05
 2.5580e+00 -4.530e-03  8.650e-04  2.460e-04 -2.259e-03 -5.770e-03  2.880e-05  1.095e-02 -1.010e-05  8.220e-05
 2.5650e+00 -4.530e-03  8.660e-04  2.470e-04 -2.260e-03 -5.770e-03  2.880e-05  1.095e-02 -1.000e-05  8.220e-05
 2.5720e+00 -4.530e-03  8.660e-04  2.470e-04 -2.260e-03 -5.770e-03  2.890e-05  1.095e-02 -1.000e-05  8.240e-05
 2.5790e+00 -4.530e-03  8.660e-04  2.470e-04 -2.261e-03 -5.770e-03  2.890e-05  1.096e-02 -1.000e-05  8.240e-05
 2.5860e+00 -4.530e-03  8.660e-04  2.470e-04 -2.261e-03 -5.770e-03  2.900e-05  1.096e-02 -1.000e-05  8.240e-05
 2.5930e+00 -4.530e-03  8.670e-04  2.470e-04 -2.262e-03 -5.770e-03  2.900e-05  1.096e-02 -1.000e-05  8.240e-05
 2.6000e+00 -4.540e-03  8.670e-04  2.470e-04 -2.263e-03 -5.780e-03  2.910e-05  1.096e-02 -1.000e-05  8.240e-05
 2.6070e+00 -4.540e-03  8.670e-04  2.470e-04 -2.263e-03 -5.780e-03  2.890e-05  1.097e-02 -1.000e-05  8.240e-05
 2.6140e+00 -4.540e-03  8.670e-04  2.470e-04 -2.264e-03 -5.780e-03  2.900e-05  1.097e-02 -1.000e-05  8.240e-05
 2.6210e+00 -4.540e-03  8.680e-04  2.470e-04 -2.265e-03 -5.780e-03  2.900e-05  1.097e-02 -1.000e-05  8.240e-05
 2.6280e+00 -4.540e-03  8.680e-04  2.480e-04 -2.265e-03 -5.780e-03  2.900e-05  1.098e-02 -1.000e-05  8.240e-05
 2.6350e+00 -4.540e-03  8.680e-04  2.480e-04 -2.266e-03 -5.780e-03  2.910e-05  1.098e-02 -1.000e-05  8.230e-05
 2.6420e+00 -4.540e-03  8.680e-04  2.480e-04 -2.267e-03 -5.790e-03  2.910e-05  1.098e-02 -1.000e-05  8.240e-05
 2.6490e+00 -4.540e-03  8.690e-04  2.480e-04 -2.267e-03 -5.790e-03  2.920e-05  1.098e-02 -1.000e-05  8.240e-05
 2.6560e+00 -4.540e-03  8.690e-04  2.480e-04 -2.268e-03 -5.790e-03  2.920e-05  1.099e-02 -1.000e-05  8.240e-05
 2.6630e+00 -4.550e-03  8.690e-04  2.480e-04 -2.269e-03 -5.790e-03  2.910e-05  1.099e-02 -1.000e-05  8.240e-05
 2.6700e+00 -4.550e-03  8.690e-04  2.480e-04 -2.269e-03 -5.790e-03  2.910e-05  1.099e-02 -1.000e-05  8.250e-05
 2.6770e+00 -4.550e-03  8.690e-04  2.480e-04 -2.270e-03 -5.790e-03  2.920e-05  1.100e-02 -1.000e-05  8.240e-05
 2.6840e+00 -4.550e-03  8.700e-04  2.480e-04 -2.271e-03 -5.790e-03  2.920e-05  1.100e-02 -1.000e-05  8.230e-05
 2.6910e+00 -4.550e-03  8.700e-04  2.480e-04 -2.271e-03 -5.800e-03  2.930e-05  1.100e-02 -9.900e-06  8.230e-05
 2.6980e+00 -4.550e-03  8.700e-04  2.480e-04 -2.272e-03 -5.800e-03  2.910e-05  1.100e-02 -1.000e-05  8.230e-05
 2.7050e+00 -4.550e-03  8.700e-04  2.490e-04 -2.273e-03 -5.800e-03  2.900e-05  1.101e-02 -1.000e-05  8.240e-05
 2.7120e+00 -4.550e-03  8.710e-04  2.490e-04 -2.273e-03 -5.800e-03  2.910e-05  1.101e-02 -1.000e-05  8.240e-05
 2.7190e+00 -4.560e-03  8.710e-04  2.490e-04 -2.274e-03 -5.800e-03  2.910e-05  1.101e-02 -1.000e-05  8.240e-05
 2.7260e+00 -4.560e-03  8.710e-04  2.490e-04 -2.274e-03 -5.800e-03  2.900e-05  1.101e-02 -1.000e-05  8.240e-05
 2.7330e+00 -4.560e-03  8.710e-04  2.490e-04 -2.275e-03 -5.810e-03  2.900e-05  1.102e-02 -1.000e-05  8.230e-05
 2.7390e+00 -4.560e-03  8.720e-04  2.490e-04 -2.276e-03 -5.810e-03  2.910e-05  1.102e-02 -1.000e-05  8.240e-05
 2.7460e+00 -4.560e-03  8.720e-04  2.490e-04 -2.276e-03 -5.810e-03  2.890e-05  1.102e-02 -1.000e-05  8.240e-05
 2.7530e+00 -4.560e-03  8.720e-04  2.490e-04 -2.277e-03 -5.810e-03  2.900e-05  1.103e-02 -1.000e-05  8.240e-05
 2.7600e+00 -4.560e-03  8.720e-04  2.490e-04 -2.278e-03 -5.810e-03  2.900e-05  1.103e-02 -1.000e-05  8.240e-05
 2.7670e+00 -4.560e-03  8.720e-04  2.490e-04 -2.279e-03 -5.810e-03  2.910e-05  1.103e-02 -1.000e-05  8.230e-05
 2.7740e+00 -4.560e-03  8.730e-04  2.500e-04 -2.279e-03 -5.810e-03  2.910e-05  1.103e-02 -1.000e-05  8.240e-05
 2.7810e+00 -4.570e-03  8.730e-04  2.500e-04 -2.280e-03 -5.820e-03  2.920e-05  1.104e-02 -1.000e-05  8.240e-05
 2.7880e+00 -4.570e-03  8.730e-04  2.500e-04 -2.281e-03 -5.820e-03  2.920e-05  1.104e-02 -1.000e-05  8.240e-05
 2.7950e+00 -4.570e-03  8.730e-04  2.500e-04 -2.281e-03 -5.820e-03  2.910e-05  1.104e-02 -9.900e-06  8.240e-05
 2.8020e+00 -4.570e-03  8.740e-04  2.500e-04 -2.281e-03 -5.820e-03  2.890e-05  1.104e-02 -9.900e-06  8.250e-05
 2.8090e+00 -4.570e-03  8.740e-04  2.500e-04 -2.282e-03 -5.820e-03  2.900e-05  1.105e-02 -9.900e-06  8.250e-05
 2.8160e+00 -4.570e-03  8.740e-04  2.500e-04 -2.282e-03 -5.820e-03  2.910e-05  1.105e-02 -9.900e-06  8.260e-05
 2.8230e+00 -4.570e-03  8.740e-04  2.500e-04 -2.283e-03 -5.830e-03  2.910e-05  1.105e-02 -9.900e-06  8.260e-05
 2.8300e+00 -4.570e-03  8.740e-04  2.500e-04 -2.284e-03 -5.830e-03  2.920e-05  1.105e-02 -9.900e-06  8.250e-05
 2.8370e+00 -4.570e-03  8.750e-04  2.500e-04 -2.284e-03 -5.830e-03  2.920e-05  1.106e-02 -9.900e-06  8.260e-05
 2.8440e+00 -4.570e-03  8.750e-04  2.500e-04 -2.285e-03 -5.830e-03  2.930e-05  1.106e-02 -9.900e-06  8.270e-05
 2.8510e+00 -4.580e-03  8.750e-04  2.510e-04 -2.285e-03 -5.830e-03  2.910e-05  1.106e-02 -9.900e-06  8.270e-05
 2.8580e+00 -4.580e-03  8.750e-04  2.510e-04 -2.286e-03 -5.830e-03  2.920e-05  1.107e-02 -9.900e-06  8.260e-05
 2.8650e+00 -4.580e-03  8.750e-04  2.510e-04 -2.286e-03 -5.830e-03  2.930e-05  1.107e-02 -9.900e-06  8.270e-05
 2.8720e+00 -4.580e-03  8.760e-04  2.510e-04 -2.287e-03 -5.840e-03  2.930e-05  1.107e-02 -9.900e-06  8.270e-05
 2.8790e+00 -4.580e-03  8.760e-04  2.510e-04 -2.288e-03 -5.840e-03  2.940e-05  1.107e-02 -9.900e-06  8.270e-05
 2.8860e+00 -4.580e-03  8.760e-04  2.510e-04 -2.288e-03 -5.840e-03  2.940e-05  1.108e-02 -9.900e-06  8.260e-05
 2.8930e+00 -4.580e-03  8.760e-04  2.510e-04 -2.289e-03 -5.840e-03  2.950e-05  1.108e-02 -9.900e-06  8.270e-05
 2.9000e+00 -4.580e-03  8.770e-04  2.510e-04 -2.289e-03 -5.840e-03  2.940e-05  1.108e-02 -9.900e-06  8.270e-05
 2.9070e+00 -4.580e-03  8.770e-04  2.510e-04 -2.290e-03 -5.840e-03  2.940e-05  1.108e-02 -9.900e-06  8.270e-05
 2.9140e+00 -4.590e-03  8.770e-04  2.510e-04 -2.290e-03 -5.840e-03  2.950e-05  1.109e-02 -9.900e-06  8.270e-05
 2.9210e+00 -4.590e-03  8.770e-04  2.510e-04 -2.291e-03 -5.850e-03  2.960e-05  1.109e-02 -9.900e-06  8.270e-05
 2.9280e+00 -4.590e-03  8.770e-04  2.520e-04 -2.291e-03 -5.850e-03  2.960e-05  1.109e-02 -9.900e-06  8.280e-05
 2.9350e+00 -4.590e-03  8.780e-04  2.520e-04 -2.292e-03 -5.850e-03  2.970e-05  1.109e-02 -9.900e-06  8.280e-05
 2.9420e+00 -4.590e-03  8.780e-04  2.520e-04 -2.293e-03 -5.850e-03  2.980e-05  1.110e-02 -9.900e-06  8.280e-05
 2.9490e+00 -4.590e-03  8.780e-04  2.520e-04 -2.293e-03 -5.850e-03  2.980e-05  1.110e-02 -9.900e-06  8.270e-05
 2.9550e+00 -4.590e-03  8.780e-04  2.520e-04 -2.294e-03 -5.850e-03  2.990e-05  1.110e-02 -9.900e-06  8.280e-05
 2.9620e+00 -4.590e-03  8.780e-04  2.520e-04 -2.294e-03 -5.850e-03  3.000e-05  1.110e-02 -9.900e-06  8.280e-05
 2.9690e+00 -4.590e-03  8.790e-04  2.520e-04 -2.295e-03 -5.860e-03  3.000e-05  1.111e-02 -9.900e-06  8.280e-05
 2.9760e+00 -4.590e-03  8.790e-04  2.520e-04 -2.296e-03 -5.860e-03  3.010e-05  1.111e-02 -9.900e-06  8.290e-05
 2.9830e+00 -4.600e-03  8.790e-04  2.520e-04 -2.296e-03 -5.860e-03  3.010e-05  1.111e-02 -9.900e-06  8.290e-05
 2.9900e+00 -4.600e-03  8.790e-04  2.520e-04 -2.297e-03 -5.860e-03  3.020e-05  1.111e-02 -9.900e-06  8.290e-05
 2.9970e+00 -4.600e-03  8.790e-04  2.520e-04 -2.297e-03 -5.860e-03  3.010e-05  1.112e-02 -9.900e-06  8.290e-05
 3.0040e+00 -4.600e-03  8.800e-04  2.530e-04 -2.298e-03 -5.860e-03  3.010e-05  1.112e-02 -9.900e-06  8.290e-05
