#         t         u1         u2         u3        s11        s12        s13        s22        s23        s33
 0.0000e+00  0.000e+00  0.000e+00  0.000e+00  0.000e+00  0.000e+00  0.000e+00  0.000e+00  0.000e+00  0.000e+00
 3.6090e-04 -1.000e-04  1.000e-05  2.000e-05  2.000e-04 -2.000e-05 -1.000e-06  0.000e+00 -5.000e-07  2.000e-06
 7.2170e-04 -2.000e-04  2.000e-05  3.000e-05  3.000e-04 -4.000e-05 -2.000e-06  0.000e+00 -9.000e-07  3.000e-06
 1.0820e-03 -2.000e-04  3.000e-05  5.000e-05  5.000e-04 -6.000e-05 -3.000e-06 -1.000e-04 -1.400e-06  5.000e-06
 1.4430e-03 -3.000e-04  4.000e-05  6.000e-05  7.000e-04 -8.000e-05 -4.000e-06 -1.000e-04 -1.900e-06  6.000e-06
 1.8040e-03 -4.000e-04  5.000e-05  8.000e-05  8.000e-04 -1.000e-04 -5.000e-06 -1.000e-04 -2.300e-06  7.000e-06
 2.1640e-03 -5.000e-04  6.000e-05  9.000e-05  1.000e-03 -1.200e-04 -6.000e-06 -1.000e-04 -2.800e-06  9.000e-06
 2.5250e-03 -5.000e-04  7.000e-05  1.000e-04  1.100e-03 -1.400e-04 -7.000e-06 -1.000e-04 -3.200e-06  1.000e-05
 2.8850e-03 -6.000e-04  8.000e-05  1.200e-04  1.300e-03 -1.600e-04 -7.000e-06 -1.000e-04 -3.700e-06  1.100e-05
 3.2460e-03 -7.000e-04  9.000e-05  1.300e-04  1.400e-03 -1.800e-04 -8.000e-06 -1.000e-04 -4.200e-06  1.300e-05
 3.6060e-03 -8.000e-04  1.000e-04  1.400e-04  1.600e-03 -2.000e-04 -9.000e-06 -1.000e-04 -4.600e-06  1.400e-05
 3.9660e-03 -8.000e-04  1.100e-04  1.600e-04  1.700e-03 -2.200e-04 -1.000e-05 -1.000e-04 -5.000e-06  1.500e-05
 4.3270e-03 -9.000e-04  1.200e-04  1.700e-04  1.900e-03 -2.400e-04 -1.100e-05 -1.000e-04 -5.500e-06  1.700e-05
 4.6870e-03 -1.000e-03  1.300e-04  1.800e-04  2.000e-03 -2.600e-04 -1.200e-05 -1.000e-04 -5.900e-06  1.800e-05
 5.0470e-03 -1.000e-03  1.400e-04  2.000e-04  2.200e-03 -2.700e-04 -1.300e-05 -1.000e-04 -6.300e-06  2.000e-05
 5.4070e-03 -1.100e-03  1.500e-04  2.100e-04  2.300e-03 -2.900e-04 -1.400e-05 -2.000e-04 -6.800e-06  2.100e-05
 5.7670e-03 -1.200e-03  1.600e-04  2.200e-04  2.500e-03 -3.100e-04 -1.400e-05 -2.000e-04 -7.200e-06  2.200e-05
 6.1270e-03 -1.200e-03  1.600e-04  2.400e-04  2.600e-03 -3.300e-04 -1.500e-05 -2.000e-04 -7.700e-06  2.300e-05
 6.4880e-03 -1.300e-03  1.700e-04  2.500e-04  2.700e-03 -3.400e-04 -1.600e-05 -2.000e-04 -8.100e-06  2.500e-05
 6.8480e-03 -1.400e-03  1.800e-04  2.600e-04  2.900e-03 -3.600e-04 -1.600e-05 -2.000e-04 -8.500e-06  2.600e-05
 7.2080e-03 -1.400e-03  1.900e-04  2.700e-04  3.000e-03 -3.800e-04 -1.700e-05 -2.000e-04 -9.000e-06  2.700e-05
 7.5680e-03 -1.500e-03  2.000e-04  2.900e-04  3.200e-03 -4.000e-04 -1.800e-05 -2.000e-04 -9.400e-06  2.800e-05
 7.9280e-03 -1.600e-03  2.100e-04  3.000e-04  3.300e-03 -4.100e-04 -1.900e-05 -2.000e-04 -9.800e-06  2.900e-05
 8.2880e-03 -1.600e-03  2.200e-04  3.100e-04  3.400e-03 -4.300e-04 -2.000e-05 -2.000e-04 -1.030e-05  3.000e-05
 8.6470e-03 -1.700e-03  2.200e-04  3.200e-04  3.500e-03 -4.500e-04 -2.000e-05 -2.000e-04 -1.060e-05  3.100e-05
 9.0070e-03 -1.800e-03  2.300e-04  3.300e-04  3.700e-03 -4.600e-04 -2.100e-05 -2.000e-04 -1.100e-05  3.300e-05
 9.3670e-03 -1.800e-03  2.400e-04  3.500e-04  3.800e-03 -4.800e-04 -2.200e-05 -2.000e-04 -1.140e-05  3.400e-05
 9.7270e-03 -1.900e-03  2.500e-04  3.600e-04  3.900e-03 -4.900e-04 -2.300e-05 -2.000e-04 -1.180e-05  3.500e-05
 1.0090e-02 -1.900e-03  2.600e-04  3.700e-04  4.100e-03 -5.100e-04 -2.400e-05 -2.000e-04 -1.230e-05  3.600e-05
 1.0450e-02 -2.000e-03  2.600e-04  3.800e-04  4.200e-03 -5.200e-04 -2.500e-05 -3.000e-04 -1.260e-05  3.700e-05
 1.0810e-02 -2.100e-03  2.700e-04  3.900e-04  4.300e-03 -5.400e-04 -2.500e-05 -3.000e-04 -1.300e-05  3.800e-05
 1.1170e-02 -2.100e-03  2.800e-04  4.000e-04  4.400e-03 -5.500e-04 -2.600e-05 -3.000e-04 -1.340e-05  3.900e-05
 1.1530e-02 -2.200e-03  2.900e-04  4.200e-04  4.600e-03 -5.700e-04 -2.700e-05 -3.000e-04 -1.380e-05  4.000e-05
 1.1890e-02 -2.200e-03  3.000e-04  4.300e-04  4.700e-03 -5.800e-04 -2.700e-05 -3.000e-04 -1.420e-05  4.100e-05
 1.2250e-02 -2.300e-03  3.000e-04  4.400e-04  4.800e-03 -6.000e-04 -2.800e-05 -3.000e-04 -1.460e-05  4.200e-05
 1.2610e-02 -2.400e-03  3.100e-04  4.500e-04  4.900e-03 -6.100e-04 -2.900e-05 -3.000e-04 -1.500e-05  4.300e-05
 1.2970e-02 -2.400e-03  3.200e-04  4.600e-04  5.000e-03 -6.300e-04 -3.000e-05 -3.000e-04 -1.530e-05  4.400e-05
 1.3320e-02 -2.500e-03  3.300e-04  4.700e-04  5.200e-03 -6.400e-04 -3.100e-05 -3.000e-04 -1.570e-05  4.500e-05
 1.3680e-02 -2.500e-03  3.300e-04  4.800e-04  5.300e-03 -6.600e-04 -3.100e-05 -3.000e-04 -1.600e-05  4.500e-05
 1.4040e-02 -2.600e-03  3.400e-04  4.900e-04  5.400e-03 -6.700e-04 -3.200e-05 -3.000e-04 -1.640e-05  4.600e-05
 1.4400e-02 -2.600e-03  3.500e-04  5.000e-04  5.500e-03 -6.800e-04 -3.300e-05 -3.000e-04 -1.680e-05  4.700e-05
 1.4760e-02 -2.700e-03  3.600e-04  5.100e-04  5.600e-03 -7.000e-04 -3.400e-05 -3.000e-04 -1.710e-05  4.800e-05
 1.5120e-02 -2.700e-03  3.600e-04  5.200e-04  5.700e-03 -7.100e-04 -3.400e-05 -3.000e-04 -1.750e-05  4.900e-05
 1.5480e-02 -2.800e-03  3.700e-04  5.300e-04  5.800e-03 -7.300e-04 -3.500e-05 -3.000e-04 -1.780e-05  5.000e-05
 1.5840e-02 -2.900e-03  3.800e-04  5.400e-04  5.900e-03 -7.400e-04 -3.500e-05 -4.000e-04 -1.820e-05  5.100e-05
 1.6200e-02 -2.900e-03  3.800e-04  5.600e-04  6.100e-03 -7.500e-04 -3.600e-05 -4.000e-04 -1.850e-05  5.200e-05
 1.6560e-02 -3.000e-03  3.900e-04  5.700e-04  6.200e-03 -7.600e-04 -3.700e-05 -4.000e-04 -1.880e-05  5.300e-05
 1.6920e-02 -3.000e-03  4.000e-04  5.800e-04  6.300e-03 -7.800e-04 -3.800e-05 -4.000e-04 -1.910e-05  5.400e-05
 1.7280e-02 -3.100e-03  4.100e-04  5.900e-04  6.400e-03 -7.900e-04 -3.800e-05 -4.000e-04 -1.950e-05  5.500e-05
 1.7640e-02 -3.100e-03  4.100e-04  6.000e-04  6.500e-03 -8.000e-04 -3.900e-05 -4.000e-04 -1.980e-05  5.600e-05
 1.8000e-02 -3.200e-03  4.200e-04  6.100e-04  6.600e-03 -8.200e-04 -4.000e-05 -4.000e-04 -2.020e-05  5.700e-05
 1.8360e-02 -3.200e-03  4.300e-04  6.200e-04  6.700e-03 -8.300e-04 -4.000e-05 -4.000e-04 -2.050e-05  5.700e-05
 1.8720e-02 -3.300e-03  4.300e-04  6.300e-04  6.800e-03 -8.400e-04 -4.100e-05 -4.000e-04 -2.080e-05  5.900e-05
 1.9080e-02 -3.300e-03  4.400e-04  6.400e-04  6.900e-03 -8.500e-04 -4.100e-05 -4.000e-04 -2.110e-05  6.000e-05
 2.0170e-02 -3.500e-03  4.600e-04  6.600e-04  7.200e-03 -8.900e-04 -4.300e-05 -4.000e-04 -2.210e-05  6.200e-05
 2.1260e-02 -3.600e-03  4.800e-04  6.900e-04  7.500e-03 -9.300e-04 -4.500e-05 -4.000e-04 -2.310e-05  6.500e-05
 2.2360e-02 -3.800e-03  5.000e-04  7.200e-04  7.800e-03 -9.600e-04 -4.700e-05 -5.000e-04 -2.400e-05  6.800e-05
 2.3460e-02 -3.900e-03  5.200e-04  7.500e-04  8.100e-03 -1.000e-03 -4.900e-05 -5.000e-04 -2.500e-05  7.000e-05
 2.4560e-02 -4.100e-03  5.300e-04  7.800e-04  8.400e-03 -1.030e-03 -5.100e-05 -5.000e-04 -2.600e-05  7.300e-05
 2.5660e-02 -4.200e-03  5.500e-04  8.000e-04  8.700e-03 -1.060e-03 -5.300e-05 -5.000e-04 -2.700e-05  7.500e-05
 2.6760e-02 -4.300e-03  5.700e-04  8.300e-04  8.900e-03 -1.090e-03 -5.400e-05 -5.000e-04 -2.790e-05  7.800e-05
 2.7860e-02 -4.500e-03  5.900e-04  8.600e-04  9.200e-03 -1.130e-03 -5.600e-05 -5.000e-04 -2.880e-05  8.000e-05
 2.8970e-02 -4.600e-03  6.100e-04  8.800e-04  9.500e-03 -1.160e-03 -5.800e-05 -6.000e-04 -2.970e-05  8.200e-05
 3.0080e-02 -4.700e-03  6.200e-04  9.100e-04  9.700e-03 -1.190e-03 -6.000e-05 -6.000e-04 -3.070e-05  8.400e-05
 3.1190e-02 -4.800e-03  6.400e-04  9.300e-04  1.000e-02 -1.220e-03 -6.100e-05 -6.000e-04 -3.150e-05  8.700e-05
 3.2300e-02 -5.000e-03  6.500e-04  9.500e-04  1.020e-02 -1.240e-03 -6.300e-05 -6.000e-04 -3.240e-05  8.900e-05
 3.3410e-02 -5.100e-03  6.700e-04  9.800e-04  1.050e-02 -1.270e-03 -6.500e-05 -6.000e-04 -3.330e-05  9.100e-05
 3.4530e-02 -5.200e-03  6.900e-04  1.000e-03  1.070e-02 -1.300e-03 -6.600e-05 -6.000e-04 -3.410e-05  9.300e-05
 3.5650e-02 -5.300e-03  7.000e-04  1.020e-03  1.090e-02 -1.330e-03 -6.800e-05 -6.000e-04 -3.490e-05  9.600e-05
 3.6760e-02 -5.400e-03  7.200e-04  1.050e-03  1.120e-02 -1.350e-03 -6.900e-05 -6.000e-04 -3.580e-05  9.800e-05
 3.7880e-02 -5.600e-03  7.300e-04  1.070e-03  1.140e-02 -1.380e-03 -7.100e-05 -7.000e-04 -3.660e-05  1.000e-04
 3.9000e-02 -5.700e-03  7.500e-04  1.090e-03  1.160e-02 -1.400e-03 -7.200e-05 -7.000e-04 -3.740e-05  1.020e-04
 4.0130e-02 -5.800e-03  7.600e-04  1.110e-03  1.180e-02 -1.430e-03 -7.300e-05 -7.000e-04 -3.820e-05  1.040e-04
 4.1250e-02 -5.900e-03  7.700e-04  1.130e-03  1.200e-02 -1.450e-03 -7.500e-05 -7.000e-04 -3.900e-05  1.060e-04
 4.2380e-02 -6.000e-03  7.900e-04  1.160e-03  1.230e-02 -1.480e-03 -7.600e-05 -7.000e-04 -3.980e-05  1.080e-04
 4.3510e-02 -6.100e-03  8.000e-04  1.180e-03  1.250e-02 -1.500e-03 -7.700e-05 -7.000e-04 -4.060e-05  1.100e-04
 4.4640e-02 -6.200e-03  8.200e-04  1.200e-03  1.270e-02 -1.520e-03 -7.800e-05 -7.000e-04 -4.140e-05  1.110e-04
 4.5770e-02 -6.300e-03  8.300e-04  1.220e-03  1.290e-02 -1.540e-03 -8.000e-05 -7.000e-04 -4.210e-05  1.130e-04
 4.6900e-02 -6.400e-03  8.400e-04  1.240e-03  1.310e-02 -1.570e-03 -8.100e-05 -7.000e-04 -4.290e-05  1.150e-04
 4.8030e-02 -6.500e-03  8.600e-04  1.250e-03  1.330e-02 -1.590e-03 -8.200e-05 -7.000e-04 -4.360e-05  1.160e-04
 4.9170e-02 -6.600e-03  8.700e-04  1.270e-03  1.340e-02 -1.610e-03 -8.400e-05 -8.000e-04 -4.430e-05  1.180e-04
 5.0300e-02 -6.700e-03  8.800e-04  1.290e-03  1.360e-02 -1.630e-03 -8.500e-05 -8.000e-04 -4.500e-05  1.200e-04
 5.1440e-02 -6.800e-03  8.900e-04  1.310e-03  1.380e-02 -1.650e-03 -8.700e-05 -8.000e-04 -4.570e-05  1.210e-04
 5.2580e-02 -6.900e-03  9.000e-04  1.330e-03  1.400e-02 -1.670e-03 -8.800e-05 -8.000e-04 -4.640e-05  1.230e-04
 5.3720e-02 -7.000e-03  9.200e-04  1.350e-03  1.420e-02 -1.690e-03 -8.900e-05 -8.000e-04 -4.710e-05  1.250e-04
 5.4860e-02 -7.100e-03  9.300e-04  1.360e-03  1.440e-02 -1.710e-03 -9.000e-05 -8.000e-04 -4.780e-05  1.260e-04
 5.6010e-02 -7.100e-03  9.400e-04  1.380e-03  1.450e-02 -1.730e-03 -9.200e-05 -8.000e-04 -4.850e-05  1.270e-04
 5.7150e-02 -7.200e-03  9.500e-04  1.400e-03  1.470e-02 -1.740e-03 -9.300e-05 -8.000e-04 -4.920e-05  1.290e-04
 5.8300e-02 -7.300e-03  9.600e-04  1.420e-03  1.490e-02 -1.760e-03 -9.400e-05 -8.000e-04 -4.980e-05  1.300e-04
 5.9440e-02 -7.400e-03  9.700e-04  1.430e-03  1.500e-02 -1.780e-03 -9.500e-05 -8.000e-04 -5.050e-05  1.320e-04
 6.0590e-02 -7.500e-03  9.800e-04  1.450e-03  1.520e-02 -1.800e-03 -9.700e-05 -8.000e-04 -5.110e-05  1.330e-04
 6.1740e-02 -7.600e-03  9.900e-04  1.460e-03  1.530e-02 -1.810e-03 -9.800e-05 -8.000e-04 -5.170e-05  1.350e-04
 6.2900e-02 -7.700e-03  1.000e-03  1.480e-03  1.550e-02 -1.830e-03 -9.900e-05 -9.000e-04 -5.230e-05  1.360e-04
 6.4050e-02 -7.700e-03  1.010e-03  1.500e-03  1.570e-02 -1.850e-03 -1.010e-04 -9.000e-04 -5.300e-05  1.370e-04
 6.5200e-02 -7.800e-03  1.030e-03  1.510e-03  1.580e-02 -1.860e-03 -1.020e-04 -9.000e-04 -5.360e-05  1.390e-04
 6.6360e-02 -7.900e-03  1.040e-03  1.530e-03  1.600e-02 -1.880e-03 -1.030e-04 -9.000e-04 -5.420e-05  1.400e-04
 6.7510e-02 -8.000e-03  1.040e-03  1.540e-03  1.610e-02 -1.890e-03 -1.040e-04 -9.000e-04 -5.470e-05  1.410e-04
 6.8670e-02 -8.000e-03  1.050e-03  1.560e-03  1.630e-02 -1.910e-03 -1.050e-04 -9.000e-04 -5.540e-05  1.430e-04
 6.9830e-02 -8.100e-03  1.060e-03  1.570e-03  1.640e-02 -1.920e-03 -1.060e-04 -9.000e-04 -5.600e-05  1.440e-04
 7.0990e-02 -8.200e-03  1.070e-03  1.580e-03  1.650e-02 -1.940e-03 -1.070e-04 -9.000e-04 -5.650e-05  1.450e-04
 7.2150e-02 -8.300e-03  1.080e-03  1.600e-03  1.670e-02 -1.950e-03 -1.080e-04 -9.000e-04 -5.710e-05  1.470e-04
 7.3310e-02 -8.300e-03  1.090e-03  1.610e-03  1.680e-02 -1.960e-03 -1.090e-04 -9.000e-04 -5.780e-05  1.480e-04
 7.4480e-02 -8.400e-03  1.100e-03  1.630e-03  1.690e-02 -1.980e-03 -1.100e-04 -9.000e-04 -5.830e-05  1.490e-04
 7.5640e-02 -8.500e-03  1.110e-03  1.640e-03  1.710e-02 -1.990e-03 -1.110e-04 -9.000e-04 -5.890e-05  1.500e-04
 7.6810e-02 -8.500e-03  1.120e-03  1.650e-03  1.720e-02 -2.000e-03 -1.120e-04 -9.000e-04 -5.950e-05  1.510e-04
 7.7980e-02 -8.600e-03  1.130e-03  1.670e-03  1.730e-02 -2.020e-03 -1.130e-04 -9.000e-04 -6.000e-05  1.520e-04
 7.9140e-02 -8.700e-03  1.140e-03  1.680e-03  1.750e-02 -2.030e-03 -1.140e-04 -9.000e-04 -6.060e-05  1.540e-04
 8.0310e-02 -8.700e-03  1.140e-03  1.690e-03  1.760e-02 -2.040e-03 -1.140e-04 -9.000e-04 -6.120e-05  1.550e-04
 8.1490e-02 -8.800e-03  1.150e-03  1.700e-03  1.770e-02 -2.050e-03 -1.160e-04 -9.000e-04 -6.170e-05  1.560e-04
 8.2660e-02 -8.900e-03  1.160e-03  1.720e-03  1.780e-02 -2.070e-03 -1.170e-04 -9.000e-04 -6.230e-05  1.570e-04
 8.3830e-02 -8.900e-03  1.170e-03  1.730e-03  1.800e-02 -2.080e-03 -1.180e-04 -9.000e-04 -6.280e-05  1.580e-04
 8.5000e-02 -9.000e-03  1.180e-03  1.740e-03  1.810e-02 -2.090e-03 -1.190e-04 -1.000e-03 -6.330e-05  1.590e-04
 8.6180e-02 -9.000e-03  1.190e-03  1.750e-03  1.820e-02 -2.100e-03 -1.200e-04 -1.000e-03 -6.380e-05  1.600e-04
 8.7360e-02 -9.100e-03  1.190e-03  1.770e-03  1.830e-02 -2.110e-03 -1.210e-04 -1.000e-03 -6.430e-05  1.610e-04
 8.8530e-02 -9.200e-03  1.200e-03  1.780e-03  1.840e-02 -2.120e-03 -1.210e-04 -1.000e-03 -6.480e-05  1.620e-04
 8.9710e-02 -9.200e-03  1.210e-03  1.790e-03  1.850e-02 -2.130e-03 -1.220e-04 -1.000e-03 -6.530e-05  1.620e-04
 9.0890e-02 -9.300e-03  1.220e-03  1.800e-03  1.860e-02 -2.140e-03 -1.230e-04 -1.000e-03 -6.580e-05  1.630e-04
 9.2070e-02 -9.300e-03  1.220e-03  1.810e-03  1.870e-02 -2.160e-03 -1.240e-04 -1.000e-03 -6.630e-05  1.640e-04
 9.3250e-02 -9.400e-03  1.230e-03  1.820e-03  1.880e-02 -2.170e-03 -1.240e-04 -1.000e-03 -6.680e-05  1.650e-04
 9.4440e-02 -9.400e-03  1.240e-03  1.830e-03  1.900e-02 -2.180e-03 -1.250e-04 -1.000e-03 -6.730e-05  1.660e-04
 9.5620e-02 -9.500e-03  1.250e-03  1.840e-03  1.910e-02 -2.190e-03 -1.260e-04 -1.000e-03 -6.780e-05  1.670e-04
 9.6810e-02 -9.600e-03  1.250e-03  1.850e-03  1.920e-02 -2.190e-03 -1.270e-04 -1.000e-03 -6.820e-05  1.680e-04
 9.7990e-02 -9.600e-03  1.260e-03  1.870e-03  1.930e-02 -2.200e-03 -1.270e-04 -1.000e-03 -6.870e-05  1.690e-04
 9.9180e-02 -9.700e-03  1.270e-03  1.880e-03  1.940e-02 -2.210e-03 -1.280e-04 -1.000e-03 -6.920e-05  1.690e-04
 1.0040e-01 -9.700e-03  1.270e-03  1.890e-03  1.950e-02 -2.220e-03 -1.290e-04 -1.000e-03 -6.960e-05  1.700e-04
 1.0160e-01 -9.800e-03  1.280e-03  1.900e-03  1.960e-02 -2.230e-03 -1.300e-04 -1.000e-03 -7.010e-05  1.710e-04
 1.0270e-01 -9.800e-03  1.290e-03  1.910e-03  1.970e-02 -2.240e-03 -1.310e-04 -1.000e-03 -7.060e-05  1.720e-04
 1.0390e-01 -9.900e-03  1.290e-03  1.920e-03  1.980e-02 -2.250e-03 -1.320e-04 -1.000e-03 -7.100e-05  1.730e-04
 1.0510e-01 -9.900e-03  1.300e-03  1.930e-03  1.980e-02 -2.260e-03 -1.320e-04 -1.000e-03 -7.150e-05  1.740e-04
 1.0630e-01 -1.000e-02  1.310e-03  1.930e-03  1.990e-02 -2.270e-03 -1.330e-04 -1.000e-03 -7.190e-05  1.750e-04
 1.0750e-01 -1.000e-02  1.310e-03  1.940e-03  2.000e-02 -2.280e-03 -1.340e-04 -1.000e-03 -7.230e-05  1.760e-04
 1.0870e-01 -1.010e-02  1.320e-03  1.950e-03  2.010e-02 -2.280e-03 -1.350e-04 -1.000e-03 -7.270e-05  1.760e-04
 1.0990e-01 -1.010e-02  1.320e-03  1.960e-03  2.020e-02 -2.290e-03 -1.350e-04 -1.000e-03 -7.310e-05  1.770e-04
 1.1110e-01 -1.020e-02  1.330e-03  1.970e-03  2.030e-02 -2.300e-03 -1.360e-04 -1.000e-03 -7.340e-05  1.780e-04
 1.1230e-01 -1.020e-02  1.340e-03  1.980e-03  2.040e-02 -2.310e-03 -1.360e-04 -1.000e-03 -7.390e-05  1.790e-04
 1.1350e-01 -1.030e-02  1.340e-03  1.990e-03  2.050e-02 -2.320e-03 -1.370e-04 -1.000e-03 -7.430e-05  1.790e-04
 1.1470e-01 -1.030e-02  1.350e-03  2.000e-03  2.060e-02 -2.320e-03 -1.390e-04 -1.000e-03 -7.470e-05  1.800e-04
 1.1590e-01 -1.030e-02  1.350e-03  2.010e-03  2.060e-02 -2.330e-03 -1.390e-04 -1.000e-03 -7.520e-05  1.800e-04
 1.1710e-01 -1.040e-02  1.360e-03  2.020e-03  2.070e-02 -2.340e-03 -1.400e-04 -1.000e-03 -7.550e-05  1.820e-04
 1.1830e-01 -1.040e-02  1.360e-03  2.030e-03  2.080e-02 -2.340e-03 -1.400e-04 -1.000e-03 -7.600e-05  1.820e-04
 1.1950e-01 -1.050e-02  1.370e-03  2.030e-03  2.090e-02 -2.350e-03 -1.400e-04 -1.000e-03 -7.630e-05  1.830e-04
 1.2070e-01 -1.050e-02  1.380e-03  2.040e-03  2.100e-02 -2.360e-03 -1.410e-04 -1.000e-03 -7.680e-05  1.840e-04
 1.2190e-01 -1.060e-02  1.380e-03  2.050e-03  2.100e-02 -2.370e-03 -1.420e-04 -1.000e-03 -7.710e-05  1.840e-04
 1.2310e-01 -1.060e-02  1.390e-03  2.060e-03  2.110e-02 -2.370e-03 -1.430e-04 -1.000e-03 -7.750e-05  1.850e-04
 1.2430e-01 -1.060e-02  1.390e-03  2.070e-03  2.120e-02 -2.380e-03 -1.430e-04 -1.000e-03 -7.790e-05  1.860e-04
 1.2550e-01 -1.070e-02  1.400e-03  2.070e-03  2.130e-02 -2.390e-03 -1.430e-04 -1.000e-03 -7.830e-05  1.860e-04
 1.2680e-01 -1.070e-02  1.400e-03  2.080e-03  2.130e-02 -2.390e-03 -1.440e-04 -1.000e-03 -7.870e-05  1.870e-04
 1.2800e-01 -1.080e-02  1.410e-03  2.090e-03  2.140e-02 -2.400e-03 -1.440e-04 -1.100e-03 -7.910e-05  1.880e-04
 1.2920e-01 -1.080e-02  1.410e-03  2.100e-03  2.150e-02 -2.410e-03 -1.450e-04 -1.100e-03 -7.950e-05  1.880e-04
 1.3040e-01 -1.080e-02  1.420e-03  2.110e-03  2.160e-02 -2.410e-03 -1.450e-04 -1.100e-03 -7.980e-05  1.890e-04
 1.3160e-01 -1.090e-02  1.420e-03  2.110e-03  2.160e-02 -2.420e-03 -1.460e-04 -1.100e-03 -8.020e-05  1.900e-04
 1.3280e-01 -1.090e-02  1.430e-03  2.120e-03  2.170e-02 -2.420e-03 -1.460e-04 -1.100e-03 -8.060e-05  1.900e-04
 1.3400e-01 -1.100e-02  1.430e-03  2.130e-03  2.180e-02 -2.430e-03 -1.480e-04 -1.100e-03 -8.090e-05  1.910e-04
 1.3520e-01 -1.100e-02  1.440e-03  2.130e-03  2.180e-02 -2.430e-03 -1.480e-04 -1.100e-03 -8.130e-05  1.910e-04
 1.3640e-01 -1.100e-02  1.440e-03  2.140e-03  2.190e-02 -2.440e-03 -1.480e-04 -1.100e-03 -8.160e-05  1.920e-04
 1.3760e-01 -1.110e-02  1.450e-03  2.150e-03  2.200e-02 -2.450e-03 -1.490e-04 -1.100e-03 -8.200e-05  1.930e-04
 1.3880e-01 -1.110e-02  1.450e-03  2.160e-03  2.200e-02 -2.450e-03 -1.490e-04 -1.100e-03 -8.220e-05  1.930e-04
 1.4000e-01 -1.110e-02  1.460e-03  2.160e-03  2.210e-02 -2.460e-03 -1.490e-04 -1.100e-03 -8.260e-05  1.940e-04
 1.4120e-01 -1.120e-02  1.460e-03  2.170e-03  2.220e-02 -2.460e-03 -1.490e-04 -1.100e-03 -8.290e-05  1.950e-04
 1.4230e-01 -1.120e-02  1.460e-03  2.180e-03  2.220e-02 -2.470e-03 -1.500e-04 -1.100e-03 -8.320e-05  1.950e-04
 1.4350e-01 -1.120e-02  1.470e-03  2.180e-03  2.230e-02 -2.470e-03 -1.510e-04 -1.100e-03 -8.350e-05  1.960e-04
 1.4470e-01 -1.130e-02  1.470e-03  2.190e-03  2.240e-02 -2.480e-03 -1.510e-04 -1.100e-03 -8.390e-05  1.970e-04
 1.4590e-01 -1.130e-02  1.480e-03  2.200e-03  2.240e-02 -2.480e-03 -1.520e-04 -1.100e-03 -8.420e-05  1.970e-04
 1.4700e-01 -1.130e-02  1.480e-03  2.200e-03  2.250e-02 -2.490e-03 -1.530e-04 -1.100e-03 -8.450e-05  1.980e-04
 1.4820e-01 -1.140e-02  1.490e-03  2.210e-03  2.250e-02 -2.490e-03 -1.540e-04 -1.100e-03 -8.480e-05  1.980e-04
 1.4940e-01 -1.140e-02  1.490e-03  2.210e-03  2.260e-02 -2.500e-03 -1.540e-04 -1.100e-03 -8.510e-05  1.990e-04
 1.5060e-01 -1.140e-02  1.490e-03  2.220e-03  2.270e-02 -2.500e-03 -1.550e-04 -1.100e-03 -8.550e-05  1.990e-04
 1.5170e-01 -1.150e-02  1.500e-03  2.230e-03  2.270e-02 -2.510e-03 -1.560e-04 -1.100e-03 -8.580e-05  2.000e-04
 1.5290e-01 -1.150e-02  1.500e-03  2.230e-03  2.280e-02 -2.510e-03 -1.560e-04 -1.100e-03 -8.610e-05  2.000e-04
 1.5410e-01 -1.150e-02  1.510e-03  2.240e-03  2.280e-02 -2.520e-03 -1.570e-04 -1.100e-03 -8.630e-05  2.000e-04
 1.5520e-01 -1.160e-02  1.510e-03  2.240e-03  2.290e-02 -2.520e-03 -1.570e-04 -1.100e-03 -8.660e-05  2.010e-04
 1.5640e-01 -1.160e-02  1.510e-03  2.250e-03  2.290e-02 -2.520e-03 -1.570e-04 -1.100e-03 -8.690e-05  2.020e-04
 1.5750e-01 -1.160e-02  1.520e-03  2.250e-03  2.300e-02 -2.530e-03 -1.580e-04 -1.100e-03 -8.720e-05  2.020e-04
 1.5870e-01 -1.160e-02  1.520e-03  2.260e-03  2.300e-02 -2.530e-03 -1.580e-04 -1.100e-03 -8.750e-05  2.020e-04
 1.5980e-01 -1.170e-02  1.520e-03  2.270e-03  2.310e-02 -2.540e-03 -1.590e-04 -1.100e-03 -8.770e-05  2.030e-04
 1.6100e-01 -1.170e-02  1.530e-03  2.270e-03  2.310e-02 -2.540e-03 -1.590e-04 -1.100e-03 -8.810e-05  2.030e-04
 1.6210e-01 -1.170e-02  1.530e-03  2.280e-03  2.320e-02 -2.540e-03 -1.600e-04 -1.100e-03 -8.840e-05  2.040e-04
 1.6330e-01 -1.170e-02  1.530e-03  2.280e-03  2.320e-02 -2.550e-03 -1.610e-04 -1.100e-03 -8.870e-05  2.050e-04
 1.6440e-01 -1.180e-02  1.540e-03  2.290e-03  2.330e-02 -2.550e-03 -1.610e-04 -1.100e-03 -8.890e-05  2.050e-04
 1.6560e-01 -1.180e-02  1.540e-03  2.290e-03  2.330e-02 -2.560e-03 -1.620e-04 -1.100e-03 -8.920e-05  2.050e-04
 1.6670e-01 -1.180e-02  1.540e-03  2.300e-03  2.340e-02 -2.560e-03 -1.630e-04 -1.100e-03 -8.940e-05  2.060e-04
 1.6790e-01 -1.190e-02  1.550e-03  2.300e-03  2.340e-02 -2.560e-03 -1.630e-04 -1.100e-03 -8.970e-05  2.070e-04
 1.6900e-01 -1.190e-02  1.550e-03  2.310e-03  2.350e-02 -2.570e-03 -1.620e-04 -1.100e-03 -8.990e-05  2.070e-04
 1.7010e-01 -1.190e-02  1.550e-03  2.310e-03  2.350e-02 -2.570e-03 -1.630e-04 -1.100e-03 -9.020e-05  2.070e-04
 1.7130e-01 -1.190e-02  1.560e-03  2.320e-03  2.360e-02 -2.570e-03 -1.630e-04 -1.100e-03 -9.040e-05  2.070e-04
 1.7240e-01 -1.200e-02  1.560e-03  2.320e-03  2.360e-02 -2.580e-03 -1.640e-04 -1.100e-03 -9.070e-05  2.080e-04
 1.7350e-01 -1.200e-02  1.560e-03  2.330e-03  2.370e-02 -2.580e-03 -1.640e-04 -1.100e-03 -9.100e-05  2.080e-04
 1.7470e-01 -1.200e-02  1.570e-03  2.330e-03  2.370e-02 -2.580e-03 -1.640e-04 -1.100e-03 -9.120e-05  2.090e-04
 1.7580e-01 -1.200e-02  1.570e-03  2.340e-03  2.370e-02 -2.590e-03 -1.650e-04 -1.100e-03 -9.150e-05  2.090e-04
 1.7690e-01 -1.200e-02  1.570e-03  2.340e-03  2.380e-02 -2.590e-03 -1.650e-04 -1.100e-03 -9.170e-05  2.090e-04
 1.7800e-01 -1.210e-02  1.580e-03  2.350e-03  2.380e-02 -2.590e-03 -1.660e-04 -1.100e-03 -9.200e-05  2.100e-04
 1.7920e-01 -1.210e-02  1.580e-03  2.350e-03  2.390e-02 -2.600e-03 -1.660e-04 -1.100e-03 -9.230e-05  2.100e-04
 1.8030e-01 -1.210e-02  1.580e-03  2.350e-03  2.390e-02 -2.600e-03 -1.660e-04 -1.100e-03 -9.250e-05  2.100e-04
 1.8140e-01 -1.210e-02  1.590e-03  2.360e-03  2.400e-02 -2.600e-03 -1.660e-04 -1.100e-03 -9.280e-05  2.100e-04
 1.8250e-01 -1.220e-02  1.590e-03  2.360e-03  2.400e-02 -2.610e-03 -1.670e-04 -1.100e-03 -9.300e-05  2.110e-04
 1.8370e-01 -1.220e-02  1.590e-03  2.370e-03  2.400e-02 -2.610e-03 -1.670e-04 -1.100e-03 -9.320e-05  2.110e-04
 1.8480e-01 -1.220e-02  1.590e-03  2.370e-03  2.410e-02 -2.610e-03 -1.670e-04 -1.100e-03 -9.340e-05  2.110e-04
 1.8590e-01 -1.220e-02  1.600e-03  2.380e-03  2.410e-02 -2.620e-03 -1.680e-04 -1.100e-03 -9.370e-05  2.120e-04
 1.8700e-01 -1.220e-02  1.600e-03  2.380e-03  2.410e-02 -2.620e-03 -1.690e-04 -1.100e-03 -9.380e-05  2.120e-04
 1.8810e-01 -1.230e-02  1.600e-03  2.380e-03  2.420e-02 -2.620e-03 -1.690e-04 -1.100e-03 -9.410e-05  2.120e-04
 1.8920e-01 -1.230e-02  1.610e-03  2.390e-03  2.420e-02 -2.620e-03 -1.690e-04 -1.100e-03 -9.430e-05  2.130e-04
 1.9040e-01 -1.230e-02  1.610e-03  2.390e-03  2.430e-02 -2.630e-03 -1.700e-04 -1.100e-03 -9.450e-05  2.130e-04
 1.9150e-01 -1.230e-02  1.610e-03  2.400e-03  2.430e-02 -2.630e-03 -1.700e-04 -1.100e-03 -9.470e-05  2.130e-04
 1.9260e-01 -1.240e-02  1.610e-03  2.400e-03  2.430e-02 -2.630e-03 -1.710e-04 -1.100e-03 -9.500e-05  2.140e-04
 1.9370e-01 -1.240e-02  1.620e-03  2.400e-03  2.440e-02 -2.640e-03 -1.720e-04 -1.100e-03 -9.520e-05  2.140e-04
 1.9480e-01 -1.240e-02  1.620e-03  2.410e-03  2.440e-02 -2.640e-03 -1.720e-04 -1.100e-03 -9.540e-05  2.150e-04
 1.9590e-01 -1.240e-02  1.620e-03  2.410e-03  2.440e-02 -2.640e-03 -1.730e-04 -1.100e-03 -9.570e-05  2.150e-04
 1.9700e-01 -1.240e-02  1.620e-03  2.410e-03  2.450e-02 -2.640e-03 -1.730e-04 -1.100e-03 -9.590e-05  2.150e-04
 1.9810e-01 -1.250e-02  1.630e-03  2.420e-03  2.450e-02 -2.650e-03 -1.730e-04 -1.100e-03 -9.610e-05  2.150e-04
 1.9920e-01 -1.250e-02  1.630e-03  2.420e-03  2.450e-02 -2.650e-03 -1.730e-04 -1.100e-03 -9.630e-05  2.160e-04
 2.0030e-01 -1.250e-02  1.630e-03  2.430e-03  2.460e-02 -2.650e-03 -1.730e-04 -1.100e-03 -9.650e-05  2.160e-04
 2.0140e-01 -1.250e-02  1.630e-03  2.430e-03  2.460e-02 -2.650e-03 -1.730e-04 -1.100e-03 -9.670e-05  2.160e-04
 2.0250e-01 -1.250e-02  1.640e-03  2.430e-03  2.460e-02 -2.660e-03 -1.730e-04 -1.100e-03 -9.690e-05  2.160e-04
 2.0360e-01 -1.250e-02  1.640e-03  2.440e-03  2.470e-02 -2.660e-03 -1.740e-04 -1.100e-03 -9.710e-05  2.160e-04
 2.0470e-01 -1.260e-02  1.640e-03  2.440e-03  2.470e-02 -2.660e-03 -1.740e-04 -1.100e-03 -9.720e-05  2.160e-04
 2.0580e-01 -1.260e-02  1.640e-03  2.440e-03  2.470e-02 -2.660e-03 -1.740e-04 -1.100e-03 -9.750e-05  2.170e-04
 2.0690e-01 -1.260e-02  1.650e-03  2.450e-03  2.480e-02 -2.670e-03 -1.750e-04 -1.100e-03 -9.770e-05  2.170e-04
 2.0800e-01 -1.260e-02  1.650e-03  2.450e-03  2.480e-02 -2.670e-03 -1.750e-04 -1.100e-03 -9.790e-05  2.170e-04
 2.0910e-01 -1.260e-02  1.650e-03  2.450e-03  2.480e-02 -2.670e-03 -1.750e-04 -1.100e-03 -9.800e-05  2.180e-04
 2.1020e-01 -1.270e-02  1.650e-03  2.460e-03  2.490e-02 -2.670e-03 -1.750e-04 -1.100e-03 -9.830e-05  2.180e-04
 2.1130e-01 -1.270e-02  1.650e-03  2.460e-03  2.490e-02 -2.670e-03 -1.750e-04 -1.100e-03 -9.850e-05  2.180e-04
 2.1510e-01 -1.270e-02  1.660e-03  2.470e-03  2.500e-02 -2.680e-03 -1.750e-04 -1.100e-03 -9.910e-05  2.190e-04
 2.1890e-01 -1.280e-02  1.670e-03  2.480e-03  2.510e-02 -2.690e-03 -1.760e-04 -1.100e-03 -9.980e-05  2.200e-04
 2.2270e-01 -1.280e-02  1.680e-03  2.490e-03  2.520e-02 -2.700e-03 -1.770e-04 -1.100e-03 -1.004e-04  2.210e-04
 2.2650e-01 -1.290e-02  1.680e-03  2.500e-03  2.530e-02 -2.700e-03 -1.780e-04 -1.100e-03 -1.010e-04  2.220e-04
 2.3030e-01 -1.300e-02  1.690e-03  2.510e-03  2.540e-02 -2.710e-03 -1.790e-04 -1.100e-03 -1.015e-04  2.230e-04
 2.3420e-01 -1.300e-02  1.700e-03  2.520e-03  2.550e-02 -2.720e-03 -1.800e-04 -1.100e-03 -1.021e-04  2.240e-04
 2.3800e-01 -1.310e-02  1.700e-03  2.530e-03  2.560e-02 -2.720e-03 -1.800e-04 -1.100e-03 -1.027e-04  2.240e-04
 2.4180e-01 -1.310e-02  1.710e-03  2.540e-03  2.570e-02 -2.730e-03 -1.810e-04 -1.100e-03 -1.032e-04  2.250e-04
 2.4560e-01 -1.320e-02  1.720e-03  2.550e-03  2.580e-02 -2.730e-03 -1.810e-04 -1.100e-03 -1.038e-04  2.260e-04
 2.4950e-01 -1.320e-02  1.720e-03  2.560e-03  2.590e-02 -2.740e-03 -1.830e-04 -1.100e-03 -1.044e-04  2.260e-04
 2.5330e-01 -1.320e-02  1.730e-03  2.570e-03  2.590e-02 -2.740e-03 -1.830e-04 -1.100e-03 -1.049e-04  2.270e-04
 2.5710e-01 -1.330e-02  1.740e-03  2.580e-03  2.600e-02 -2.750e-03 -1.840e-04 -1.100e-03 -1.054e-04  2.280e-04
 2.6100e-01 -1.330e-02  1.740e-03  2.590e-03  2.610e-02 -2.750e-03 -1.850e-04 -1.100e-03 -1.060e-04  2.280e-04
 2.6480e-01 -1.340e-02  1.750e-03  2.600e-03  2.620e-02 -2.760e-03 -1.860e-04 -1.100e-03 -1.065e-04  2.290e-04
 2.6860e-01 -1.340e-02  1.750e-03  2.610e-03  2.620e-02 -2.760e-03 -1.860e-04 -1.100e-03 -1.070e-04  2.300e-04
 2.7250e-01 -1.350e-02  1.760e-03  2.610e-03  2.630e-02 -2.770e-03 -1.870e-04 -1.000e-03 -1.075e-04  2.300e-04
 2.7630e-01 -1.350e-02  1.760e-03  2.620e-03  2.640e-02 -2.770e-03 -1.870e-04 -1.000e-03 -1.080e-04  2.310e-04
 2.8020e-01 -1.350e-02  1.770e-03  2.630e-03  2.650e-02 -2.780e-03 -1.880e-04 -1.000e-03 -1.085e-04  2.320e-04
 2.8400e-01 -1.360e-02  1.770e-03  2.640e-03  2.650e-02 -2.780e-03 -1.890e-04 -1.000e-03 -1.089e-04  2.320e-04
 2.8790e-01 -1.360e-02  1.780e-03  2.640e-03  2.660e-02 -2.790e-03 -1.890e-04 -1.000e-03 -1.094e-04  2.330e-04
 2.9180e-01 -1.370e-02  1.780e-03  2.650e-03  2.670e-02 -2.790e-03 -1.900e-04 -1.000e-03 -1.098e-04  2.340e-04
 2.9560e-01 -1.370e-02  1.790e-03  2.660e-03  2.670e-02 -2.790e-03 -1.900e-04 -1.000e-03 -1.102e-04  2.340e-04
 2.9950e-01 -1.370e-02  1.790e-03  2.660e-03  2.680e-02 -2.800e-03 -1.900e-04 -1.000e-03 -1.107e-04  2.350e-04
 3.0330e-01 -1.380e-02  1.800e-03  2.670e-03  2.690e-02 -2.800e-03 -1.910e-04 -1.000e-03 -1.111e-04  2.350e-04
 3.0720e-01 -1.380e-02  1.800e-03  2.680e-03  2.690e-02 -2.800e-03 -1.920e-04 -1.000e-03 -1.115e-04  2.360e-04
 3.1110e-01 -1.380e-02  1.810e-03  2.680e-03  2.700e-02 -2.810e-03 -1.920e-04 -1.000e-03 -1.119e-04  2.370e-04
 3.1490e-01 -1.390e-02  1.810e-03  2.690e-03  2.700e-02 -2.810e-03 -1.930e-04 -1.000e-03 -1.123e-04  2.370e-04
 3.1880e-01 -1.390e-02  1.820e-03  2.700e-03  2.710e-02 -2.820e-03 -1.940e-04 -1.000e-03 -1.127e-04  2.380e-04
 3.2270e-01 -1.390e-02  1.820e-03  2.700e-03  2.720e-02 -2.820e-03 -1.940e-04 -1.000e-03 -1.131e-04  2.390e-04
 3.2660e-01 -1.400e-02  1.820e-03  2.710e-03  2.720e-02 -2.820e-03 -1.950e-04 -1.000e-03 -1.135e-04  2.390e-04
 3.3040e-01 -1.400e-02  1.830e-03  2.720e-03  2.730e-02 -2.830e-03 -1.950e-04 -1.000e-03 -1.139e-04  2.400e-04
 3.3430e-01 -1.400e-02  1.830e-03  2.720e-03  2.730e-02 -2.830e-03 -1.950e-04 -1.000e-03 -1.143e-04  2.410e-04
 3.3920e-01 -1.410e-02  1.840e-03  2.730e-03  2.740e-02 -2.830e-03 -1.960e-04 -1.000e-03 -1.147e-04  2.410e-04
 3.4420e-01 -1.410e-02  1.840e-03  2.740e-03  2.750e-02 -2.840e-03 -1.970e-04 -1.000e-03 -1.152e-04  2.420e-04
 3.4910e-01 -1.420e-02  1.850e-03  2.740e-03  2.750e-02 -2.840e-03 -1.980e-04 -1.000e-03 -1.157e-04  2.420e-04
 3.5410e-01 -1.420e-02  1.850e-03  2.750e-03  2.760e-02 -2.840e-03 -1.990e-04 -1.000e-03 -1.161e-04  2.430e-04
 3.5900e-01 -1.420e-02  1.860e-03  2.760e-03  2.770e-02 -2.850e-03 -2.000e-04 -1.000e-03 -1.166e-04  2.440e-04
 3.6400e-01 -1.430e-02  1.860e-03  2.760e-03  2.770e-02 -2.850e-03 -2.000e-04 -1.000e-03 -1.170e-04  2.440e-04
 3.6890e-01 -1.430e-02  1.870e-03  2.770e-03  2.780e-02 -2.860e-03 -2.010e-04 -1.000e-03 -1.174e-04  2.450e-04
 3.7390e-01 -1.430e-02  1.870e-03  2.780e-03  2.780e-02 -2.860e-03 -2.020e-04 -1.000e-03 -1.178e-04  2.450e-04
 3.7950e-01 -1.440e-02  1.880e-03  2.780e-03  2.790e-02 -2.860e-03 -2.020e-04 -1.000e-03 -1.183e-04  2.450e-04
 3.8510e-01 -1.440e-02  1.880e-03  2.790e-03  2.800e-02 -2.870e-03 -2.030e-04 -1.000e-03 -1.188e-04  2.460e-04
 3.9070e-01 -1.440e-02  1.890e-03  2.800e-03  2.800e-02 -2.870e-03 -2.040e-04 -1.000e-03 -1.193e-04  2.470e-04
 3.9630e-01 -1.450e-02  1.890e-03  2.810e-03  2.810e-02 -2.870e-03 -2.050e-04 -1.000e-03 -1.197e-04  2.470e-04
 4.0280e-01 -1.450e-02  1.900e-03  2.810e-03  2.820e-02 -2.880e-03 -2.050e-04 -1.000e-03 -1.202e-04  2.480e-04
 4.0940e-01 -1.460e-02  1.900e-03  2.820e-03  2.820e-02 -2.880e-03 -2.060e-04 -1.000e-03 -1.208e-04  2.490e-04
 4.1500e-01 -1.460e-02  1.910e-03  2.830e-03  2.830e-02 -2.880e-03 -2.060e-04 -1.000e-03 -1.212e-04  2.490e-04
 4.2000e-01 -1.460e-02  1.910e-03  2.830e-03  2.840e-02 -2.890e-03 -2.060e-04 -1.000e-03 -1.215e-04  2.500e-04
 4.2650e-01 -1.470e-02  1.910e-03  2.840e-03  2.840e-02 -2.890e-03 -2.070e-04 -1.000e-03 -1.220e-04  2.500e-04
 4.3370e-01 -1.470e-02  1.920e-03  2.850e-03  2.850e-02 -2.890e-03 -2.070e-04 -1.000e-03 -1.225e-04  2.510e-04
 4.4080e-01 -1.470e-02  1.920e-03  2.860e-03  2.860e-02 -2.900e-03 -2.080e-04 -1.000e-03 -1.229e-04  2.520e-04
 4.4740e-01 -1.480e-02  1.930e-03  2.860e-03  2.860e-02 -2.900e-03 -2.080e-04 -1.000e-03 -1.234e-04  2.520e-04
 4.5390e-01 -1.480e-02  1.930e-03  2.870e-03  2.870e-02 -2.910e-03 -2.090e-04 -1.000e-03 -1.239e-04  2.530e-04
 4.6110e-01 -1.490e-02  1.940e-03  2.880e-03  2.880e-02 -2.910e-03 -2.090e-04 -1.000e-03 -1.243e-04  2.540e-04
 4.6830e-01 -1.490e-02  1.940e-03  2.880e-03  2.880e-02 -2.910e-03 -2.090e-04 -1.000e-03 -1.248e-04  2.540e-04
 4.7540e-01 -1.490e-02  1.950e-03  2.890e-03  2.890e-02 -2.920e-03 -2.100e-04 -1.000e-03 -1.252e-04  2.550e-04
 4.8260e-01 -1.500e-02  1.950e-03  2.900e-03  2.890e-02 -2.920e-03 -2.110e-04 -1.000e-03 -1.256e-04  2.550e-04
 4.8970e-01 -1.500e-02  1.960e-03  2.900e-03  2.900e-02 -2.920e-03 -2.110e-04 -9.000e-04 -1.260e-04  2.550e-04
 4.9690e-01 -1.500e-02  1.960e-03  2.910e-03  2.910e-02 -2.930e-03 -2.110e-04 -9.000e-04 -1.264e-04  2.560e-04
 5.0400e-01 -1.510e-02  1.970e-03  2.920e-03  2.910e-02 -2.930e-03 -2.120e-04 -9.000e-04 -1.268e-04  2.570e-04
 5.1120e-01 -1.510e-02  1.970e-03  2.920e-03  2.920e-02 -2.930e-03 -2.120e-04 -9.000e-04 -1.272e-04  2.570e-04
 5.1840e-01 -1.510e-02  1.980e-03  2.930e-03  2.920e-02 -2.940e-03 -2.130e-04 -9.000e-04 -1.276e-04  2.580e-04
 5.2560e-01 -1.520e-02  1.980e-03  2.930e-03  2.930e-02 -2.940e-03 -2.130e-04 -9.000e-04 -1.279e-04  2.580e-04
 5.3280e-01 -1.520e-02  1.980e-03  2.940e-03  2.930e-02 -2.940e-03 -2.140e-04 -9.000e-04 -1.283e-04  2.580e-04
 5.4000e-01 -1.520e-02  1.990e-03  2.950e-03  2.940e-02 -2.950e-03 -2.140e-04 -9.000e-04 -1.287e-04  2.590e-04
 5.4710e-01 -1.530e-02  1.990e-03  2.950e-03  2.950e-02 -2.950e-03 -2.150e-04 -9.000e-04 -1.291e-04  2.600e-04
 5.5430e-01 -1.530e-02  2.000e-03  2.960e-03  2.950e-02 -2.950e-03 -2.150e-04 -9.000e-04 -1.295e-04  2.600e-04
 5.6140e-01 -1.530e-02  2.000e-03  2.960e-03  2.960e-02 -2.960e-03 -2.160e-04 -9.000e-04 -1.298e-04  2.600e-04
 5.6860e-01 -1.540e-02  2.000e-03  2.970e-03  2.960e-02 -2.960e-03 -2.170e-04 -9.000e-04 -1.301e-04  2.610e-04
 5.7580e-01 -1.540e-02  2.010e-03  2.970e-03  2.970e-02 -2.960e-03 -2.170e-04 -9.000e-04 -1.305e-04  2.620e-04
 5.8290e-01 -1.540e-02  2.010e-03  2.980e-03  2.970e-02 -2.970e-03 -2.180e-04 -9.000e-04 -1.309e-04  2.620e-04
 5.9010e-01 -1.540e-02  2.010e-03  2.980e-03  2.980e-02 -2.970e-03 -2.180e-04 -9.000e-04 -1.312e-04  2.620e-04
 5.9730e-01 -1.550e-02  2.020e-03  2.990e-03  2.980e-02 -2.970e-03 -2.190e-04 -9.000e-04 -1.315e-04  2.620e-04
 6.0450e-01 -1.550e-02  2.020e-03  2.990e-03  2.990e-02 -2.970e-03 -2.190e-04 -9.000e-04 -1.318e-04  2.630e-04
 6.1160e-01 -1.550e-02  2.020e-03  3.000e-03  2.990e-02 -2.980e-03 -2.200e-04 -9.000e-04 -1.322e-04  2.630e-04
 6.1880e-01 -1.550e-02  2.030e-03  3.000e-03  2.990e-02 -2.980e-03 -2.210e-04 -9.000e-04 -1.325e-04  2.630e-04
 6.2600e-01 -1.560e-02  2.030e-03  3.010e-03  3.000e-02 -2.980e-03 -2.210e-04 -9.000e-04 -1.329e-04  2.640e-04
 6.3310e-01 -1.560e-02  2.040e-03  3.010e-03  3.000e-02 -2.990e-03 -2.220e-04 -9.000e-04 -1.332e-04  2.640e-04
 6.4030e-01 -1.560e-02  2.040e-03  3.020e-03  3.010e-02 -2.990e-03 -2.230e-04 -9.000e-04 -1.335e-04  2.650e-04
 6.4740e-01 -1.560e-02  2.040e-03  3.020e-03  3.010e-02 -2.990e-03 -2.230e-04 -9.000e-04 -1.337e-04  2.650e-04
 6.5460e-01 -1.570e-02  2.040e-03  3.030e-03  3.020e-02 -2.990e-03 -2.240e-04 -9.000e-04 -1.341e-04  2.650e-04
 6.6180e-01 -1.570e-02  2.050e-03  3.030e-03  3.020e-02 -3.000e-03 -2.240e-04 -9.000e-04 -1.344e-04  2.660e-04
 6.6890e-01 -1.570e-02  2.050e-03  3.040e-03  3.020e-02 -3.000e-03 -2.240e-04 -9.000e-04 -1.347e-04  2.660e-04
 6.7610e-01 -1.570e-02  2.050e-03  3.040e-03  3.030e-02 -3.000e-03 -2.240e-04 -9.000e-04 -1.350e-04  2.670e-04
 6.8320e-01 -1.580e-02  2.060e-03  3.050e-03  3.030e-02 -3.000e-03 -2.240e-04 -9.000e-04 -1.353e-04  2.670e-04
 6.9040e-01 -1.580e-02  2.060e-03  3.050e-03  3.040e-02 -3.010e-03 -2.240e-04 -9.000e-04 -1.356e-04  2.680e-04
 6.9760e-01 -1.580e-02  2.060e-03  3.050e-03  3.040e-02 -3.010e-03 -2.250e-04 -9.000e-04 -1.358e-04  2.680e-04
 7.0470e-01 -1.580e-02  2.070e-03  3.060e-03  3.040e-02 -3.010e-03 -2.250e-04 -9.000e-04 -1.361e-04  2.680e-04
 7.1190e-01 -1.590e-02  2.070e-03  3.060e-03  3.050e-02 -3.010e-03 -2.250e-04 -9.000e-04 -1.364e-04  2.690e-04
 7.1910e-01 -1.590e-02  2.070e-03  3.070e-03  3.050e-02 -3.020e-03 -2.260e-04 -9.000e-04 -1.366e-04  2.690e-04
 7.2620e-01 -1.590e-02  2.070e-03  3.070e-03  3.060e-02 -3.020e-03 -2.260e-04 -9.000e-04 -1.369e-04  2.690e-04
 7.3340e-01 -1.590e-02  2.080e-03  3.080e-03  3.060e-02 -3.020e-03 -2.260e-04 -9.000e-04 -1.371e-04  2.700e-04
 7.4060e-01 -1.590e-02  2.080e-03  3.080e-03  3.060e-02 -3.020e-03 -2.270e-04 -9.000e-04 -1.374e-04  2.700e-04
 7.4770e-01 -1.600e-02  2.080e-03  3.080e-03  3.070e-02 -3.020e-03 -2.270e-04 -9.000e-04 -1.376e-04  2.700e-04
 7.5490e-01 -1.600e-02  2.090e-03  3.090e-03  3.070e-02 -3.030e-03 -2.270e-04 -9.000e-04 -1.379e-04  2.710e-04
 7.6210e-01 -1.600e-02  2.090e-03  3.090e-03  3.070e-02 -3.030e-03 -2.280e-04 -9.000e-04 -1.382e-04  2.710e-04
 7.6920e-01 -1.600e-02  2.090e-03  3.100e-03  3.080e-02 -3.030e-03 -2.280e-04 -9.000e-04 -1.384e-04  2.720e-04
 7.7640e-01 -1.600e-02  2.090e-03  3.100e-03  3.080e-02 -3.030e-03 -2.280e-04 -9.000e-04 -1.386e-04  2.720e-04
 7.8360e-01 -1.610e-02  2.100e-03  3.100e-03  3.080e-02 -3.030e-03 -2.290e-04 -9.000e-04 -1.389e-04  2.720e-04
 7.9070e-01 -1.610e-02  2.100e-03  3.110e-03  3.090e-02 -3.040e-03 -2.290e-04 -9.000e-04 -1.391e-04  2.720e-04
 7.9790e-01 -1.610e-02  2.100e-03  3.110e-03  3.090e-02 -3.040e-03 -2.300e-04 -9.000e-04 -1.393e-04  2.730e-04
 8.0460e-01 -1.610e-02  2.100e-03  3.110e-03  3.090e-02 -3.040e-03 -2.300e-04 -9.000e-04 -1.395e-04  2.730e-04
 8.1150e-01 -1.610e-02  2.110e-03  3.120e-03  3.100e-02 -3.040e-03 -2.300e-04 -9.000e-04 -1.398e-04  2.730e-04
 8.1820e-01 -1.620e-02  2.110e-03  3.120e-03  3.100e-02 -3.040e-03 -2.300e-04 -9.000e-04 -1.400e-04  2.740e-04
 8.2480e-01 -1.620e-02  2.110e-03  3.120e-03  3.100e-02 -3.040e-03 -2.310e-04 -9.000e-04 -1.402e-04  2.740e-04
 8.3150e-01 -1.620e-02  2.110e-03  3.130e-03  3.110e-02 -3.050e-03 -2.300e-04 -9.000e-04 -1.404e-04  2.740e-04
 8.3820e-01 -1.620e-02  2.110e-03  3.130e-03  3.110e-02 -3.050e-03 -2.310e-04 -9.000e-04 -1.406e-04  2.750e-04
 8.4480e-01 -1.620e-02  2.120e-03  3.130e-03  3.110e-02 -3.050e-03 -2.310e-04 -9.000e-04 -1.408e-04  2.750e-04
 8.5150e-01 -1.620e-02  2.120e-03  3.140e-03  3.120e-02 -3.050e-03 -2.320e-04 -9.000e-04 -1.410e-04  2.750e-04
 8.5820e-01 -1.630e-02  2.120e-03  3.140e-03  3.120e-02 -3.050e-03 -2.320e-04 -9.000e-04 -1.412e-04  2.760e-04
 8.6480e-01 -1.630e-02  2.120e-03  3.140e-03  3.120e-02 -3.060e-03 -2.330e-04 -9.000e-04 -1.414e-04  2.760e-04
 8.7150e-01 -1.630e-02  2.130e-03  3.150e-03  3.120e-02 -3.060e-03 -2.330e-04 -9.000e-04 -1.416e-04  2.760e-04
 8.7810e-01 -1.630e-02  2.130e-03  3.150e-03  3.130e-02 -3.060e-03 -2.330e-04 -9.000e-04 -1.418e-04  2.770e-04
 8.8480e-01 -1.630e-02  2.130e-03  3.150e-03  3.130e-02 -3.060e-03 -2.330e-04 -9.000e-04 -1.420e-04  2.760e-04
 8.9150e-01 -1.630e-02  2.130e-03  3.150e-03  3.130e-02 -3.060e-03 -2.330e-04 -9.000e-04 -1.423e-04  2.770e-04
 8.9810e-01 -1.640e-02  2.130e-03  3.160e-03  3.140e-02 -3.060e-03 -2.330e-04 -8.000e-04 -1.425e-04  2.770e-04
 9.0480e-01 -1.640e-02  2.140e-03  3.160e-03  3.140e-02 -3.060e-03 -2.330e-04 -8.000e-04 -1.427e-04  2.770e-04
 9.1150e-01 -1.640e-02  2.140e-03  3.160e-03  3.140e-02 -3.070e-03 -2.340e-04 -8.000e-04 -1.429e-04  2.770e-04
 9.1810e-01 -1.640e-02  2.140e-03  3.170e-03  3.140e-02 -3.070e-03 -2.340e-04 -8.000e-04 -1.430e-04  2.780e-04
 9.2480e-01 -1.640e-02  2.140e-03  3.170e-03  3.150e-02 -3.070e-03 -2.350e-04 -8.000e-04 -1.432e-04  2.780e-04
 9.3200e-01 -1.640e-02  2.140e-03  3.170e-03  3.150e-02 -3.070e-03 -2.350e-04 -8.000e-04 -1.434e-04  2.780e-04
 9.3870e-01 -1.640e-02  2.150e-03  3.170e-03  3.150e-02 -3.070e-03 -2.350e-04 -8.000e-04 -1.436e-04  2.780e-04
 9.4530e-01 -1.650e-02  2.150e-03  3.180e-03  3.150e-02 -3.070e-03 -2.350e-04 -8.000e-04 -1.438e-04  2.780e-04
 9.5200e-01 -1.650e-02  2.150e-03  3.180e-03  3.160e-02 -3.080e-03 -2.350e-04 -8.000e-04 -1.439e-04  2.790e-04
 9.5870e-01 -1.650e-02  2.150e-03  3.180e-03  3.160e-02 -3.080e-03 -2.350e-04 -8.000e-04 -1.441e-04  2.790e-04
 9.6530e-01 -1.650e-02  2.150e-03  3.190e-03  3.160e-02 -3.080e-03 -2.360e-04 -8.000e-04 -1.443e-04  2.790e-04
 9.7200e-01 -1.650e-02  2.160e-03  3.190e-03  3.160e-02 -3.080e-03 -2.360e-04 -8.000e-04 -1.444e-04  2.790e-04
 9.7870e-01 -1.650e-02  2.160e-03  3.190e-03  3.170e-02 -3.080e-03 -2.360e-04 -8.000e-04 -1.446e-04  2.790e-04
 9.8530e-01 -1.650e-02  2.160e-03  3.190e-03  3.170e-02 -3.080e-03 -2.360e-04 -8.000e-04 -1.448e-04  2.790e-04
 9.9200e-01 -1.660e-02  2.160e-03  3.200e-03  3.170e-02 -3.080e-03 -2.360e-04 -8.000e-04 -1.450e-04  2.800e-04
 9.9870e-01 -1.660e-02  2.160e-03  3.200e-03  3.170e-02 -3.090e-03 -2.360e-04 -8.000e-04 -1.452e-04  2.800e-04
 1.0050e+00 -1.660e-02  2.160e-03  3.200e-03  3.180e-02 -3.090e-03 -2.360e-04 -8.000e-04 -1.453e-04  2.800e-04
 1.0120e+00 -1.660e-02  2.170e-03  3.200e-03  3.180e-02 -3.090e-03 -2.370e-04 -8.000e-04 -1.455e-04  2.800e-04
 1.0190e+00 -1.660e-02  2.170e-03  3.210e-03  3.180e-02 -3.090e-03 -2.370e-04 -8.000e-04 -1.456e-04  2.800e-04
 1.0250e+00 -1.660e-02  2.170e-03  3.210e-03  3.180e-02 -3.090e-03 -2.380e-04 -8.000e-04 -1.459e-04  2.810e-04
 1.0320e+00 -1.660e-02  2.170e-03  3.210e-03  3.190e-02 -3.090e-03 -2.380e-04 -8.000e-04 -1.460e-04  2.810e-04
 1.0390e+00 -1.670e-02  2.170e-03  3.210e-03  3.190e-02 -3.090e-03 -2.380e-04 -8.000e-04 -1.461e-04  2.810e-04
 1.0450e+00 -1.670e-02  2.170e-03  3.220e-03  3.190e-02 -3.090e-03 -2.380e-04 -8.000e-04 -1.463e-04  2.820e-04
 1.0520e+00 -1.670e-02  2.180e-03  3.220e-03  3.190e-02 -3.100e-03 -2.380e-04 -8.000e-04 -1.465e-04  2.820e-04
 1.0590e+00 -1.670e-02  2.180e-03  3.220e-03  3.190e-02 -3.100e-03 -2.380e-04 -8.000e-04 -1.466e-04  2.820e-04
 1.0650e+00 -1.670e-02  2.180e-03  3.220e-03  3.200e-02 -3.100e-03 -2.380e-04 -8.000e-04 -1.468e-04  2.820e-04
 1.0720e+00 -1.670e-02  2.180e-03  3.230e-03  3.200e-02 -3.100e-03 -2.390e-04 -8.000e-04 -1.470e-04  2.820e-04
 1.0790e+00 -1.670e-02  2.180e-03  3.230e-03  3.200e-02 -3.100e-03 -2.390e-04 -8.000e-04 -1.472e-04  2.820e-04
 1.0860e+00 -1.670e-02  2.180e-03  3.230e-03  3.200e-02 -3.100e-03 -2.400e-04 -8.000e-04 -1.474e-04  2.830e-04
 1.0930e+00 -1.680e-02  2.190e-03  3.230e-03  3.210e-02 -3.100e-03 -2.400e-04 -8.000e-04 -1.475e-04  2.830e-04
 1.1000e+00 -1.680e-02  2.190e-03  3.240e-03  3.210e-02 -3.110e-03 -2.400e-04 -8.000e-04 -1.477e-04  2.830e-04
 1.1070e+00 -1.680e-02  2.190e-03  3.240e-03  3.210e-02 -3.110e-03 -2.410e-04 -8.000e-04 -1.479e-04  2.830e-04
 1.1140e+00 -1.680e-02  2.190e-03  3.240e-03  3.210e-02 -3.110e-03 -2.410e-04 -8.000e-04 -1.480e-04  2.840e-04
 1.1210e+00 -1.680e-02  2.190e-03  3.240e-03  3.210e-02 -3.110e-03 -2.410e-04 -8.000e-04 -1.481e-04  2.840e-04
 1.1280e+00 -1.680e-02  2.190e-03  3.250e-03  3.220e-02 -3.110e-03 -2.410e-04 -8.000e-04 -1.482e-04  2.840e-04
 1.1350e+00 -1.680e-02  2.200e-03  3.250e-03  3.220e-02 -3.110e-03 -2.410e-04 -8.000e-04 -1.484e-04  2.840e-04
 1.1420e+00 -1.690e-02  2.200e-03  3.250e-03  3.220e-02 -3.110e-03 -2.420e-04 -8.000e-04 -1.485e-04  2.840e-04
 1.1490e+00 -1.690e-02  2.200e-03  3.250e-03  3.220e-02 -3.110e-03 -2.420e-04 -8.000e-04 -1.487e-04  2.840e-04
 1.1560e+00 -1.690e-02  2.200e-03  3.260e-03  3.230e-02 -3.120e-03 -2.420e-04 -8.000e-04 -1.488e-04  2.840e-04
 1.1630e+00 -1.690e-02  2.200e-03  3.260e-03  3.230e-02 -3.120e-03 -2.430e-04 -8.000e-04 -1.490e-04  2.850e-04
 1.1700e+00 -1.690e-02  2.200e-03  3.260e-03  3.230e-02 -3.120e-03 -2.430e-04 -8.000e-04 -1.492e-04  2.850e-04
 1.1770e+00 -1.690e-02  2.210e-03  3.260e-03  3.230e-02 -3.120e-03 -2.430e-04 -8.000e-04 -1.493e-04  2.860e-04
 1.1840e+00 -1.690e-02  2.210e-03  3.260e-03  3.230e-02 -3.120e-03 -2.430e-04 -8.000e-04 -1.494e-04  2.860e-04
 1.1910e+00 -1.690e-02  2.210e-03  3.270e-03  3.240e-02 -3.120e-03 -2.430e-04 -8.000e-04 -1.496e-04  2.860e-04
 1.1980e+00 -1.690e-02  2.210e-03  3.270e-03  3.240e-02 -3.120e-03 -2.430e-04 -8.000e-04 -1.497e-04  2.860e-04
 1.2040e+00 -1.700e-02  2.210e-03  3.270e-03  3.240e-02 -3.120e-03 -2.430e-04 -8.000e-04 -1.499e-04  2.860e-04
 1.2110e+00 -1.700e-02  2.210e-03  3.270e-03  3.240e-02 -3.120e-03 -2.430e-04 -8.000e-04 -1.500e-04  2.860e-04
 1.2180e+00 -1.700e-02  2.210e-03  3.280e-03  3.240e-02 -3.130e-03 -2.440e-04 -8.000e-04 -1.501e-04  2.860e-04
 1.2240e+00 -1.700e-02  2.220e-03  3.280e-03  3.250e-02 -3.130e-03 -2.440e-04 -8.000e-04 -1.503e-04  2.870e-04
 1.2310e+00 -1.700e-02  2.220e-03  3.280e-03  3.250e-02 -3.130e-03 -2.430e-04 -8.000e-04 -1.504e-04  2.870e-04
 1.2380e+00 -1.700e-02  2.220e-03  3.280e-03  3.250e-02 -3.130e-03 -2.430e-04 -8.000e-04 -1.506e-04  2.870e-04
 1.2440e+00 -1.700e-02  2.220e-03  3.280e-03  3.250e-02 -3.130e-03 -2.430e-04 -8.000e-04 -1.507e-04  2.880e-04
 1.2510e+00 -1.700e-02  2.220e-03  3.290e-03  3.250e-02 -3.130e-03 -2.430e-04 -8.000e-04 -1.508e-04  2.880e-04
 1.2580e+00 -1.700e-02  2.220e-03  3.290e-03  3.250e-02 -3.130e-03 -2.430e-04 -8.000e-04 -1.509e-04  2.880e-04
 1.2640e+00 -1.710e-02  2.220e-03  3.290e-03  3.260e-02 -3.130e-03 -2.430e-04 -8.000e-04 -1.511e-04  2.880e-04
 1.2710e+00 -1.710e-02  2.230e-03  3.290e-03  3.260e-02 -3.130e-03 -2.440e-04 -8.000e-04 -1.512e-04  2.880e-04
 1.2780e+00 -1.710e-02  2.230e-03  3.290e-03  3.260e-02 -3.140e-03 -2.440e-04 -8.000e-04 -1.513e-04  2.880e-04
 1.2850e+00 -1.710e-02  2.230e-03  3.300e-03  3.260e-02 -3.140e-03 -2.440e-04 -8.000e-04 -1.514e-04  2.880e-04
 1.2910e+00 -1.710e-02  2.230e-03  3.300e-03  3.260e-02 -3.140e-03 -2.440e-04 -8.000e-04 -1.516e-04  2.880e-04
 1.2980e+00 -1.710e-02  2.230e-03  3.300e-03  3.270e-02 -3.140e-03 -2.430e-04 -8.000e-04 -1.517e-04  2.890e-04
 1.3050e+00 -1.710e-02  2.230e-03  3.300e-03  3.270e-02 -3.140e-03 -2.430e-04 -8.000e-04 -1.518e-04  2.890e-04
 1.3120e+00 -1.710e-02  2.230e-03  3.300e-03  3.270e-02 -3.140e-03 -2.430e-04 -8.000e-04 -1.520e-04  2.890e-04
 1.3190e+00 -1.710e-02  2.230e-03  3.310e-03  3.270e-02 -3.140e-03 -2.440e-04 -8.000e-04 -1.521e-04  2.890e-04
 1.3260e+00 -1.710e-02  2.240e-03  3.310e-03  3.270e-02 -3.140e-03 -2.440e-04 -8.000e-04 -1.522e-04  2.900e-04
 1.3330e+00 -1.720e-02  2.240e-03  3.310e-03  3.270e-02 -3.140e-03 -2.440e-04 -8.000e-04 -1.523e-04  2.900e-04
 1.3400e+00 -1.720e-02  2.240e-03  3.310e-03  3.280e-02 -3.140e-03 -2.440e-04 -8.000e-04 -1.524e-04  2.900e-04
 1.3470e+00 -1.720e-02  2.240e-03  3.310e-03  3.280e-02 -3.150e-03 -2.440e-04 -8.000e-04 -1.525e-04  2.900e-04
 1.3540e+00 -1.720e-02  2.240e-03  3.320e-03  3.280e-02 -3.150e-03 -2.440e-04 -8.000e-04 -1.526e-04  2.900e-04
 1.3610e+00 -1.720e-02  2.240e-03  3.320e-03  3.280e-02 -3.150e-03 -2.450e-04 -8.000e-04 -1.527e-04  2.900e-04
 1.3680e+00 -1.720e-02  2.240e-03  3.320e-03  3.280e-02 -3.150e-03 -2.450e-04 -8.000e-04 -1.528e-04  2.900e-04
 1.3750e+00 -1.720e-02  2.240e-03  3.320e-03  3.290e-02 -3.150e-03 -2.460e-04 -8.000e-04 -1.530e-04  2.900e-04
 1.3820e+00 -1.720e-02  2.250e-03  3.320e-03  3.290e-02 -3.150e-03 -2.460e-04 -8.000e-04 -1.531e-04  2.900e-04
 1.3890e+00 -1.720e-02  2.250e-03  3.320e-03  3.290e-02 -3.150e-03 -2.460e-04 -8.000e-04 -1.533e-04  2.900e-04
 1.3960e+00 -1.720e-02  2.250e-03  3.330e-03  3.290e-02 -3.150e-03 -2.460e-04 -8.000e-04 -1.534e-04  2.910e-04
 1.4030e+00 -1.730e-02  2.250e-03  3.330e-03  3.290e-02 -3.150e-03 -2.460e-04 -8.000e-04 -1.535e-04  2.910e-04
 1.4100e+00 -1.730e-02  2.250e-03  3.330e-03  3.290e-02 -3.150e-03 -2.460e-04 -8.000e-04 -1.536e-04  2.910e-04
 1.4170e+00 -1.730e-02  2.250e-03  3.330e-03  3.300e-02 -3.150e-03 -2.460e-04 -8.000e-04 -1.537e-04  2.920e-04
 1.4240e+00 -1.730e-02  2.250e-03  3.330e-03  3.300e-02 -3.160e-03 -2.460e-04 -8.000e-04 -1.539e-04  2.920e-04
 1.4310e+00 -1.730e-02  2.250e-03  3.340e-03  3.300e-02 -3.160e-03 -2.460e-04 -8.000e-04 -1.540e-04  2.920e-04
 1.4380e+00 -1.730e-02  2.260e-03  3.340e-03  3.300e-02 -3.160e-03 -2.460e-04 -8.000e-04 -1.541e-04  2.920e-04
 1.4450e+00 -1.730e-02  2.260e-03  3.340e-03  3.300e-02 -3.160e-03 -2.470e-04 -8.000e-04 -1.542e-04  2.920e-04
 1.4520e+00 -1.730e-02  2.260e-03  3.340e-03  3.300e-02 -3.160e-03 -2.470e-04 -8.000e-04 -1.544e-04  2.920e-04
 1.4590e+00 -1.730e-02  2.260e-03  3.340e-03  3.310e-02 -3.160e-03 -2.470e-04 -8.000e-04 -1.545e-04  2.930e-04
 1.4660e+00 -1.730e-02  2.260e-03  3.340e-03  3.310e-02 -3.160e-03 -2.470e-04 -8.000e-04 -1.546e-04  2.930e-04
 1.4730e+00 -1.740e-02  2.260e-03  3.350e-03  3.310e-02 -3.160e-03 -2.470e-04 -8.000e-04 -1.547e-04  2.930e-04
 1.4800e+00 -1.740e-02  2.260e-03  3.350e-03  3.310e-02 -3.160e-03 -2.480e-04 -8.000e-04 -1.549e-04  2.930e-04
 1.4870e+00 -1.740e-02  2.260e-03  3.350e-03  3.310e-02 -3.160e-03 -2.480e-04 -8.000e-04 -1.549e-04  2.940e-04
 1.4940e+00 -1.740e-02  2.270e-03  3.350e-03  3.310e-02 -3.160e-03 -2.480e-04 -8.000e-04 -1.551e-04  2.940e-04
 1.5010e+00 -1.740e-02  2.270e-03  3.350e-03  3.320e-02 -3.170e-03 -2.480e-04 -8.000e-04 -1.552e-04  2.940e-04
 1.5080e+00 -1.740e-02  2.270e-03  3.360e-03  3.320e-02 -3.170e-03 -2.480e-04 -8.000e-04 -1.553e-04  2.940e-04
 1.5150e+00 -1.740e-02  2.270e-03  3.360e-03  3.320e-02 -3.170e-03 -2.480e-04 -8.000e-04 -1.554e-04  2.940e-04
 1.5220e+00 -1.740e-02  2.270e-03  3.360e-03  3.320e-02 -3.170e-03 -2.470e-04 -8.000e-04 -1.555e-04  2.940e-04
 1.5290e+00 -1.740e-02  2.270e-03  3.360e-03  3.320e-02 -3.170e-03 -2.470e-04 -8.000e-04 -1.556e-04  2.950e-04
 1.5360e+00 -1.740e-02  2.270e-03  3.360e-03  3.320e-02 -3.170e-03 -2.470e-04 -8.000e-04 -1.557e-04  2.950e-04
 1.5430e+00 -1.740e-02  2.270e-03  3.360e-03  3.320e-02 -3.170e-03 -2.470e-04 -8.000e-04 -1.558e-04  2.950e-04
 1.5500e+00 -1.740e-02  2.270e-03  3.370e-03  3.330e-02 -3.170e-03 -2.470e-04 -8.000e-04 -1.559e-04  2.950e-04
 1.5570e+00 -1.750e-02  2.280e-03  3.370e-03  3.330e-02 -3.170e-03 -2.470e-04 -8.000e-04 -1.560e-04  2.950e-04
 1.5640e+00 -1.750e-02  2.280e-03  3.370e-03  3.330e-02 -3.170e-03 -2.470e-04 -8.000e-04 -1.561e-04  2.960e-04
 1.5710e+00 -1.750e-02  2.280e-03  3.370e-03  3.330e-02 -3.170e-03 -2.480e-04 -8.000e-04 -1.562e-04  2.950e-04
 1.5780e+00 -1.750e-02  2.280e-03  3.370e-03  3.330e-02 -3.170e-03 -2.470e-04 -8.000e-04 -1.563e-04  2.960e-04
 1.5850e+00 -1.750e-02  2.280e-03  3.370e-03  3.330e-02 -3.180e-03 -2.480e-04 -8.000e-04 -1.564e-04  2.960e-04
 1.5920e+00 -1.750e-02  2.280e-03  3.370e-03  3.330e-02 -3.180e-03 -2.490e-04 -8.000e-04 -1.565e-04  2.960e-04
 1.5990e+00 -1.750e-02  2.280e-03  3.380e-03  3.340e-02 -3.180e-03 -2.480e-04 -8.000e-04 -1.566e-04  2.960e-04
 1.6060e+00 -1.750e-02  2.280e-03  3.380e-03  3.340e-02 -3.180e-03 -2.490e-04 -8.000e-04 -1.567e-04  2.960e-04
 1.6130e+00 -1.750e-02  2.280e-03  3.380e-03  3.340e-02 -3.180e-03 -2.490e-04 -8.000e-04 -1.568e-04  2.970e-04
 1.6200e+00 -1.750e-02  2.280e-03  3.380e-03  3.340e-02 -3.180e-03 -2.500e-04 -8.000e-04 -1.569e-04  2.970e-04
 1.6270e+00 -1.750e-02  2.290e-03  3.380e-03  3.340e-02 -3.180e-03 -2.490e-04 -8.000e-04 -1.570e-04  2.970e-04
 1.6340e+00 -1.750e-02  2.290e-03  3.380e-03  3.340e-02 -3.180e-03 -2.500e-04 -8.000e-04 -1.571e-04  2.970e-04
 1.6410e+00 -1.760e-02  2.290e-03  3.390e-03  3.340e-02 -3.180e-03 -2.500e-04 -8.000e-04 -1.572e-04  2.960e-04
 1.6480e+00 -1.760e-02  2.290e-03  3.390e-03  3.350e-02 -3.180e-03 -2.510e-04 -8.000e-04 -1.574e-04  2.970e-04
 1.6550e+00 -1.760e-02  2.290e-03  3.390e-03  3.350e-02 -3.180e-03 -2.500e-04 -8.000e-04 -1.575e-04  2.970e-04
 1.6620e+00 -1.760e-02  2.290e-03  3.390e-03  3.350e-02 -3.180e-03 -2.500e-04 -8.000e-04 -1.576e-04  2.970e-04
 1.6690e+00 -1.760e-02  2.290e-03  3.390e-03  3.350e-02 -3.180e-03 -2.500e-04 -8.000e-04 -1.577e-04  2.970e-04
 1.6760e+00 -1.760e-02  2.290e-03  3.390e-03  3.350e-02 -3.190e-03 -2.500e-04 -8.000e-04 -1.578e-04  2.980e-04
 1.6830e+00 -1.760e-02  2.290e-03  3.390e-03  3.350e-02 -3.190e-03 -2.500e-04 -8.000e-04 -1.579e-04  2.980e-04
 1.6900e+00 -1.760e-02  2.290e-03  3.400e-03  3.350e-02 -3.190e-03 -2.510e-04 -8.000e-04 -1.580e-04  2.980e-04
 1.6970e+00 -1.760e-02  2.300e-03  3.400e-03  3.360e-02 -3.190e-03 -2.500e-04 -8.000e-04 -1.581e-04  2.980e-04
 1.7040e+00 -1.760e-02  2.300e-03  3.400e-03  3.360e-02 -3.190e-03 -2.500e-04 -8.000e-04 -1.581e-04  2.980e-04
 1.7110e+00 -1.760e-02  2.300e-03  3.400e-03  3.360e-02 -3.190e-03 -2.500e-04 -8.000e-04 -1.582e-04  2.980e-04
 1.7180e+00 -1.760e-02  2.300e-03  3.400e-03  3.360e-02 -3.190e-03 -2.500e-04 -8.000e-04 -1.583e-04  2.980e-04
 1.7250e+00 -1.760e-02  2.300e-03  3.400e-03  3.360e-02 -3.190e-03 -2.500e-04 -8.000e-04 -1.584e-04  2.990e-04
 1.7320e+00 -1.770e-02  2.300e-03  3.410e-03  3.360e-02 -3.190e-03 -2.500e-04 -8.000e-04 -1.585e-04  2.990e-04
 1.7390e+00 -1.770e-02  2.300e-03  3.410e-03  3.360e-02 -3.190e-03 -2.500e-04 -8.000e-04 -1.586e-04  2.990e-04
 1.7460e+00 -1.770e-02  2.300e-03  3.410e-03  3.370e-02 -3.190e-03 -2.500e-04 -8.000e-04 -1.587e-04  2.990e-04
 1.7530e+00 -1.770e-02  2.300e-03  3.410e-03  3.370e-02 -3.190e-03 -2.500e-04 -8.000e-04 -1.587e-04  2.990e-04
 1.7590e+00 -1.770e-02  2.300e-03  3.410e-03  3.370e-02 -3.190e-03 -2.500e-04 -8.000e-04 -1.588e-04  3.000e-04
 1.7660e+00 -1.770e-02  2.310e-03  3.410e-03  3.370e-02 -3.190e-03 -2.510e-04 -8.000e-04 -1.589e-04  3.000e-04
 1.7720e+00 -1.770e-02  2.310e-03  3.410e-03  3.370e-02 -3.190e-03 -2.500e-04 -8.000e-04 -1.590e-04  2.990e-04
 1.7790e+00 -1.770e-02  2.310e-03  3.410e-03  3.370e-02 -3.190e-03 -2.500e-04 -8.000e-04 -1.590e-04  3.000e-04
 1.7860e+00 -1.770e-02  2.310e-03  3.420e-03  3.370e-02 -3.200e-03 -2.510e-04 -8.000e-04 -1.591e-04  3.000e-04
 1.7930e+00 -1.770e-02  2.310e-03  3.420e-03  3.370e-02 -3.200e-03 -2.500e-04 -8.000e-04 -1.592e-04  3.000e-04
 1.8000e+00 -1.770e-02  2.310e-03  3.420e-03  3.370e-02 -3.200e-03 -2.500e-04 -8.000e-04 -1.593e-04  3.000e-04
 1.8070e+00 -1.770e-02  2.310e-03  3.420e-03  3.380e-02 -3.200e-03 -2.500e-04 -8.000e-04 -1.594e-04  3.000e-04
 1.8140e+00 -1.770e-02  2.310e-03  3.420e-03  3.380e-02 -3.200e-03 -2.500e-04 -8.000e-04 -1.595e-04  2.990e-04
 1.8210e+00 -1.770e-02  2.310e-03  3.420e-03  3.380e-02 -3.200e-03 -2.510e-04 -8.000e-04 -1.595e-04  2.990e-04
 1.8270e+00 -1.780e-02  2.310e-03  3.420e-03  3.380e-02 -3.200e-03 -2.510e-04 -8.000e-04 -1.596e-04  2.990e-04
 1.8340e+00 -1.780e-02  2.310e-03  3.430e-03  3.380e-02 -3.200e-03 -2.500e-04 -8.000e-04 -1.597e-04  2.990e-04
 1.8410e+00 -1.780e-02  2.310e-03  3.430e-03  3.380e-02 -3.200e-03 -2.500e-04 -8.000e-04 -1.597e-04  2.990e-04
 1.8480e+00 -1.780e-02  2.320e-03  3.430e-03  3.380e-02 -3.200e-03 -2.500e-04 -8.000e-04 -1.598e-04  2.990e-04
 1.8550e+00 -1.780e-02  2.320e-03  3.430e-03  3.380e-02 -3.200e-03 -2.500e-04 -8.000e-04 -1.599e-04  2.990e-04
 1.8620e+00 -1.780e-02  2.320e-03  3.430e-03  3.390e-02 -3.200e-03 -2.500e-04 -8.000e-04 -1.600e-04  2.990e-04
 1.8690e+00 -1.780e-02  2.320e-03  3.430e-03  3.390e-02 -3.200e-03 -2.500e-04 -8.000e-04 -1.600e-04  2.990e-04
 1.8750e+00 -1.780e-02  2.320e-03  3.430e-03  3.390e-02 -3.200e-03 -2.510e-04 -8.000e-04 -1.601e-04  2.990e-04
 1.8820e+00 -1.780e-02  2.320e-03  3.430e-03  3.390e-02 -3.200e-03 -2.510e-04 -8.000e-04 -1.602e-04  2.990e-04
 1.8880e+00 -1.780e-02  2.320e-03  3.440e-03  3.390e-02 -3.200e-03 -2.500e-04 -8.000e-04 -1.602e-04  2.990e-04
 1.8950e+00 -1.780e-02  2.320e-03  3.440e-03  3.390e-02 -3.210e-03 -2.510e-04 -8.000e-04 -1.603e-04  2.990e-04
 1.9020e+00 -1.780e-02  2.320e-03  3.440e-03  3.390e-02 -3.210e-03 -2.510e-04 -7.000e-04 -1.604e-04  3.000e-04
 1.9090e+00 -1.780e-02  2.320e-03  3.440e-03  3.390e-02 -3.210e-03 -2.500e-04 -7.000e-04 -1.605e-04  3.000e-04
 1.9160e+00 -1.780e-02  2.320e-03  3.440e-03  3.390e-02 -3.210e-03 -2.500e-04 -7.000e-04 -1.606e-04  3.000e-04
 1.9230e+00 -1.780e-02  2.320e-03  3.440e-03  3.400e-02 -3.210e-03 -2.510e-04 -7.000e-04 -1.607e-04  3.000e-04
 1.9290e+00 -1.790e-02  2.330e-03  3.440e-03  3.400e-02 -3.210e-03 -2.500e-04 -7.000e-04 -1.607e-04  3.010e-04
 1.9360e+00 -1.790e-02  2.330e-03  3.440e-03  3.400e-02 -3.210e-03 -2.510e-04 -7.000e-04 -1.608e-04  3.010e-04
 1.9430e+00 -1.790e-02  2.330e-03  3.450e-03  3.400e-02 -3.210e-03 -2.510e-04 -7.000e-04 -1.608e-04  3.010e-04
 1.9490e+00 -1.790e-02  2.330e-03  3.450e-03  3.400e-02 -3.210e-03 -2.510e-04 -7.000e-04 -1.609e-04  3.010e-04
 1.9560e+00 -1.790e-02  2.330e-03  3.450e-03  3.400e-02 -3.210e-03 -2.500e-04 -7.000e-04 -1.610e-04  3.010e-04
 1.9620e+00 -1.790e-02  2.330e-03  3.450e-03  3.400e-02 -3.210e-03 -2.500e-04 -7.000e-04 -1.611e-04  3.010e-04
 1.9690e+00 -1.790e-02  2.330e-03  3.450e-03  3.400e-02 -3.210e-03 -2.510e-04 -7.000e-04 -1.611e-04  3.020e-04
 1.9750e+00 -1.790e-02  2.330e-03  3.450e-03  3.400e-02 -3.210e-03 -2.510e-04 -7.000e-04 -1.612e-04  3.010e-04
 1.9810e+00 -1.790e-02  2.330e-03  3.450e-03  3.400e-02 -3.210e-03 -2.510e-04 -7.000e-04 -1.613e-04  3.010e-04
 1.9880e+00 -1.790e-02  2.330e-03  3.450e-03  3.410e-02 -3.210e-03 -2.510e-04 -7.000e-04 -1.613e-04  3.010e-04
 1.9950e+00 -1.790e-02  2.330e-03  3.460e-03  3.410e-02 -3.210e-03 -2.510e-04 -7.000e-04 -1.614e-04  3.010e-04
 2.0020e+00 -1.790e-02  2.330e-03  3.460e-03  3.410e-02 -3.210e-03 -2.510e-04 -7.000e-04 -1.615e-04  3.020e-04
 2.0080e+00 -1.790e-02  2.330e-03  3.460e-03  3.410e-02 -3.210e-03 -2.510e-04 -7.000e-04 -1.615e-04  3.020e-04
 2.0140e+00 -1.790e-02  2.340e-03  3.460e-03  3.410e-02 -3.210e-03 -2.520e-04 -7.000e-04 -1.616e-04  3.020e-04
 2.0210e+00 -1.790e-02  2.340e-03  3.460e-03  3.410e-02 -3.210e-03 -2.520e-04 -7.000e-04 -1.616e-04  3.020e-04
 2.0280e+00 -1.790e-02  2.340e-03  3.460e-03  3.410e-02 -3.210e-03 -2.510e-04 -7.000e-04 -1.617e-04  3.020e-04
 2.0340e+00 -1.790e-02  2.340e-03  3.460e-03  3.410e-02 -3.210e-03 -2.520e-04 -7.000e-04 -1.618e-04  3.020e-04
 2.0400e+00 -1.800e-02  2.340e-03  3.460e-03  3.410e-02 -3.220e-03 -2.520e-04 -7.000e-04 -1.619e-04  3.020e-04
 2.0470e+00 -1.800e-02  2.340e-03  3.460e-03  3.420e-02 -3.220e-03 -2.520e-04 -7.000e-04 -1.619e-04  3.030e-04
 2.0530e+00 -1.800e-02  2.340e-03  3.460e-03  3.420e-02 -3.220e-03 -2.520e-04 -7.000e-04 -1.620e-04  3.030e-04
 2.0590e+00 -1.800e-02  2.340e-03  3.470e-03  3.420e-02 -3.220e-03 -2.520e-04 -7.000e-04 -1.621e-04  3.030e-04
 2.0660e+00 -1.800e-02  2.340e-03  3.470e-03  3.420e-02 -3.220e-03 -2.520e-04 -7.000e-04 -1.622e-04  3.030e-04
 2.0720e+00 -1.800e-02  2.340e-03  3.470e-03  3.420e-02 -3.220e-03 -2.520e-04 -7.000e-04 -1.622e-04  3.040e-04
 2.0780e+00 -1.800e-02  2.340e-03  3.470e-03  3.420e-02 -3.220e-03 -2.520e-04 -7.000e-04 -1.623e-04  3.040e-04
 2.0850e+00 -1.800e-02  2.340e-03  3.470e-03  3.420e-02 -3.220e-03 -2.530e-04 -7.000e-04 -1.624e-04  3.040e-04
 2.0920e+00 -1.800e-02  2.340e-03  3.470e-03  3.420e-02 -3.220e-03 -2.530e-04 -7.000e-04 -1.624e-04  3.040e-04
 2.0980e+00 -1.800e-02  2.340e-03  3.470e-03  3.420e-02 -3.220e-03 -2.530e-04 -7.000e-04 -1.625e-04  3.040e-04
 2.1040e+00 -1.800e-02  2.350e-03  3.470e-03  3.420e-02 -3.220e-03 -2.530e-04 -7.000e-04 -1.626e-04  3.040e-04
 2.1110e+00 -1.800e-02  2.350e-03  3.470e-03  3.420e-02 -3.220e-03 -2.540e-04 -7.000e-04 -1.627e-04  3.040e-04
 2.1180e+00 -1.800e-02  2.350e-03  3.480e-03  3.430e-02 -3.220e-03 -2.540e-04 -7.000e-04 -1.627e-04  3.040e-04
 2.1240e+00 -1.800e-02  2.350e-03  3.480e-03  3.430e-02 -3.220e-03 -2.530e-04 -7.000e-04 -1.628e-04  3.040e-04
 2.1300e+00 -1.800e-02  2.350e-03  3.480e-03  3.430e-02 -3.220e-03 -2.540e-04 -7.000e-04 -1.628e-04  3.040e-04
 2.1370e+00 -1.800e-02  2.350e-03  3.480e-03  3.430e-02 -3.220e-03 -2.540e-04 -7.000e-04 -1.628e-04  3.040e-04
 2.1440e+00 -1.800e-02  2.350e-03  3.480e-03  3.430e-02 -3.220e-03 -2.540e-04 -7.000e-04 -1.629e-04  3.040e-04
 2.1500e+00 -1.800e-02  2.350e-03  3.480e-03  3.430e-02 -3.220e-03 -2.540e-04 -7.000e-04 -1.629e-04  3.040e-04
 2.1570e+00 -1.810e-02  2.350e-03  3.480e-03  3.430e-02 -3.220e-03 -2.540e-04 -7.000e-04 -1.630e-04  3.040e-04
 2.1640e+00 -1.810e-02  2.350e-03  3.480e-03  3.430e-02 -3.220e-03 -2.540e-04 -7.000e-04 -1.631e-04  3.040e-04
 2.1710e+00 -1.810e-02  2.350e-03  3.480e-03  3.430e-02 -3.220e-03 -2.530e-04 -7.000e-04 -1.632e-04  3.050e-04
 2.1780e+00 -1.810e-02  2.350e-03  3.490e-03  3.430e-02 -3.220e-03 -2.540e-04 -7.000e-04 -1.633e-04  3.050e-04
 2.1850e+00 -1.810e-02  2.350e-03  3.490e-03  3.430e-02 -3.220e-03 -2.540e-04 -7.000e-04 -1.634e-04  3.050e-04
 2.1920e+00 -1.810e-02  2.350e-03  3.490e-03  3.440e-02 -3.220e-03 -2.540e-04 -7.000e-04 -1.634e-04  3.050e-04
 2.1980e+00 -1.810e-02  2.350e-03  3.490e-03  3.440e-02 -3.220e-03 -2.540e-04 -7.000e-04 -1.635e-04  3.050e-04
 2.2050e+00 -1.810e-02  2.360e-03  3.490e-03  3.440e-02 -3.220e-03 -2.540e-04 -7.000e-04 -1.636e-04  3.050e-04
 2.2120e+00 -1.810e-02  2.360e-03  3.490e-03  3.440e-02 -3.220e-03 -2.540e-04 -7.000e-04 -1.637e-04  3.050e-04
 2.2190e+00 -1.810e-02  2.360e-03  3.490e-03  3.440e-02 -3.230e-03 -2.540e-04 -7.000e-04 -1.638e-04  3.050e-04
 2.2260e+00 -1.810e-02  2.360e-03  3.490e-03  3.440e-02 -3.230e-03 -2.540e-04 -7.000e-04 -1.639e-04  3.050e-04
 2.2330e+00 -1.810e-02  2.360e-03  3.490e-03  3.440e-02 -3.230e-03 -2.540e-04 -7.000e-04 -1.640e-04  3.050e-04
 2.2400e+00 -1.810e-02  2.360e-03  3.490e-03  3.440e-02 -3.230e-03 -2.550e-04 -7.000e-04 -1.640e-04  3.050e-04
 2.2460e+00 -1.810e-02  2.360e-03  3.500e-03  3.440e-02 -3.230e-03 -2.550e-04 -7.000e-04 -1.641e-04  3.060e-04
 2.2530e+00 -1.810e-02  2.360e-03  3.500e-03  3.440e-02 -3.230e-03 -2.540e-04 -7.000e-04 -1.641e-04  3.060e-04
 2.2590e+00 -1.810e-02  2.360e-03  3.500e-03  3.450e-02 -3.230e-03 -2.540e-04 -7.000e-04 -1.642e-04  3.060e-04
 2.2660e+00 -1.810e-02  2.360e-03  3.500e-03  3.450e-02 -3.230e-03 -2.540e-04 -7.000e-04 -1.643e-04  3.060e-04
 2.2720e+00 -1.810e-02  2.360e-03  3.500e-03  3.450e-02 -3.230e-03 -2.550e-04 -7.000e-04 -1.643e-04  3.060e-04
 2.2790e+00 -1.810e-02  2.360e-03  3.500e-03  3.450e-02 -3.230e-03 -2.550e-04 -7.000e-04 -1.643e-04  3.060e-04
 2.2860e+00 -1.820e-02  2.360e-03  3.500e-03  3.450e-02 -3.230e-03 -2.550e-04 -7.000e-04 -1.644e-04  3.060e-04
 2.2930e+00 -1.820e-02  2.360e-03  3.500e-03  3.450e-02 -3.230e-03 -2.550e-04 -7.000e-04 -1.645e-04  3.070e-04
 2.3000e+00 -1.820e-02  2.360e-03  3.500e-03  3.450e-02 -3.230e-03 -2.550e-04 -7.000e-04 -1.645e-04  3.070e-04
 2.3070e+00 -1.820e-02  2.370e-03  3.500e-03  3.450e-02 -3.230e-03 -2.550e-04 -7.000e-04 -1.646e-04  3.070e-04
 2.3140e+00 -1.820e-02  2.370e-03  3.510e-03  3.450e-02 -3.230e-03 -2.550e-04 -7.000e-04 -1.647e-04  3.080e-04
 2.3210e+00 -1.820e-02  2.370e-03  3.510e-03  3.450e-02 -3.230e-03 -2.550e-04 -7.000e-04 -1.647e-04  3.080e-04
 2.3280e+00 -1.820e-02  2.370e-03  3.510e-03  3.450e-02 -3.230e-03 -2.560e-04 -7.000e-04 -1.648e-04  3.080e-04
 2.3350e+00 -1.820e-02  2.370e-03  3.510e-03  3.450e-02 -3.230e-03 -2.560e-04 -7.000e-04 -1.649e-04  3.080e-04
 2.3420e+00 -1.820e-02  2.370e-03  3.510e-03  3.460e-02 -3.230e-03 -2.560e-04 -7.000e-04 -1.649e-04  3.080e-04
 2.3490e+00 -1.820e-02  2.370e-03  3.510e-03  3.460e-02 -3.230e-03 -2.550e-04 -7.000e-04 -1.650e-04  3.080e-04
 2.3560e+00 -1.820e-02  2.370e-03  3.510e-03  3.460e-02 -3.230e-03 -2.550e-04 -7.000e-04 -1.650e-04  3.080e-04
 2.3630e+00 -1.820e-02  2.370e-03  3.510e-03  3.460e-02 -3.230e-03 -2.550e-04 -7.000e-04 -1.651e-04  3.080e-04
 2.3700e+00 -1.820e-02  2.370e-03  3.510e-03  3.460e-02 -3.230e-03 -2.550e-04 -7.000e-04 -1.652e-04  3.090e-04
 2.3770e+00 -1.820e-02  2.370e-03  3.510e-03  3.460e-02 -3.230e-03 -2.550e-04 -7.000e-04 -1.652e-04  3.090e-04
 2.3830e+00 -1.820e-02  2.370e-03  3.520e-03  3.460e-02 -3.230e-03 -2.560e-04 -7.000e-04 -1.653e-04  3.090e-04
 2.3900e+00 -1.820e-02  2.370e-03  3.520e-03  3.460e-02 -3.230e-03 -2.550e-04 -7.000e-04 -1.654e-04  3.090e-04
 2.3970e+00 -1.820e-02  2.370e-03  3.520e-03  3.460e-02 -3.230e-03 -2.550e-04 -7.000e-04 -1.655e-04  3.090e-04
 2.4040e+00 -1.820e-02  2.370e-03  3.520e-03  3.460e-02 -3.230e-03 -2.560e-04 -7.000e-04 -1.655e-04  3.090e-04
 2.4110e+00 -1.820e-02  2.370e-03  3.520e-03  3.460e-02 -3.230e-03 -2.560e-04 -7.000e-04 -1.656e-04  3.090e-04
 2.4180e+00 -1.820e-02  2.380e-03  3.520e-03  3.470e-02 -3.240e-03 -2.560e-04 -7.000e-04 -1.657e-04  3.090e-04
 2.4250e+00 -1.830e-02  2.380e-03  3.520e-03  3.470e-02 -3.240e-03 -2.560e-04 -7.000e-04 -1.657e-04  3.090e-04
 2.4320e+00 -1.830e-02  2.380e-03  3.520e-03  3.470e-02 -3.240e-03 -2.550e-04 -7.000e-04 -1.657e-04  3.090e-04
 2.4390e+00 -1.830e-02  2.380e-03  3.520e-03  3.470e-02 -3.240e-03 -2.550e-04 -7.000e-04 -1.658e-04  3.090e-04
 2.4460e+00 -1.830e-02  2.380e-03  3.520e-03  3.470e-02 -3.240e-03 -2.550e-04 -7.000e-04 -1.659e-04  3.100e-04
 2.4530e+00 -1.830e-02  2.380e-03  3.520e-03  3.470e-02 -3.240e-03 -2.550e-04 -7.000e-04 -1.660e-04  3.090e-04
 2.4600e+00 -1.830e-02  2.380e-03  3.530e-03  3.470e-02 -3.240e-03 -2.560e-04 -7.000e-04 -1.660e-04  3.090e-04
 2.4670e+00 -1.830e-02  2.380e-03  3.530e-03  3.470e-02 -3.240e-03 -2.560e-04 -7.000e-04 -1.661e-04  3.090e-04
 2.4740e+00 -1.830e-02  2.380e-03  3.530e-03  3.470e-02 -3.240e-03 -2.560e-04 -7.000e-04 -1.661e-04  3.100e-04
 2.4810e+00 -1.830e-02  2.380e-03  3.530e-03  3.470e-02 -3.240e-03 -2.570e-04 -7.000e-04 -1.662e-04  3.090e-04
 2.4880e+00 -1.830e-02  2.380e-03  3.530e-03  3.470e-02 -3.240e-03 -2.560e-04 -7.000e-04 -1.663e-04  3.090e-04
 2.4950e+00 -1.830e-02  2.380e-03  3.530e-03  3.470e-02 -3.240e-03 -2.570e-04 -7.000e-04 -1.663e-04  3.100e-04
 2.5020e+00 -1.830e-02  2.380e-03  3.530e-03  3.480e-02 -3.240e-03 -2.570e-04 -7.000e-04 -1.664e-04  3.100e-04
 2.5090e+00 -1.830e-02  2.380e-03  3.530e-03  3.480e-02 -3.240e-03 -2.560e-04 -7.000e-04 -1.665e-04  3.100e-04
 2.5160e+00 -1.830e-02  2.380e-03  3.530e-03  3.480e-02 -3.240e-03 -2.570e-04 -7.000e-04 -1.665e-04  3.100e-04
 2.5230e+00 -1.830e-02  2.380e-03  3.530e-03  3.480e-02 -3.240e-03 -2.570e-04 -7.000e-04 -1.666e-04  3.100e-04
 2.5300e+00 -1.830e-02  2.380e-03  3.530e-03  3.480e-02 -3.240e-03 -2.570e-04 -7.000e-04 -1.666e-04  3.090e-04
 2.5370e+00 -1.830e-02  2.390e-03  3.540e-03  3.480e-02 -3.240e-03 -2.570e-04 -7.000e-04 -1.667e-04  3.090e-04
 2.5440e+00 -1.830e-02  2.390e-03  3.540e-03  3.480e-02 -3.240e-03 -2.570e-04 -7.000e-04 -1.668e-04  3.090e-04
 2.5510e+00 -1.830e-02  2.390e-03  3.540e-03  3.480e-02 -3.240e-03 -2.570e-04 -7.000e-04 -1.668e-04  3.090e-04
 2.5580e+00 -1.830e-02  2.390e-03  3.540e-03  3.480e-02 -3.240e-03 -2.570e-04 -7.000e-04 -1.669e-04  3.090e-04
 2.5650e+00 -1.830e-02  2.390e-03  3.540e-03  3.480e-02 -3.240e-03 -2.570e-04 -7.000e-04 -1.670e-04  3.090e-04
 2.5720e+00 -1.840e-02  2.390e-03  3.540e-03  3.480e-02 -3.240e-03 -2.570e-04 -7.000e-04 -1.670e-04  3.090e-04
 2.5790e+00 -1.840e-02  2.390e-03  3.540e-03  3.480e-02 -3.240e-03 -2.560e-04 -7.000e-04 -1.670e-04  3.090e-04
 2.5860e+00 -1.840e-02  2.390e-03  3.540e-03  3.480e-02 -3.240e-03 -2.560e-04 -7.000e-04 -1.671e-04  3.090e-04
 2.5930e+00 -1.840e-02  2.390e-03  3.540e-03  3.490e-02 -3.240e-03 -2.560e-04 -7.000e-04 -1.671e-04  3.090e-04
 2.6000e+00 -1.840e-02  2.390e-03  3.540e-03  3.490e-02 -3.240e-03 -2.560e-04 -7.000e-04 -1.672e-04  3.090e-04
 2.6070e+00 -1.840e-02  2.390e-03  3.540e-03  3.490e-02 -3.240e-03 -2.570e-04 -7.000e-04 -1.673e-04  3.090e-04
 2.6140e+00 -1.840e-02  2.390e-03  3.550e-03  3.490e-02 -3.240e-03 -2.560e-04 -7.000e-04 -1.673e-04  3.090e-04
 2.6210e+00 -1.840e-02  2.390e-03  3.550e-03  3.490e-02 -3.240e-03 -2.570e-04 -7.000e-04 -1.673e-04  3.090e-04
 2.6280e+00 -1.840e-02  2.390e-03  3.550e-03  3.490e-02 -3.240e-03 -2.570e-04 -7.000e-04 -1.674e-04  3.090e-04
 2.6350e+00 -1.840e-02  2.390e-03  3.550e-03  3.490e-02 -3.240e-03 -2.570e-04 -7.000e-04 -1.674e-04  3.090e-04
 2.6420e+00 -1.840e-02  2.390e-03  3.550e-03  3.490e-02 -3.240e-03 -2.580e-04 -7.000e-04 -1.674e-04  3.090e-04
 2.6490e+00 -1.840e-02  2.390e-03  3.550e-03  3.490e-02 -3.240e-03 -2.580e-04 -7.000e-04 -1.675e-04  3.090e-04
 2.6560e+00 -1.840e-02  2.390e-03  3.550e-03  3.490e-02 -3.240e-03 -2.580e-04 -7.000e-04 -1.675e-04  3.090e-04
 2.6630e+00 -1.840e-02  2.400e-03  3.550e-03  3.490e-02 -3.240e-03 -2.570e-04 -7.000e-04 -1.675e-04  3.090e-04
 2.6700e+00 -1.840e-02  2.400e-03  3.550e-03  3.490e-02 -3.240e-03 -2.570e-04 -7.000e-04 -1.675e-04  3.090e-04
 2.6770e+00 -1.840e-02  2.400e-03  3.550e-03  3.490e-02 -3.240e-03 -2.570e-04 -7.000e-04 -1.676e-04  3.090e-04
 2.6840e+00 -1.840e-02  2.400e-03  3.550e-03  3.490e-02 -3.240e-03 -2.570e-04 -7.000e-04 -1.676e-04  3.090e-04
 2.6910e+00 -1.840e-02  2.400e-03  3.550e-03  3.500e-02 -3.240e-03 -2.560e-04 -7.000e-04 -1.677e-04  3.090e-04
 2.6980e+00 -1.840e-02  2.400e-03  3.560e-03  3.500e-02 -3.240e-03 -2.570e-04 -7.000e-04 -1.677e-04  3.090e-04
 2.7050e+00 -1.840e-02  2.400e-03  3.560e-03  3.500e-02 -3.240e-03 -2.560e-04 -7.000e-04 -1.678e-04  3.100e-04
 2.7120e+00 -1.840e-02  2.400e-03  3.560e-03  3.500e-02 -3.240e-03 -2.560e-04 -7.000e-04 -1.678e-04  3.100e-04
 2.7190e+00 -1.840e-02  2.400e-03  3.560e-03  3.500e-02 -3.240e-03 -2.570e-04 -7.000e-04 -1.678e-04  3.100e-04
 2.7260e+00 -1.840e-02  2.400e-03  3.560e-03  3.500e-02 -3.250e-03 -2.570e-04 -7.000e-04 -1.678e-04  3.100e-04
 2.7330e+00 -1.850e-02  2.400e-03  3.560e-03  3.500e-02 -3.250e-03 -2.570e-04 -7.000e-04 -1.679e-04  3.100e-04
 2.7390e+00 -1.850e-02  2.400e-03  3.560e-03  3.500e-02 -3.250e-03 -2.570e-04 -7.000e-04 -1.679e-04  3.110e-04
 2.7460e+00 -1.850e-02  2.400e-03  3.560e-03  3.500e-02 -3.250e-03 -2.570e-04 -7.000e-04 -1.680e-04  3.110e-04
 2.7530e+00 -1.850e-02  2.400e-03  3.560e-03  3.500e-02 -3.250e-03 -2.570e-04 -7.000e-04 -1.681e-04  3.110e-04
 2.7600e+00 -1.850e-02  2.400e-03  3.560e-03  3.500e-02 -3.250e-03 -2.570e-04 -7.000e-04 -1.682e-04  3.110e-04
 2.7670e+00 -1.850e-02  2.400e-03  3.560e-03  3.500e-02 -3.250e-03 -2.580e-04 -7.000e-04 -1.682e-04  3.110e-04
 2.7740e+00 -1.850e-02  2.400e-03  3.560e-03  3.500e-02 -3.250e-03 -2.580e-04 -7.000e-04 -1.683e-04  3.110e-04
 2.7810e+00 -1.850e-02  2.400e-03  3.560e-03  3.500e-02 -3.250e-03 -2.580e-04 -7.000e-04 -1.683e-04  3.110e-04
 2.7880e+00 -1.850e-02  2.400e-03  3.570e-03  3.510e-02 -3.250e-03 -2.570e-04 -7.000e-04 -1.684e-04  3.110e-04
 2.7950e+00 -1.850e-02  2.410e-03  3.570e-03  3.510e-02 -3.250e-03 -2.570e-04 -7.000e-04 -1.684e-04  3.110e-04
 2.8020e+00 -1.850e-02  2.410e-03  3.570e-03  3.510e-02 -3.250e-03 -2.570e-04 -7.000e-04 -1.685e-04  3.120e-04
 2.8090e+00 -1.850e-02  2.410e-03  3.570e-03  3.510e-02 -3.250e-03 -2.570e-04 -7.000e-04 -1.686e-04  3.120e-04
 2.8160e+00 -1.850e-02  2.410e-03  3.570e-03  3.510e-02 -3.250e-03 -2.570e-04 -7.000e-04 -1.686e-04  3.110e-04
 2.8230e+00 -1.850e-02  2.410e-03  3.570e-03  3.510e-02 -3.250e-03 -2.560e-04 -7.000e-04 -1.687e-04  3.110e-04
 2.8300e+00 -1.850e-02  2.410e-03  3.570e-03  3.510e-02 -3.250e-03 -2.560e-04 -7.000e-04 -1.687e-04  3.110e-04
 2.8370e+00 -1.850e-02  2.410e-03  3.570e-03  3.510e-02 -3.250e-03 -2.570e-04 -7.000e-04 -1.688e-04  3.110e-04
 2.8440e+00 -1.850e-02  2.410e-03  3.570e-03  3.510e-02 -3.250e-03 -2.560e-04 -7.000e-04 -1.689e-04  3.110e-04
 2.8510e+00 -1.850e-02  2.410e-03  3.570e-03  3.510e-02 -3.250e-03 -2.560e-04 -7.000e-04 -1.689e-04  3.110e-04
 2.8580e+00 -1.850e-02  2.410e-03  3.570e-03  3.510e-02 -3.250e-03 -2.560e-04 -7.000e-04 -1.690e-04  3.120e-04
 2.8650e+00 -1.850e-02  2.410e-03  3.570e-03  3.510e-02 -3.250e-03 -2.560e-04 -7.000e-04 -1.690e-04  3.120e-04
 2.8720e+00 -1.850e-02  2.410e-03  3.570e-03  3.510e-02 -3.250e-03 -2.570e-04 -7.000e-04 -1.690e-04  3.120e-04
 2.8790e+00 -1.850e-02  2.410e-03  3.580e-03  3.510e-02 -3.250e-03 -2.570e-04 -7.000e-04 -1.691e-04  3.120e-04
 2.8860e+00 -1.850e-02  2.410e-03  3.580e-03  3.510e-02 -3.250e-03 -2.570e-04 -7.000e-04 -1.691e-04  3.120e-04
 2.8930e+00 -1.850e-02  2.410e-03  3.580e-03  3.520e-02 -3.250e-03 -2.570e-04 -7.000e-04 -1.692e-04  3.120e-04
 2.9000e+00 -1.850e-02  2.410e-03  3.580e-03  3.520e-02 -3.250e-03 -2.570e-04 -7.000e-04 -1.692e-04  3.120e-04
 2.9070e+00 -1.860e-02  2.410e-03  3.580e-03  3.520e-02 -3.250e-03 -2.570e-04 -7.000e-04 -1.693e-04  3.120e-04
 2.9140e+00 -1.860e-02  2.410e-03  3.580e-03  3.520e-02 -3.250e-03 -2.570e-04 -7.000e-04 -1.694e-04  3.120e-04
 2.9210e+00 -1.860e-02  2.410e-03  3.580e-03  3.520e-02 -3.250e-03 -2.580e-04 -7.000e-04 -1.694e-04  3.120e-04
 2.9280e+00 -1.860e-02  2.410e-03  3.580e-03  3.520e-02 -3.250e-03 -2.580e-04 -7.000e-04 -1.695e-04  3.120e-04
 2.9350e+00 -1.860e-02  2.410e-03  3.580e-03  3.520e-02 -3.250e-03 -2.580e-04 -7.000e-04 -1.695e-04  3.120e-04
 2.9420e+00 -1.860e-02  2.420e-03  3.580e-03  3.520e-02 -3.250e-03 -2.580e-04 -7.000e-04 -1.696e-04  3.120e-04
 2.9490e+00 -1.860e-02  2.420e-03  3.580e-03  3.520e-02 -3.250e-03 -2.580e-04 -7.000e-04 -1.697e-04  3.130e-04
 2.9550e+00 -1.860e-02  2.420e-03  3.580e-03  3.520e-02 -3.250e-03 -2.580e-04 -7.000e-04 -1.697e-04  3.130e-04
 2.9620e+00 -1.860e-02  2.420e-03  3.580e-03  3.520e-02 -3.250e-03 -2.580e-04 -7.000e-04 -1.697e-04  3.130e-04
 2.9690e+00 -1.860e-02  2.420e-03  3.590e-03  3.520e-02 -3.250e-03 -2.580e-04 -7.000e-04 -1.698e-04  3.130e-04
 2.9760e+00 -1.860e-02  2.420e-03  3.590e-03  3.520e-02 -3.250e-03 -2.580e-04 -7.000e-04 -1.698e-04  3.130e-04
 2.9830e+00 -1.860e-02  2.420e-03  3.590e-03  3.520e-02 -3.250e-03 -2.580e-04 -7.000e-04 -1.699e-04  3.140e-04
 2.9900e+00 -1.860e-02  2.420e-03  3.590e-03  3.520e-02 -3.250e-03 -2.580e-04 -7.000e-04 -1.700e-04  3.140e-04
 2.9970e+00 -1.860e-02  2.420e-03  3.590e-03  3.520e-02 -3.250e-03 -2.580e-04 -7.000e-04 -1.701e-04  3.140e-04
 3.0040e+00 -1.860e-02  2.420e-03  3.590e-03  3.530e-02 -3.250e-03 -2.580e-04 -7.000e-04 -1.701e-04  3.140e-04
