1 0 22.7857 14.857 0.000000 1.008333 1.46628 194.000000 43.000000 0
2 0.062098 22.9157 14.338 1.000000 1.008333 1.46628 194.000000 43.000000 -47
3 0.11136 23.0457 13.818 2.000000 1.008333 1.46628 194.000000 43.000000 -47
4 0.145386 23.1757 13.298 3.000000 1.008333 1.46628 194.000000 43.000000 -47
5 0.149273 23.3057 12.777 4.000000 1.008333 1.46628 194.000000 43.000000 -47
6 0.123275 23.4357 12.257 5.000000 1.008333 1.46628 194.000000 43.000000 -47
7 0.081672 23.5657 11.737 6.000000 1.008333 1.46628 194.000000 43.000000 -47
8 0.040895 23.6957 11.216 7.000000 1.008333 1.46628 194.000000 43.000000 -47
9 0.012653 23.8257 10.696 8.000000 1.008333 1.46628 194.000000 43.000000 -47
10 0.0007 23.9557 10.176 9.000000 1.008333 1.46628 194.000000 43.000000 -47
11 0 24.0857 9.656 10.000000 1.008333 1.46628 194.000000 43.000000 0
12 0 24.2157 9.135 11.000000 1.008333 1.46628 194.000000 43.000000 0
13 0 24.3457 8.615 12.000000 1.008333 1.46628 194.000000 43.000000 0
14 0 24.4757 8.095 13.000000 1.008333 1.46628 194.000000 43.000000 0
15 0 24.6057 7.575 14.000000 1.008333 1.46628 194.000000 43.000000 0
16 0.000275 21.8057 14.613 0.000000 1.008333 1.46628 194.000000 43.000000 -137
17 0.102197 21.9357 14.094 1.000000 1.008333 1.46628 194.000000 43.000000 -47
18 0.176119 22.0657 13.574 2.000000 1.008333 1.46628 194.000000 43.000000 -47
19 0.234506 22.1957 13.054 3.000000 1.008333 1.46628 194.000000 43.000000 -47
20 0.246113 22.3257 12.533 4.000000 1.008333 1.46628 194.000000 43.000000 -47
21 0.204675 22.4557 12.013 5.000000 1.008333 1.46628 194.000000 43.000000 -47
22 0.134071 22.5857 11.493 6.000000 1.008333 1.46628 194.000000 43.000000 -47
23 0.064492 22.7157 10.972 7.000000 1.008333 1.46628 194.000000 43.000000 -47
24 0.017828 22.8457 10.452 8.000000 1.008333 1.46628 194.000000 43.000000 -47
25 0.00047 22.9757 9.932 9.000000 1.008333 1.46628 194.000000 43.000000 -47
26 0 23.1057 9.412 10.000000 1.008333 1.46628 194.000000 43.000000 0
27 0 23.2357 8.891 11.000000 1.008333 1.46628 194.000000 43.000000 0
28 0 23.3657 8.371 12.000000 1.008333 1.46628 194.000000 43.000000 0
29 0 23.4957 7.851 13.000000 1.008333 1.46628 194.000000 43.000000 0
30 0 23.6257 7.331 14.000000 1.008333 1.46628 194.000000 43.000000 0
31 0.0557006 20.8257 14.369 0.000000 1.008333 1.46628 194.000000 43.000000 -100.437
32 0.139584 20.9557 13.85 1.000000 1.008333 1.46628 194.000000 43.000000 -47
33 0.196739 21.0857 13.33 2.000000 1.008333 1.46628 194.000000 43.000000 -47
34 0.262397 21.2157 12.81 3.000000 1.008333 1.46628 194.000000 43.000000 -47
35 0.282767 21.3457 12.289 4.000000 1.008333 1.46628 194.000000 43.000000 -47
36 0.236854 21.4757 11.769 5.000000 1.008333 1.46628 194.000000 43.000000 -47
37 0.151988 21.6057 11.249 6.000000 1.008333 1.46628 194.000000 43.000000 -47
38 0.068141 21.7357 10.728 7.000000 1.008333 1.46628 194.000000 43.000000 -47
39 0.014873 21.8657 10.208 8.000000 1.008333 1.46628 194.000000 43.000000 -47
40 0 21.9957 9.688 9.000000 1.008333 1.46628 194.000000 43.000000 0
41 0 22.1257 9.168 10.000000 1.008333 1.46628 194.000000 43.000000 0
42 0 22.2557 8.647 11.000000 1.008333 1.46628 194.000000 43.000000 0
43 0 22.3857 8.127 12.000000 1.008333 1.46628 194.000000 43.000000 0
44 0 22.5157 7.607 13.000000 1.008333 1.46628 194.000000 43.000000 0
45 0 22.6457 7.087 14.000000 1.008333 1.46628 194.000000 43.000000 0
46 0.106749 19.8457 14.125 0.000000 1.008333 1.46628 194.000000 43.000000 -86.3419
47 0.187144 19.9757 13.606 1.000000 1.008333 1.46628 194.000000 43.000000 -47
48 0.203297 20.1057 13.086 2.000000 1.008333 1.46628 194.000000 43.000000 -47
49 0.258894 20.2357 12.566 3.000000 1.008333 1.46628 194.000000 43.000000 -47
50 0.283079 20.3657 12.045 4.000000 1.008333 1.46628 194.000000 43.000000 -47
51 0.237174 20.4957 11.525 5.000000 1.008333 1.46628 194.000000 43.000000 -47
52 0.147731 20.6257 11.005 6.000000 1.008333 1.46628 194.000000 43.000000 -47
53 0.060246 20.7557 10.484 7.000000 1.008333 1.46628 194.000000 43.000000 -47
54 0.008338 20.8857 9.964 8.000000 1.008333 1.46628 194.000000 43.000000 -47
55 0 21.0157 9.444 9.000000 1.008333 1.46628 194.000000 43.000000 0
56 0 21.1457 8.924 10.000000 1.008333 1.46628 194.000000 43.000000 0
57 0 21.2757 8.403 11.000000 1.008333 1.46628 194.000000 43.000000 0
58 0 21.4057 7.883 12.000000 1.008333 1.46628 194.000000 43.000000 0
59 0 21.5357 7.363 13.000000 1.008333 1.46628 194.000000 43.000000 0
60 0 21.6657 6.843 14.000000 1.008333 1.46628 194.000000 43.000000 0
61 0.184337 18.8757 13.881 0.000000 1.008333 1.46628 194.000000 43.000000 -73.2346
62 0.272794 19.0057 13.362 1.000000 1.008333 1.46628 194.000000 43.000000 -58.1917
63 0.234309 19.1357 12.842 2.000000 1.008333 1.46628 194.000000 43.000000 -47
64 0.268088 19.2657 12.322 3.000000 1.008333 1.46628 194.000000 43.000000 -47
65 0.284819 19.3857 11.801 4.000000 1.008333 1.46628 194.000000 43.000000 -47
66 0.2339 19.5157 11.281 5.000000 1.008333 1.46628 194.000000 43.000000 -47
67 0.141621 19.6457 10.761 6.000000 1.008333 1.46628 194.000000 43.000000 -47
68 0.054813 19.7757 10.24 7.000000 1.008333 1.46628 194.000000 43.000000 -47
69 0.005938 19.9057 9.72 8.000000 1.008333 1.46628 194.000000 43.000000 -47
70 0 20.0357 9.2 9.000000 1.008333 1.46628 194.000000 43.000000 0
71 0 20.1657 8.68 10.000000 1.008333 1.46628 194.000000 43.000000 0
72 0.002573 20.2957 8.159 11.000000 1.008333 1.46628 194.000000 43.000000 -47
73 0.005261 20.4257 7.639 12.000000 1.008333 1.46628 194.000000 43.000000 -47
74 0.00575 20.5557 7.119 13.000000 1.008333 1.46628 194.000000 43.000000 -47
75 0.003495 20.6857 6.599 14.000000 1.008333 1.46628 194.000000 43.000000 -47
76 0.318954 17.8957 13.637 0.000000 1.008333 1.46628 194.000000 43.000000 -77.8906
77 0.402831 18.0257 13.118 1.000000 1.008333 1.46628 194.000000 43.000000 -72.4918
78 0.312852 18.1557 12.598 2.000000 1.008333 1.46628 194.000000 43.000000 -47
79 0.326132 18.2857 12.078 3.000000 1.008333 1.46628 194.000000 43.000000 -47
80 0.31872 18.4157 11.557 4.000000 1.008333 1.46628 194.000000 43.000000 -47
81 0.250249 18.5457 11.037 5.000000 1.008333 1.46628 194.000000 43.000000 -47
82 0.151508 18.6757 10.517 6.000000 1.008333 1.46628 194.000000 43.000000 -47
83 0.065683 18.8057 9.996 7.000000 1.008333 1.46628 194.000000 43.000000 -47
84 0.018615 18.9357 9.476 8.000000 1.008333 1.46628 194.000000 43.000000 -47
85 0.010356 19.0657 8.956 9.000000 1.008333 1.46628 194.000000 43.000000 -47
86 0.013928 19.1957 8.436 10.000000 1.008333 1.46628 194.000000 43.000000 -47
87 0.020842 19.3157 7.915 11.000000 1.008333 1.46628 194.000000 43.000000 -47
88 0.025644 19.4457 7.395 12.000000 1.008333 1.46628 194.000000 43.000000 -47
89 0.02406 19.5757 6.875 13.000000 1.008333 1.46628 194.000000 43.000000 -47
90 0.014637 19.7057 6.355 14.000000 1.008333 1.46628 194.000000 43.000000 -47
91 0.388953 16.9157 13.393 0.000000 1.008333 1.46628 194.000000 43.000000 -97.0072
92 0.542035 17.0457 12.874 1.000000 1.008333 1.46628 194.000000 43.000000 -87.2972
93 0.439524 17.1757 12.354 2.000000 1.008333 1.46628 194.000000 43.000000 -53.9013
94 0.439024 17.3057 11.834 3.000000 1.008333 1.46628 194.000000 43.000000 -47
95 0.389184 17.4357 11.313 4.000000 1.008333 1.46628 194.000000 43.000000 -47
96 0.292074 17.5657 10.793 5.000000 1.008333 1.46628 194.000000 43.000000 -47
97 0.185117 17.6957 10.273 6.000000 1.008333 1.46628 194.000000 43.000000 -47
98 0.100899 17.8257 9.752 7.000000 1.008333 1.46628 194.000000 43.000000 -47
99 0.055063 17.9557 9.232 8.000000 1.008333 1.46628 194.000000 43.000000 -47
100 0.044202 18.0857 8.712 9.000000 1.008333 1.46628 194.000000 43.000000 -47
101 0.048946 18.2157 8.192 10.000000 1.008333 1.46628 194.000000 43.000000 -47
102 0.05758 18.3457 7.671 11.000000 1.008333 1.46628 194.000000 43.000000 -47
103 0.061539 18.4757 7.151 12.000000 1.008333 1.46628 194.000000 43.000000 -47
104 0.054231 18.6057 6.631 13.000000 1.008333 1.46628 194.000000 43.000000 -47
105 0.032669 18.7257 6.111 14.000000 1.008333 1.46628 194.000000 43.000000 -47
106 0.481976 15.9357 13.149 0.000000 1.008333 1.46628 194.000000 43.000000 -124.85
107 0.736356 16.0657 12.63 1.000000 1.008333 1.46628 194.000000 43.000000 -100.365
108 0.605923 16.1957 12.11 2.000000 1.008333 1.46628 194.000000 43.000000 -63.846
109 0.567958 16.3257 11.59 3.000000 1.008333 1.46628 194.000000 43.000000 -47
110 0.469074 16.4557 11.069 4.000000 1.008333 1.46628 194.000000 43.000000 -47
111 0.347893 16.5857 10.549 5.000000 1.008333 1.46628 194.000000 43.000000 -47
112 0.239727 16.7157 10.029 6.000000 1.008333 1.46628 194.000000 43.000000 -47
113 0.159817 16.8457 9.508 7.000000 1.008333 1.46628 194.000000 43.000000 -47
114 0.113909 16.9757 8.988 8.000000 1.008333 1.46628 194.000000 43.000000 -47
115 0.09825 17.1057 8.468 9.000000 1.008333 1.46628 194.000000 43.000000 -47
116 0.099579 17.2357 7.948 10.000000 1.008333 1.46628 194.000000 43.000000 -47
117 0.105605 17.3657 7.427 11.000000 1.008333 1.46628 194.000000 43.000000 -47
118 0.105348 17.4957 6.907 12.000000 1.008333 1.46628 194.000000 43.000000 -47
119 0.089715 17.6257 6.387 13.000000 1.008333 1.46628 194.000000 43.000000 -47
120 0.053618 17.7557 5.867 14.000000 1.008333 1.46628 194.000000 43.000000 -47
121 0.752815 14.9557 12.905 0.000000 1.008333 1.46628 194.000000 43.000000 -133.079
122 1.03539 15.0857 12.386 1.000000 1.008333 1.46628 194.000000 43.000000 -107.901
123 0.794058 15.2157 11.866 2.000000 1.008333 1.46628 194.000000 43.000000 -76.8783
124 0.65391 15.3457 11.346 3.000000 1.008333 1.46628 194.000000 43.000000 -51.9432
125 0.526052 15.4757 10.825 4.000000 1.008333 1.46628 194.000000 43.000000 -47
126 0.406213 15.6057 10.305 5.000000 1.008333 1.46628 194.000000 43.000000 -47
127 0.309828 15.7357 9.785 6.000000 1.008333 1.46628 194.000000 43.000000 -47
128 0.234999 15.8657 9.264 7.000000 1.008333 1.46628 194.000000 43.000000 -47
129 0.184091 15.9957 8.744 8.000000 1.008333 1.46628 194.000000 43.000000 -47
130 0.158281 16.1257 8.224 9.000000 1.008333 1.46628 194.000000 43.000000 -47
131 0.150824 16.2557 7.704 10.000000 1.008333 1.46628 194.000000 43.000000 -47
132 0.150325 16.3857 7.183 11.000000 1.008333 1.46628 194.000000 43.000000 -47
133 0.143946 16.5157 6.663 12.000000 1.008333 1.46628 194.000000 43.000000 -47
134 0.120164 16.6457 6.143 13.000000 1.008333 1.46628 194.000000 43.000000 -47
135 0.071539 16.7757 5.623 14.000000 1.008333 1.46628 194.000000 43.000000 -47
136 1.17865 13.9757 12.661 0.000000 1.008333 1.46628 194.000000 43.000000 -131.579
137 1.48217 14.1057 12.142 1.000000 1.008333 1.46628 194.000000 43.000000 -112.483
138 1.1289 14.2357 11.622 2.000000 1.008333 1.46628 194.000000 43.000000 -94.8245
139 0.819836 14.3657 11.102 3.000000 1.008333 1.46628 194.000000 43.000000 -79.1977
140 0.635367 14.4957 10.581 4.000000 1.008333 1.46628 194.000000 43.000000 -72.0511
141 0.509137 14.6257 10.061 5.000000 1.008333 1.46628 194.000000 43.000000 -66.8302
142 0.403884 14.7557 9.541 6.000000 1.008333 1.46628 194.000000 43.000000 -58.9215
143 0.315386 14.8857 9.02 7.000000 1.008333 1.46628 194.000000 43.000000 -49.7639
144 0.247597 15.0157 8.5 8.000000 1.008333 1.46628 194.000000 43.000000 -47
145 0.203735 15.1457 7.98 9.000000 1.008333 1.46628 194.000000 43.000000 -47
146 0.182939 15.2757 7.46 10.000000 1.008333 1.46628 194.000000 43.000000 -47
147 0.174148 15.4057 6.939 11.000000 1.008333 1.46628 194.000000 43.000000 -47
148 0.162442 15.5357 6.419 12.000000 1.008333 1.46628 194.000000 43.000000 -47
149 0.134182 15.6657 5.899 13.000000 1.008333 1.46628 194.000000 43.000000 -47
150 0.07994 15.7957 5.379 14.000000 1.008333 1.46628 194.000000 43.000000 -47
151 1.52933 13.0057 12.417 0.000000 1.008333 1.46628 194.000000 43.000000 -116.145
152 1.93234 13.1357 11.898 1.000000 1.008333 1.46628 194.000000 43.000000 -107.669
153 1.69769 13.2657 11.378 2.000000 1.008333 1.46628 194.000000 43.000000 -102.896
154 1.38773 13.3957 10.858 3.000000 1.008333 1.46628 194.000000 43.000000 -100.508
155 1.15692 13.5157 10.337 4.000000 1.008333 1.46628 194.000000 43.000000 -99.7338
156 0.946774 13.6457 9.817 5.000000 1.008333 1.46628 194.000000 43.000000 -97.5462
157 0.713621 13.7757 9.297 6.000000 1.008333 1.46628 194.000000 43.000000 -92.7528
158 0.486571 13.9057 8.776 7.000000 1.008333 1.46628 194.000000 43.000000 -84.7354
159 0.316667 14.0357 8.256 8.000000 1.008333 1.46628 194.000000 43.000000 -73.448
160 0.217566 14.1657 7.736 9.000000 1.008333 1.46628 194.000000 43.000000 -57.4429
161 0.178326 14.2957 7.216 10.000000 1.008333 1.46628 194.000000 43.000000 -47
162 0.162809 14.4257 6.695 11.000000 1.008333 1.46628 194.000000 43.000000 -47
163 0.14938 14.5557 6.175 12.000000 1.008333 1.46628 194.000000 43.000000 -47
164 0.123032 14.6857 5.655 13.000000 1.008333 1.46628 194.000000 43.000000 -47
165 0.073653 14.8157 5.135 14.000000 1.008333 1.46628 194.000000 43.000000 -47
166 1.50941 12.0257 12.173 0.000000 1.008333 1.46628 194.000000 43.000000 -97.6279
167 2.26987 12.1557 11.654 1.000000 1.008333 1.46628 194.000000 43.000000 -97.1459
168 2.31628 12.2857 11.134 2.000000 1.008333 1.46628 194.000000 43.000000 -99.4464
169 2.14671 12.4157 10.614 3.000000 1.008333 1.46628 194.000000 43.000000 -103.329
170 1.96335 12.5457 10.093 4.000000 1.008333 1.46628 194.000000 43.000000 -107.053
171 1.71837 12.6757 9.573 5.000000 1.008333 1.46628 194.000000 43.000000 -109.409
172 1.37237 12.8057 9.053 6.000000 1.008333 1.46628 194.000000 43.000000 -110.616
173 0.971282 12.9357 8.532 7.000000 1.008333 1.46628 194.000000 43.000000 -110.895
174 0.596199 13.0557 8.012 8.000000 1.008333 1.46628 194.000000 43.000000 -109.374
175 0.305802 13.1857 7.492 9.000000 1.008333 1.46628 194.000000 43.000000 -101.321
176 0.149572 13.3157 6.972 10.000000 1.008333 1.46628 194.000000 43.000000 -75.6787
177 0.113659 13.4457 6.451 11.000000 1.008333 1.46628 194.000000 43.000000 -47
178 0.103379 13.5757 5.931 12.000000 1.008333 1.46628 194.000000 43.000000 -47
179 0.085474 13.7057 5.411 13.000000 1.008333 1.46628 194.000000 43.000000 -47
180 0.051415 13.8357 4.891 14.000000 1.008333 1.46628 194.000000 43.000000 -47
181 2.01554 11.0457 11.918 0.000000 0.983333 1.1547 167.700000 60.000000 -63.6795
182 2.912 10.9857 11.636 1.000000 0.983333 1.1547 167.700000 60.000000 -62.8348
183 2.95059 10.9257 11.354 2.000000 0.983333 1.1547 167.700000 60.000000 -64.8303
184 2.79825 10.8657 11.072 3.000000 0.983333 1.1547 167.700000 60.000000 -71.0689
185 2.66698 10.8057 10.79 4.000000 0.983333 1.1547 167.700000 60.000000 -78.7614
186 2.47222 10.7457 10.507 5.000000 0.983333 1.1547 167.700000 60.000000 -85.2798
187 2.12225 10.6857 10.225 6.000000 0.983333 1.1547 167.700000 60.000000 -90.2964
188 1.63563 10.6157 9.943 7.000000 0.983333 1.1547 167.700000 60.000000 -94.3392
189 1.10273 10.5557 9.661 8.000000 0.983333 1.1547 167.700000 60.000000 -97.6246
190 0.620448 10.4957 9.379 9.000000 0.983333 1.1547 167.700000 60.000000 -99.4429
191 0.264716 10.4357 9.097 10.000000 0.983333 1.1547 167.700000 60.000000 -96.5603
192 0.0748836 10.3757 8.815 11.000000 0.983333 1.1547 167.700000 60.000000 -71.6447
193 0.041817 10.3157 8.533 12.000000 0.983333 1.1547 167.700000 60.000000 -20
194 0.034728 10.2557 8.251 13.000000 0.983333 1.1547 167.700000 60.000000 -20
195 0.020309 10.1857 7.969 14.000000 0.983333 1.1547 167.700000 60.000000 -20
196 2.29982 10.0857 12.127 0.000000 0.983333 1.1547 167.700000 60.000000 -64.3064
197 3.46882 10.0257 11.845 1.000000 0.983333 1.1547 167.700000 60.000000 -62.1868
198 3.56938 9.96573 11.563 2.000000 0.983333 1.1547 167.700000 60.000000 -62.1755
199 3.39623 9.90573 11.281 3.000000 0.983333 1.1547 167.700000 60.000000 -67.6447
200 3.25535 9.84573 10.999 4.000000 0.983333 1.1547 167.700000 60.000000 -76.4765
201 3.08466 9.78573 10.716 5.000000 0.983333 1.1547 167.700000 60.000000 -85.0727
202 2.74864 9.71573 10.434 6.000000 0.983333 1.1547 167.700000 60.000000 -92.0983
203 2.22196 9.65573 10.152 7.000000 0.983333 1.1547 167.700000 60.000000 -97.8077
204 1.58632 9.59573 9.87 8.000000 0.983333 1.1547 167.700000 60.000000 -102.582
205 0.961803 9.53573 9.588 9.000000 0.983333 1.1547 167.700000 60.000000 -106.35
206 0.456268 9.47573 9.306 10.000000 0.983333 1.1547 167.700000 60.000000 -108.338
207 0.1356 9.41573 9.024 11.000000 0.983333 1.1547 167.700000 60.000000 -107.837
208 0.00757362 9.35573 8.742 12.000000 0.983333 1.1547 167.700000 60.000000 -69.0475
209 0.004599 9.28573 8.46 13.000000 0.983333 1.1547 167.700000 60.000000 -20
210 0.002363 9.22573 8.178 14.000000 0.983333 1.1547 167.700000 60.000000 -20
211 1.74119 9.12573 12.337 0.000000 0.983333 1.1547 167.700000 60.000000 -38.5572
212 3.78249 9.06573 12.055 1.000000 0.983333 1.1547 167.700000 60.000000 -59.1663
213 4.13965 9.00573 11.773 2.000000 0.983333 1.1547 167.700000 60.000000 -61.3548
214 3.94139 8.94573 11.491 3.000000 0.983333 1.1547 167.700000 60.000000 -66.2069
215 3.73026 8.88573 11.209 4.000000 0.983333 1.1547 167.700000 60.000000 -74.8033
216 3.52258 8.81573 10.926 5.000000 0.983333 1.1547 167.700000 60.000000 -84.1823
217 3.1774 8.75573 10.644 6.000000 0.983333 1.1547 167.700000 60.000000 -92.3646
218 2.63145 8.69573 10.362 7.000000 0.983333 1.1547 167.700000 60.000000 -99.0912
219 1.94193 8.63573 10.08 8.000000 0.983333 1.1547 167.700000 60.000000 -104.54
220 1.22989 8.57573 9.798 9.000000 0.983333 1.1547 167.700000 60.000000 -108.512
221 0.621661 8.51573 9.516 10.000000 0.983333 1.1547 167.700000 60.000000 -110
222 0.20977 8.45573 9.234 11.000000 0.983333 1.1547 167.700000 60.000000 -110
223 0.021394 8.39573 8.952 12.000000 0.983333 1.1547 167.700000 60.000000 -110
224 0 8.32573 8.67 13.000000 0.983333 1.1547 167.700000 60.000000 0
225 0 8.26573 8.388 14.000000 0.983333 1.1547 167.700000 60.000000 0
226 2.42476 8.16573 12.546 0.000000 0.983333 1.1547 167.700000 60.000000 -55.2169
227 4.46834 8.10573 12.264 1.000000 0.983333 1.1547 167.700000 60.000000 -60.6427
228 4.72219 8.04573 11.982 2.000000 0.983333 1.1547 167.700000 60.000000 -61.7796
229 4.40472 7.98573 11.7 3.000000 0.983333 1.1547 167.700000 60.000000 -65.88
230 4.07418 7.92573 11.418 4.000000 0.983333 1.1547 167.700000 60.000000 -73.8494
231 3.78141 7.85573 11.135 5.000000 0.983333 1.1547 167.700000 60.000000 -83.3936
232 3.39965 7.79573 10.853 6.000000 0.983333 1.1547 167.700000 60.000000 -92.3023
233 2.84364 7.73573 10.571 7.000000 0.983333 1.1547 167.700000 60.000000 -99.782
234 2.13954 7.67573 10.289 8.000000 0.983333 1.1547 167.700000 60.000000 -105.635
235 1.3918 7.61573 10.007 9.000000 0.983333 1.1547 167.700000 60.000000 -109.399
236 0.730707 7.55573 9.725 10.000000 0.983333 1.1547 167.700000 60.000000 -110
237 0.265384 7.49573 9.443 11.000000 0.983333 1.1547 167.700000 60.000000 -110
238 0.03791 7.42573 9.161 12.000000 0.983333 1.1547 167.700000 60.000000 -110
239 0 7.36573 8.879 13.000000 0.983333 1.1547 167.700000 60.000000 0
240 0 7.30573 8.597 14.000000 0.983333 1.1547 167.700000 60.000000 0
241 2.99854 7.20573 12.756 0.000000 0.983333 1.1547 167.700000 60.000000 -62.9686
242 4.82392 7.14573 12.474 1.000000 0.983333 1.1547 167.700000 60.000000 -61.9722
243 5.04116 7.08573 12.192 2.000000 0.983333 1.1547 167.700000 60.000000 -62.336
244 4.68011 7.02573 11.91 3.000000 0.983333 1.1547 167.700000 60.000000 -65.9563
245 4.25693 6.96573 11.628 4.000000 0.983333 1.1547 167.700000 60.000000 -73.3145
246 3.86979 6.89573 11.345 5.000000 0.983333 1.1547 167.700000 60.000000 -82.7912
247 3.43911 6.83573 11.063 6.000000 0.983333 1.1547 167.700000 60.000000 -92.2493
248 2.88116 6.77573 10.781 7.000000 0.983333 1.1547 167.700000 60.000000 -100.397
249 2.19275 6.71573 10.499 8.000000 0.983333 1.1547 167.700000 60.000000 -106.54
250 1.45144 6.65573 10.217 9.000000 0.983333 1.1547 167.700000 60.000000 -109.902
251 0.780876 6.59573 9.935 10.000000 0.983333 1.1547 167.700000 60.000000 -110
252 0.296672 6.53573 9.653 11.000000 0.983333 1.1547 167.700000 60.000000 -110
253 0.049802 6.46573 9.371 12.000000 0.983333 1.1547 167.700000 60.000000 -110
254 0 6.40573 9.089 13.000000 0.983333 1.1547 167.700000 60.000000 0
255 0 6.34573 8.807 14.000000 0.983333 1.1547 167.700000 60.000000 0
256 3.34523 6.24573 12.965 0.000000 0.983333 1.1547 167.700000 60.000000 -69.3774
257 4.9054 6.18573 12.683 1.000000 0.983333 1.1547 167.700000 60.000000 -64.4963
258 5.12067 6.12573 12.401 2.000000 0.983333 1.1547 167.700000 60.000000 -63.3217
259 4.77256 6.06573 12.119 3.000000 0.983333 1.1547 167.700000 60.000000 -66.0599
260 4.28711 5.99573 11.837 4.000000 0.983333 1.1547 167.700000 60.000000 -72.6839
261 3.81184 5.93573 11.554 5.000000 0.983333 1.1547 167.700000 60.000000 -82.0178
262 3.33306 5.87573 11.272 6.000000 0.983333 1.1547 167.700000 60.000000 -92.0299
263 2.784 5.81573 10.99 7.000000 0.983333 1.1547 167.700000 60.000000 -100.907
264 2.13485 5.75573 10.708 8.000000 0.983333 1.1547 167.700000 60.000000 -107.318
265 1.43115 5.69573 10.426 9.000000 0.983333 1.1547 167.700000 60.000000 -110
266 0.783747 5.63573 10.144 10.000000 0.983333 1.1547 167.700000 60.000000 -110
267 0.307017 5.56573 9.862 11.000000 0.983333 1.1547 167.700000 60.000000 -110
268 0.056473 5.50573 9.58 12.000000 0.983333 1.1547 167.700000 60.000000 -110
269 0 5.44573 9.298 13.000000 0.983333 1.1547 167.700000 60.000000 0
270 0 5.38573 9.016 14.000000 0.983333 1.1547 167.700000 60.000000 0
271 3.48583 5.28573 13.175 0.000000 0.983333 1.1547 167.700000 60.000000 -71.374
272 4.92132 5.22573 12.893 1.000000 0.983333 1.1547 167.700000 60.000000 -65.8576
273 5.10752 5.16573 12.611 2.000000 0.983333 1.1547 167.700000 60.000000 -63.5727
274 4.74764 5.09573 12.329 3.000000 0.983333 1.1547 167.700000 60.000000 -65.304
275 4.19759 5.03573 12.047 4.000000 0.983333 1.1547 167.700000 60.000000 -71.1588
276 3.64118 4.97573 11.764 5.000000 0.983333 1.1547 167.700000 60.000000 -80.3886
277 3.12371 4.91573 11.482 6.000000 0.983333 1.1547 167.700000 60.000000 -91.0702
278 2.59653 4.85573 11.2 7.000000 0.983333 1.1547 167.700000 60.000000 -100.864
279 2.00461 4.79573 10.918 8.000000 0.983333 1.1547 167.700000 60.000000 -107.769
280 1.36018 4.73573 10.636 9.000000 0.983333 1.1547 167.700000 60.000000 -110
281 0.757255 4.67573 10.354 10.000000 0.983333 1.1547 167.700000 60.000000 -110
282 0.304622 4.60573 10.072 11.000000 0.983333 1.1547 167.700000 60.000000 -110
283 0.060078 4.54573 9.79 12.000000 0.983333 1.1547 167.700000 60.000000 -110
284 0 4.48573 9.508 13.000000 0.983333 1.1547 167.700000 60.000000 0
285 0 4.42573 9.226 14.000000 0.983333 1.1547 167.700000 60.000000 0
286 3.64155 4.32573 13.384 0.000000 0.983333 1.1547 167.700000 60.000000 -72.2641
287 4.94383 4.26573 13.102 1.000000 0.983333 1.1547 167.700000 60.000000 -66.166
288 5.04548 4.20573 12.82 2.000000 0.983333 1.1547 167.700000 60.000000 -62.5926
289 4.63191 4.13573 12.538 3.000000 0.983333 1.1547 167.700000 60.000000 -63.0874
290 4.01662 4.07573 12.256 4.000000 0.983333 1.1547 167.700000 60.000000 -68.0701
291 3.3991 4.01573 11.973 5.000000 0.983333 1.1547 167.700000 60.000000 -77.1273
292 2.86097 3.95573 11.691 6.000000 0.983333 1.1547 167.700000 60.000000 -88.4492
293 2.36653 3.89573 11.409 7.000000 0.983333 1.1547 167.700000 60.000000 -99.2738
294 1.84136 3.83573 11.127 8.000000 0.983333 1.1547 167.700000 60.000000 -107.108
295 1.26824 3.77573 10.845 9.000000 0.983333 1.1547 167.700000 60.000000 -110
296 0.720105 3.70573 10.563 10.000000 0.983333 1.1547 167.700000 60.000000 -110
297 0.298572 3.64573 10.281 11.000000 0.983333 1.1547 167.700000 60.000000 -110
298 0.063411 3.58573 9.999 12.000000 0.983333 1.1547 167.700000 60.000000 -110
299 0 3.52573 9.717 13.000000 0.983333 1.1547 167.700000 60.000000 0
300 0 3.46573 9.435 14.000000 0.983333 1.1547 167.700000 60.000000 0
301 3.75639 3.36573 13.594 0.000000 0.983333 1.1547 167.700000 60.000000 -73.9824
302 4.92604 3.30573 13.312 1.000000 0.983333 1.1547 167.700000 60.000000 -66.691
303 4.88953 3.24573 13.03 2.000000 0.983333 1.1547 167.700000 60.000000 -60.9053
304 4.41551 3.17573 12.748 3.000000 0.983333 1.1547 167.700000 60.000000 -59.5244
305 3.77705 3.11573 12.466 4.000000 0.983333 1.1547 167.700000 60.000000 -63.2334
306 3.14912 3.05573 12.183 5.000000 0.983333 1.1547 167.700000 60.000000 -71.6521
307 2.61806 2.99573 11.901 6.000000 0.983333 1.1547 167.700000 60.000000 -83.01
308 2.15745 2.93573 11.619 7.000000 0.983333 1.1547 167.700000 60.000000 -94.379
309 1.68967 2.87573 11.337 8.000000 0.983333 1.1547 167.700000 60.000000 -103.192
310 1.18313 2.81573 11.055 9.000000 0.983333 1.1547 167.700000 60.000000 -108.108
311 0.688508 2.74573 10.773 10.000000 0.983333 1.1547 167.700000 60.000000 -110
312 0.296224 2.68573 10.491 11.000000 0.983333 1.1547 167.700000 60.000000 -110
313 0.068498 2.62573 10.209 12.000000 0.983333 1.1547 167.700000 60.000000 -110
314 0 2.56573 9.927 13.000000 0.983333 1.1547 167.700000 60.000000 0
315 0 2.50573 9.645 14.000000 0.983333 1.1547 167.700000 60.000000 0
316 3.71778 2.40573 13.803 0.000000 0.983333 1.1547 167.700000 60.000000 -76.5094
317 4.74162 2.34573 13.521 1.000000 0.983333 1.1547 167.700000 60.000000 -67.568
318 4.56073 2.27573 13.239 2.000000 0.983333 1.1547 167.700000 60.000000 -59.0063
319 4.09656 2.21573 12.957 3.000000 0.983333 1.1547 167.700000 60.000000 -55.1274
320 3.53946 2.15573 12.675 4.000000 0.983333 1.1547 167.700000 60.000000 -57.0436
321 2.98843 2.09573 12.392 5.000000 0.983333 1.1547 167.700000 60.000000 -64.0364
322 2.50573 2.03573 12.11 6.000000 0.983333 1.1547 167.700000 60.000000 -74.1137
323 2.07276 1.97573 11.828 7.000000 0.983333 1.1547 167.700000 60.000000 -84.4355
324 1.62924 1.91573 11.546 8.000000 0.983333 1.1547 167.700000 60.000000 -92.6694
325 1.15239 1.84573 11.264 9.000000 0.983333 1.1547 167.700000 60.000000 -97.7455
326 0.685256 1.78573 10.982 10.000000 0.983333 1.1547 167.700000 60.000000 -99.8605
327 0.307095 1.72573 10.7 11.000000 0.983333 1.1547 167.700000 60.000000 -99.3538
328 0.0779986 1.66573 10.418 12.000000 0.983333 1.1547 167.700000 60.000000 -96.4044
329 0 1.60573 10.136 13.000000 0.983333 1.1547 167.700000 60.000000 0
330 0 1.54573 9.854 14.000000 0.983333 1.1547 167.700000 60.000000 0
331 3.55013 1.44573 14.013 0.000000 0.983333 1.1547 167.700000 60.000000 -80.2587
332 4.29027 1.37573 13.731 1.000000 0.983333 1.1547 167.700000 60.000000 -69.1838
333 4.0485 1.31573 13.449 2.000000 0.983333 1.1547 167.700000 60.000000 -57.4445
334 3.74006 1.25573 13.167 3.000000 0.983333 1.1547 167.700000 60.000000 -50.6419
335 3.39997 1.19573 12.885 4.000000 0.983333 1.1547 167.700000 60.000000 -50.5676
336 3.02566 1.13573 12.602 5.000000 0.983333 1.1547 167.700000 60.000000 -55.7011
337 2.64622 1.07573 12.32 6.000000 0.983333 1.1547 167.700000 60.000000 -63.4392
338 2.24893 1.01573 12.038 7.000000 0.983333 1.1547 167.700000 60.000000 -71.0655
339 1.80041 0.95573 11.756 8.000000 0.983333 1.1547 167.700000 60.000000 -76.6038
340 1.30444 0.88573 11.474 9.000000 0.983333 1.1547 167.700000 60.000000 -78.9075
341 0.81767 0.82573 11.192 10.000000 0.983333 1.1547 167.700000 60.000000 -76.9645
342 0.422912 0.76573 10.91 11.000000 0.983333 1.1547 167.700000 60.000000 -68.3341
343 0.181314 0.70573 10.628 12.000000 0.983333 1.1547 167.700000 60.000000 -47.5722
344 0.078469 0.64573 10.346 13.000000 0.983333 1.1547 167.700000 60.000000 -20
345 0.029545 0.58573 10.064 14.000000 0.983333 1.1547 167.700000 60.000000 -20
346 2.88024 0.48573 14.222 0.000000 0.983333 1.1547 167.700000 60.000000 -82.005
347 3.62253 0.41573 13.94 1.000000 0.983333 1.1547 167.700000 60.000000 -70.4428
348 3.53218 0.35573 13.658 2.000000 0.983333 1.1547 167.700000 60.000000 -56.0427
349 3.50216 0.29573 13.376 3.000000 0.983333 1.1547 167.700000 60.000000 -46.7811
350 3.45684 0.23573 13.094 4.000000 0.983333 1.1547 167.700000 60.000000 -45.3386
351 3.3164 0.17573 12.811 5.000000 0.983333 1.1547 167.700000 60.000000 -49.064
352 3.08321 0.11573 12.529 6.000000 0.983333 1.1547 167.700000 60.000000 -54.6986
353 2.74444 0.04573 12.247 7.000000 0.983333 1.1547 167.700000 60.000000 -59.6869
354 2.28781 -0.01427 11.965 8.000000 0.983333 1.1547 167.700000 60.000000 -62.4259
355 1.74691 -0.07427 11.683 9.000000 0.983333 1.1547 167.700000 60.000000 -61.8752
356 1.20442 -0.13427 11.401 10.000000 0.983333 1.1547 167.700000 60.000000 -56.9418
357 0.755965 -0.19427 11.119 11.000000 0.983333 1.1547 167.700000 60.000000 -46.3989
358 0.45209 -0.25427 10.837 12.000000 0.983333 1.1547 167.700000 60.000000 -31.4313
359 0.258464 -0.31427 10.555 13.000000 0.983333 1.1547 167.700000 60.000000 -20.168
360 0.11583 -0.37427 10.273 14.000000 0.983333 1.1547 167.700000 60.000000 -20
361 2.51393 -0.44427 14.435 0.000000 0.986667 1.26902 200.000000 52.000000 -93.185
362 3.25907 -0.31427 14.069 1.000000 0.986667 1.26902 200.000000 52.000000 -81.1479
363 3.30012 -0.18427 13.702 2.000000 0.986667 1.26902 200.000000 52.000000 -65.3449
364 3.51291 -0.04427 13.335 3.000000 0.986667 1.26902 200.000000 52.000000 -55.2402
365 3.72284 0.08573 12.968 4.000000 0.986667 1.26902 200.000000 52.000000 -53.527
366 3.7989 0.21573 12.601 5.000000 0.986667 1.26902 200.000000 52.000000 -56.6109
367 3.71576 0.35573 12.234 6.000000 0.986667 1.26902 200.000000 52.000000 -60.9699
368 3.44511 0.48573 11.866 7.000000 0.986667 1.26902 200.000000 52.000000 -64.3087
369 2.98123 0.62573 11.499 8.000000 0.986667 1.26902 200.000000 52.000000 -65.3822
370 2.38138 0.75573 11.132 9.000000 0.986667 1.26902 200.000000 52.000000 -63.4225
371 1.75514 0.88573 10.765 10.000000 0.986667 1.26902 200.000000 52.000000 -57.7518
372 1.21398 1.02573 10.398 11.000000 0.986667 1.26902 200.000000 52.000000 -48.2399
373 0.807238 1.15573 10.031 12.000000 0.986667 1.26902 200.000000 52.000000 -37.2736
374 0.499356 1.28573 9.664 13.000000 0.986667 1.26902 200.000000 52.000000 -31
375 0.239477 1.42573 9.297 14.000000 0.986667 1.26902 200.000000 52.000000 -31
376 2.2579 -1.37427 14.098 0.000000 0.986667 1.26902 200.000000 52.000000 -91.8814
377 3.12217 -1.24427 13.732 1.000000 0.986667 1.26902 200.000000 52.000000 -81.1414
378 3.3181 -1.10427 13.365 2.000000 0.986667 1.26902 200.000000 52.000000 -66.067
379 3.65442 -0.97427 12.998 3.000000 0.986667 1.26902 200.000000 52.000000 -56.0342
380 4.00659 -0.84427 12.631 4.000000 0.986667 1.26902 200.000000 52.000000 -54.0116
381 4.23447 -0.70427 12.264 5.000000 0.986667 1.26902 200.000000 52.000000 -56.4902
382 4.27468 -0.57427 11.897 6.000000 0.986667 1.26902 200.000000 52.000000 -59.9583
383 4.06899 -0.44427 11.529 7.000000 0.986667 1.26902 200.000000 52.000000 -62.3163
384 3.60622 -0.30427 11.162 8.000000 0.986667 1.26902 200.000000 52.000000 -62.5473
385 2.95727 -0.17427 10.795 9.000000 0.986667 1.26902 200.000000 52.000000 -60.0694
386 2.25191 -0.03427 10.428 10.000000 0.986667 1.26902 200.000000 52.000000 -54.4365
387 1.61755 0.09573 10.061 11.000000 0.986667 1.26902 200.000000 52.000000 -45.8106
388 1.11194 0.22573 9.694 12.000000 0.986667 1.26902 200.000000 52.000000 -36.3883
389 0.704291 0.36573 9.327 13.000000 0.986667 1.26902 200.000000 52.000000 -31
390 0.343721 0.49573 8.96 14.000000 0.986667 1.26902 200.000000 52.000000 -31
391 2.12447 -2.30427 13.76 0.000000 0.986667 1.26902 200.000000 52.000000 -86.3339
392 3.17267 -2.16427 13.394 1.000000 0.986667 1.26902 200.000000 52.000000 -77.8437
393 3.53406 -2.03427 13.027 2.000000 0.986667 1.26902 200.000000 52.000000 -66.0934
394 3.883 -1.90427 12.66 3.000000 0.986667 1.26902 200.000000 52.000000 -57.9075
395 4.25719 -1.76427 12.293 4.000000 0.986667 1.26902 200.000000 52.000000 -56.1439
396 4.55505 -1.63427 11.926 5.000000 0.986667 1.26902 200.000000 52.000000 -58.2763
397 4.67237 -1.50427 11.559 6.000000 0.986667 1.26902 200.000000 52.000000 -61.1615
398 4.5121 -1.36427 11.191 7.000000 0.986667 1.26902 200.000000 52.000000 -62.9234
399 4.0496 -1.23427 10.824 8.000000 0.986667 1.26902 200.000000 52.000000 -62.7082
400 3.36165 -1.10427 10.457 9.000000 0.986667 1.26902 200.000000 52.000000 -60.0306
401 2.59203 -0.96427 10.09 10.000000 0.986667 1.26902 200.000000 52.000000 -54.5036
402 1.88284 -0.83427 9.723 11.000000 0.986667 1.26902 200.000000 52.000000 -46.2477
403 1.30384 -0.69427 9.356 12.000000 0.986667 1.26902 200.000000 52.000000 -37.0675
404 0.829985 -0.56427 8.989 13.000000 0.986667 1.26902 200.000000 52.000000 -31
405 0.406134 -0.43427 8.622 14.000000 0.986667 1.26902 200.000000 52.000000 -31
406 2.10625 -3.22427 13.423 0.000000 0.986667 1.26902 200.000000 52.000000 -79.874
407 3.30049 -3.09427 13.057 1.000000 0.986667 1.26902 200.000000 52.000000 -73.2126
408 3.78126 -2.96427 12.69 2.000000 0.986667 1.26902 200.000000 52.000000 -64.9309
409 4.1004 -2.82427 12.323 3.000000 0.986667 1.26902 200.000000 52.000000 -59.4026
410 4.43945 -2.69427 11.956 4.000000 0.986667 1.26902 200.000000 52.000000 -58.6592
411 4.75316 -2.56427 11.589 5.000000 0.986667 1.26902 200.000000 52.000000 -60.8981
412 4.90676 -2.42427 11.222 6.000000 0.986667 1.26902 200.000000 52.000000 -63.516
413 4.76861 -2.29427 10.854 7.000000 0.986667 1.26902 200.000000 52.000000 -64.9613
414 4.30055 -2.16427 10.487 8.000000 0.986667 1.26902 200.000000 52.000000 -64.5507
415 3.58113 -2.02427 10.12 9.000000 0.986667 1.26902 200.000000 52.000000 -61.8586
416 2.76298 -1.89427 9.753 10.000000 0.986667 1.26902 200.000000 52.000000 -56.4724
417 2.0002 -1.75427 9.386 11.000000 0.986667 1.26902 200.000000 52.000000 -48.3353
418 1.37564 -1.62427 9.019 12.000000 0.986667 1.26902 200.000000 52.000000 -38.839
419 0.87099 -1.49427 8.652 13.000000 0.986667 1.26902 200.000000 52.000000 -31.6304
420 0.424727 -1.35427 8.285 14.000000 0.986667 1.26902 200.000000 52.000000 -31
421 2.14517 -4.15427 13.085 0.000000 0.986667 1.26902 200.000000 52.000000 -75.854
422 3.41774 -4.02427 12.719 1.000000 0.986667 1.26902 200.000000 52.000000 -70.5061
423 3.93652 -3.88427 12.352 2.000000 0.986667 1.26902 200.000000 52.000000 -64.5266
424 4.21847 -3.75427 11.985 3.000000 0.986667 1.26902 200.000000 52.000000 -61.0849
425 4.5246 -3.62427 11.618 4.000000 0.986667 1.26902 200.000000 52.000000 -61.4252
426 4.83864 -3.48427 11.251 5.000000 0.986667 1.26902 200.000000 52.000000 -63.932
427 5.00434 -3.35427 10.884 6.000000 0.986667 1.26902 200.000000 52.000000 -66.445
428 4.86986 -3.22427 10.516 7.000000 0.986667 1.26902 200.000000 52.000000 -67.7511
429 4.39068 -3.08427 10.149 8.000000 0.986667 1.26902 200.000000 52.000000 -67.3257
430 3.64646 -2.95427 9.782 9.000000 0.986667 1.26902 200.000000 52.000000 -64.7802
431 2.79428 -2.82427 9.415 10.000000 0.986667 1.26902 200.000000 52.000000 -59.6369
432 1.99666 -2.68427 9.048 11.000000 0.986667 1.26902 200.000000 52.000000 -51.5939
433 1.34926 -2.55427 8.681 12.000000 0.986667 1.26902 200.000000 52.000000 -41.5839
434 0.842344 -2.41427 8.314 13.000000 0.986667 1.26902 200.000000 52.000000 -33.0206
435 0.407695 -2.28427 7.947 14.000000 0.986667 1.26902 200.000000 52.000000 -31
436 2.18232 -5.08427 12.748 0.000000 0.986667 1.26902 200.000000 52.000000 -75.4561
437 3.47827 -4.94427 12.382 1.000000 0.986667 1.26902 200.000000 52.000000 -71.2146
438 3.9839 -4.81427 12.015 2.000000 0.986667 1.26902 200.000000 52.000000 -66.5832
439 4.23755 -4.68427 11.648 3.000000 0.986667 1.26902 200.000000 52.000000 -64.201
440 4.5308 -4.54427 11.281 4.000000 0.986667 1.26902 200.000000 52.000000 -64.9657
441 4.84248 -4.41427 10.914 5.000000 0.986667 1.26902 200.000000 52.000000 -67.3988
442 5.00249 -4.28427 10.547 6.000000 0.986667 1.26902 200.000000 52.000000 -69.7008
443 4.85617 -4.14427 10.179 7.000000 0.986667 1.26902 200.000000 52.000000 -70.9033
444 4.36166 -4.01427 9.812 8.000000 0.986667 1.26902 200.000000 52.000000 -70.5659
445 3.59981 -3.88427 9.445 9.000000 0.986667 1.26902 200.000000 52.000000 -68.2979
446 2.72772 -3.74427 9.078 10.000000 0.986667 1.26902 200.000000 52.000000 -63.5389
447 1.91146 -3.61427 8.711 11.000000 0.986667 1.26902 200.000000 52.000000 -55.7103
448 1.25766 -3.48427 8.344 12.000000 0.986667 1.26902 200.000000 52.000000 -45.1875
449 0.767364 -3.34427 7.977 13.000000 0.986667 1.26902 200.000000 52.000000 -35.0488
450 0.367148 -3.21427 7.61 14.000000 0.986667 1.26902 200.000000 52.000000 -31
451 2.20495 -6.01427 12.41 0.000000 0.986667 1.26902 200.000000 52.000000 -77.9269
452 3.51322 -5.87427 12.044 1.000000 0.986667 1.26902 200.000000 52.000000 -74.921
453 4.00898 -5.74427 11.677 2.000000 0.986667 1.26902 200.000000 52.000000 -71.3472
454 4.24779 -5.61427 11.31 3.000000 0.986667 1.26902 200.000000 52.000000 -69.2375
455 4.52805 -5.47427 10.943 4.000000 0.986667 1.26902 200.000000 52.000000 -69.5555
456 4.81654 -5.34427 10.576 5.000000 0.986667 1.26902 200.000000 52.000000 -71.3254
457 4.94353 -5.20427 10.209 6.000000 0.986667 1.26902 200.000000 52.000000 -73.1494
458 4.76633 -5.07427 9.841 7.000000 0.986667 1.26902 200.000000 52.000000 -74.1807
459 4.25142 -4.94427 9.474 8.000000 0.986667 1.26902 200.000000 52.000000 -73.9597
460 3.47912 -4.80427 9.107 9.000000 0.986667 1.26902 200.000000 52.000000 -72.0479
461 2.60125 -4.67427 8.74 10.000000 0.986667 1.26902 200.000000 52.000000 -67.7991
462 1.78136 -4.54427 8.373 11.000000 0.986667 1.26902 200.000000 52.000000 -60.3678
463 1.13306 -4.40427 8.006 12.000000 0.986667 1.26902 200.000000 52.000000 -49.4775
464 0.669507 -4.27427 7.639 13.000000 0.986667 1.26902 200.000000 52.000000 -37.6047
465 0.31524 -4.14427 7.272 14.000000 0.986667 1.26902 200.000000 52.000000 -31
466 2.22986 -6.93427 12.073 0.000000 0.986667 1.26902 200.000000 52.000000 -81.4009
467 3.58442 -6.80427 11.707 1.000000 0.986667 1.26902 200.000000 52.000000 -79.6744
468 4.11834 -6.67427 11.34 2.000000 0.986667 1.26902 200.000000 52.000000 -77.1681
469 4.353 -6.53427 10.973 3.000000 0.986667 1.26902 200.000000 52.000000 -75.1156
470 4.58971 -6.40427 10.606 4.000000 0.986667 1.26902 200.000000 52.000000 -74.607
471 4.80906 -6.27427 10.239 5.000000 0.986667 1.26902 200.000000 52.000000 -75.4072
472 4.86337 -6.13427 9.872 6.000000 0.986667 1.26902 200.000000 52.000000 -76.5946
473 4.63166 -6.00427 9.504 7.000000 0.986667 1.26902 200.000000 52.000000 -77.3981
474 4.08955 -5.86427 9.137 8.000000 0.986667 1.26902 200.000000 52.000000 -77.288
475 3.31298 -5.73427 8.77 9.000000 0.986667 1.26902 200.000000 52.000000 -75.7555
476 2.44276 -5.60427 8.403 10.000000 0.986667 1.26902 200.000000 52.000000 -72.0818
477 1.63365 -5.46427 8.036 11.000000 0.986667 1.26902 200.000000 52.000000 -65.2031
478 1.00057 -5.33427 7.669 12.000000 0.986667 1.26902 200.000000 52.000000 -54.1702
479 0.567941 -5.20427 7.302 13.000000 0.986667 1.26902 200.000000 52.000000 -40.5376
480 0.262042 -5.06427 6.935 14.000000 0.986667 1.26902 200.000000 52.000000 -31
481 2.26579 -7.86427 11.735 0.000000 0.986667 1.26902 200.000000 52.000000 -83.9412
482 3.70615 -7.73427 11.369 1.000000 0.986667 1.26902 200.000000 52.000000 -83.195
483 4.32904 -7.59427 11.002 2.000000 0.986667 1.26902 200.000000 52.000000 -81.6657
484 4.57075 -7.46427 10.635 3.000000 0.986667 1.26902 200.000000 52.000000 -79.9394
485 4.73057 -7.33427 10.268 4.000000 0.986667 1.26902 200.000000 52.000000 -78.9843
486 4.83409 -7.19427 9.901 5.000000 0.986667 1.26902 200.000000 52.000000 -79.0795
487 4.7784 -7.06427 9.534 6.000000 0.986667 1.26902 200.000000 52.000000 -79.762
488 4.47118 -6.93427 9.166 7.000000 0.986667 1.26902 200.000000 52.000000 -80.3894
489 3.8961 -6.79427 8.799 8.000000 0.986667 1.26902 200.000000 52.000000 -80.3976
490 3.12072 -6.66427 8.432 9.000000 0.986667 1.26902 200.000000 52.000000 -79.2256
491 2.2701 -6.52427 8.065 10.000000 0.986667 1.26902 200.000000 52.000000 -76.1077
492 1.48505 -6.39427 7.698 11.000000 0.986667 1.26902 200.000000 52.000000 -69.8291
493 0.876165 -6.26427 7.331 12.000000 0.986667 1.26902 200.000000 52.000000 -58.8432
494 0.475816 -6.12427 6.964 13.000000 0.986667 1.26902 200.000000 52.000000 -43.57
495 0.214685 -5.99427 6.597 14.000000 0.986667 1.26902 200.000000 52.000000 -31
496 2.30319 -8.79427 11.398 0.000000 0.986667 1.26902 200.000000 52.000000 -84.6997
497 3.83864 -8.65427 11.032 1.000000 0.986667 1.26902 200.000000 52.000000 -84.564
498 4.5672 -8.52427 10.665 2.000000 0.986667 1.26902 200.000000 52.000000 -83.8275
499 4.82565 -8.39427 10.298 3.000000 0.986667 1.26902 200.000000 52.000000 -82.7306
500 4.89847 -8.25427 9.931 4.000000 0.986667 1.26902 200.000000 52.000000 -81.9554
501 4.86557 -8.12427 9.564 5.000000 0.986667 1.26902 200.000000 52.000000 -81.9107
502 4.68239 -7.99427 9.197 6.000000 0.986667 1.26902 200.000000 52.000000 -82.4324
503 4.29086 -7.85427 8.829 7.000000 0.986667 1.26902 200.000000 52.000000 -83.0424
504 3.68257 -7.72427 8.462 8.000000 0.986667 1.26902 200.000000 52.000000 -83.2054
505 2.91457 -7.59427 8.095 9.000000 0.986667 1.26902 200.000000 52.000000 -82.3463
506 2.09369 -7.45427 7.728 10.000000 0.986667 1.26902 200.000000 52.000000 -79.6781
507 1.34398 -7.32427 7.361 11.000000 0.986667 1.26902 200.000000 52.000000 -73.8892
508 0.767621 -7.18427 6.994 12.000000 0.986667 1.26902 200.000000 52.000000 -62.9658
509 0.40036 -7.05427 6.627 13.000000 0.986667 1.26902 200.000000 52.000000 -46.2394
510 0.177321 -6.92427 6.26 14.000000 0.986667 1.26902 200.000000 52.000000 -31
511 2.32604 -9.71427 11.061 0.000000 0.986667 1.26902 200.000000 52.000000 -83.9721
512 3.93589 -9.58427 10.695 1.000000 0.986667 1.26902 200.000000 52.000000 -84.2372
513 4.75206 -9.45427 10.328 2.000000 0.986667 1.26902 200.000000 52.000000 -84.1369
514 5.0262 -9.31427 9.961 3.000000 0.986667 1.26902 200.000000 52.000000 -83.7732
515 5.0202 -9.18427 9.594 4.000000 0.986667 1.26902 200.000000 52.000000 -83.5719
516 4.85923 -9.05427 9.227 5.000000 0.986667 1.26902 200.000000 52.000000 -83.8573
517 4.55614 -8.91427 8.86 6.000000 0.986667 1.26902 200.000000 52.000000 -84.5713
518 4.08807 -8.78427 8.492 7.000000 0.986667 1.26902 200.000000 52.000000 -85.3517
519 3.45466 -8.65427 8.125 8.000000 0.986667 1.26902 200.000000 52.000000 -85.7139
520 2.70233 -8.51427 7.758 9.000000 0.986667 1.26902 200.000000 52.000000 -85.0924
521 1.91972 -8.38427 7.391 10.000000 0.986667 1.26902 200.000000 52.000000 -82.6888
522 1.21397 -8.24427 7.024 11.000000 0.986667 1.26902 200.000000 52.000000 -77.1129
523 0.677141 -8.11427 6.657 12.000000 0.986667 1.26902 200.000000 52.000000 -65.9993
524 0.34408 -7.98427 6.29 13.000000 0.986667 1.26902 200.000000 52.000000 -47.9461
525 0.151558 -7.84427 5.923 14.000000 0.986667 1.26902 200.000000 52.000000 -31
526 2.31992 -10.6443 10.723 0.000000 0.986667 1.26902 200.000000 52.000000 -82.4933
527 3.967 -10.5143 10.357 1.000000 0.986667 1.26902 200.000000 52.000000 -83.0708
528 4.83477 -10.3743 9.99 2.000000 0.986667 1.26902 200.000000 52.000000 -83.4947
529 5.11252 -10.2443 9.623 3.000000 0.986667 1.26902 200.000000 52.000000 -83.8267
530 5.04101 -10.1143 9.256 4.000000 0.986667 1.26902 200.000000 52.000000 -84.329
531 4.77739 -9.97427 8.889 5.000000 0.986667 1.26902 200.000000 52.000000 -85.1939
532 4.38087 -9.84427 8.522 6.000000 0.986667 1.26902 200.000000 52.000000 -86.34
533 3.85832 -9.71427 8.154 7.000000 0.986667 1.26902 200.000000 52.000000 -87.4334
534 3.2157 -9.57427 7.787 8.000000 0.986667 1.26902 200.000000 52.000000 -88.0122
535 2.48954 -9.44427 7.42 9.000000 0.986667 1.26902 200.000000 52.000000 -87.5162
536 1.75234 -9.31427 7.053 10.000000 0.986667 1.26902 200.000000 52.000000 -85.1242
537 1.09638 -9.17427 6.686 11.000000 0.986667 1.26902 200.000000 52.000000 -79.344
538 0.604202 -9.04427 6.319 12.000000 0.986667 1.26902 200.000000 52.000000 -67.5287
539 0.306446 -8.90427 5.952 13.000000 0.986667 1.26902 200.000000 52.000000 -48.1792
540 0.137059 -8.77427 5.585 14.000000 0.986667 1.26902 200.000000 52.000000 -31
541 2.27412 -11.5743 10.386 0.000000 0.986667 1.26902 200.000000 52.000000 -80.9466
542 3.9144 -11.4443 10.02 1.000000 0.986667 1.26902 200.000000 52.000000 -81.7848
543 4.79338 -11.3043 9.653 2.000000 0.986667 1.26902 200.000000 52.000000 -82.6445
544 5.05819 -11.1743 9.286 3.000000 0.986667 1.26902 200.000000 52.000000 -83.5875
545 4.93445 -11.0443 8.919 4.000000 0.986667 1.26902 200.000000 52.000000 -84.7881
546 4.60034 -10.9043 8.552 5.000000 0.986667 1.26902 200.000000 52.000000 -86.3215
547 4.14679 -10.7743 8.185 6.000000 0.986667 1.26902 200.000000 52.000000 -88.0165
548 3.60033 -10.6343 7.817 7.000000 0.986667 1.26902 200.000000 52.000000 -89.4873
549 2.96919 -10.5043 7.45 8.000000 0.986667 1.26902 200.000000 52.000000 -90.2472
550 2.28076 -10.3743 7.083 9.000000 0.986667 1.26902 200.000000 52.000000 -89.7186
551 1.59464 -10.2343 6.716 10.000000 0.986667 1.26902 200.000000 52.000000 -87.0302
552 0.99187 -10.1043 6.349 11.000000 0.986667 1.26902 200.000000 52.000000 -80.5386
553 0.547462 -9.97427 5.982 12.000000 0.986667 1.26902 200.000000 52.000000 -67.3768
554 0.285299 -9.83427 5.615 13.000000 0.986667 1.26902 200.000000 52.000000 -46.83
555 0.132156 -9.70427 5.248 14.000000 0.986667 1.26902 200.000000 52.000000 -31
556 2.18297 -12.5043 10.048 0.000000 0.986667 1.26902 200.000000 52.000000 -79.7981
557 3.77095 -12.3643 9.682 1.000000 0.986667 1.26902 200.000000 52.000000 -80.8496
558 4.6232 -12.2343 9.315 2.000000 0.986667 1.26902 200.000000 52.000000 -82.075
559 4.85993 -12.1043 8.948 3.000000 0.986667 1.26902 200.000000 52.000000 -83.5507
560 4.69747 -11.9643 8.581 4.000000 0.986667 1.26902 200.000000 52.000000 -85.4081
561 4.32645 -11.8343 8.214 5.000000 0.986667 1.26902 200.000000 52.000000 -87.6222
562 3.85502 -11.6943 7.847 6.000000 0.986667 1.26902 200.000000 52.000000 -89.8939
563 3.31759 -11.5643 7.479 7.000000 0.986667 1.26902 200.000000 52.000000 -91.7255
564 2.7195 -11.4343 7.112 8.000000 0.986667 1.26902 200.000000 52.000000 -92.5654
565 2.07963 -11.2943 6.745 9.000000 0.986667 1.26902 200.000000 52.000000 -91.7984
566 1.44857 -11.1643 6.378 10.000000 0.986667 1.26902 200.000000 52.000000 -88.4729
567 0.90047 -11.0343 6.011 11.000000 0.986667 1.26902 200.000000 52.000000 -80.7428
568 0.505287 -10.8943 5.644 12.000000 0.986667 1.26902 200.000000 52.000000 -65.6605
569 0.27749 -10.7643 5.277 13.000000 0.986667 1.26902 200.000000 52.000000 -44.3105
570 0.134362 -10.6343 4.91 14.000000 0.986667 1.26902 200.000000 52.000000 -31
571 2.04617 -13.4243 9.711 0.000000 0.986667 1.26902 200.000000 52.000000 -79.2868
572 3.53868 -13.2943 9.345 1.000000 0.986667 1.26902 200.000000 52.000000 -80.5096
573 4.33172 -13.1643 8.978 2.000000 0.986667 1.26902 200.000000 52.000000 -82.0508
574 4.52961 -13.0243 8.611 3.000000 0.986667 1.26902 200.000000 52.000000 -84.0085
575 4.34297 -12.8943 8.244 4.000000 0.986667 1.26902 200.000000 52.000000 -86.4902
576 3.96734 -12.7643 7.877 5.000000 0.986667 1.26902 200.000000 52.000000 -89.3708
577 3.51487 -12.6243 7.51 6.000000 0.986667 1.26902 200.000000 52.000000 -92.1874
578 3.01676 -12.4943 7.142 7.000000 0.986667 1.26902 200.000000 52.000000 -94.2894
579 2.47066 -12.3543 6.775 8.000000 0.986667 1.26902 200.000000 52.000000 -95.0445
580 1.88802 -12.2243 6.408 9.000000 0.986667 1.26902 200.000000 52.000000 -93.7973
581 1.31437 -12.0943 6.041 10.000000 0.986667 1.26902 200.000000 52.000000 -89.4954
582 0.82119 -11.9543 5.674 11.000000 0.986667 1.26902 200.000000 52.000000 -80.0627
583 0.4753 -11.8243 5.307 12.000000 0.986667 1.26902 200.000000 52.000000 -62.7583
584 0.278902 -11.6943 4.94 13.000000 0.986667 1.26902 200.000000 52.000000 -41.2985
585 0.14075 -11.5543 4.573 14.000000 0.986667 1.26902 200.000000 52.000000 -31
586 1.86816 -14.3543 9.373 0.000000 0.986667 1.26902 200.000000 52.000000 -79.4585
587 3.22754 -14.2243 9.007 1.000000 0.986667 1.26902 200.000000 52.000000 -80.8149
588 3.93555 -14.0843 8.64 2.000000 0.986667 1.26902 200.000000 52.000000 -82.6368
589 4.08858 -13.9543 8.273 3.000000 0.986667 1.26902 200.000000 52.000000 -85.0517
590 3.89279 -13.8243 7.906 4.000000 0.986667 1.26902 200.000000 52.000000 -88.1464
591 3.54119 -13.6843 7.539 5.000000 0.986667 1.26902 200.000000 52.000000 -91.6733
592 3.13856 -13.5543 7.172 6.000000 0.986667 1.26902 200.000000 52.000000 -94.9601
593 2.70399 -13.4243 6.804 7.000000 0.986667 1.26902 200.000000 52.000000 -97.1801
594 2.22429 -13.2843 6.437 8.000000 0.986667 1.26902 200.000000 52.000000 -97.6386
595 1.70501 -13.1543 6.07 9.000000 0.986667 1.26902 200.000000 52.000000 -95.6628
596 1.1901 -13.0143 5.703 10.000000 0.986667 1.26902 200.000000 52.000000 -90.0924
597 0.751569 -12.8843 5.336 11.000000 0.986667 1.26902 200.000000 52.000000 -78.6385
598 0.453793 -12.7543 4.969 12.000000 0.986667 1.26902 200.000000 52.000000 -59.1822
599 0.284573 -12.6143 4.602 13.000000 0.986667 1.26902 200.000000 52.000000 -38.3538
600 0.148233 -12.4843 4.235 14.000000 0.986667 1.26902 200.000000 52.000000 -31
601 1.65685 -15.2843 9.036 0.000000 0.986667 1.26902 200.000000 52.000000 -80.1992
602 2.85318 -15.1443 8.67 1.000000 0.986667 1.26902 200.000000 52.000000 -81.6423
603 3.45699 -15.0143 8.303 2.000000 0.986667 1.26902 200.000000 52.000000 -83.7042
604 3.56244 -14.8843 7.936 3.000000 0.986667 1.26902 200.000000 52.000000 -86.5597
605 3.37072 -14.7443 7.569 4.000000 0.986667 1.26902 200.000000 52.000000 -90.2742
606 3.06556 -14.6143 7.202 5.000000 0.986667 1.26902 200.000000 52.000000 -94.4319
607 2.73545 -14.4843 6.835 6.000000 0.986667 1.26902 200.000000 52.000000 -98.0887
608 2.38139 -14.3443 6.467 7.000000 0.986667 1.26902 200.000000 52.000000 -100.238
609 1.97804 -14.2143 6.1 8.000000 0.986667 1.26902 200.000000 52.000000 -100.177
610 1.52666 -14.0843 5.733 9.000000 0.986667 1.26902 200.000000 52.000000 -97.2591
611 1.07183 -13.9443 5.366 10.000000 0.986667 1.26902 200.000000 52.000000 -90.2231
612 0.687696 -13.8143 4.999 11.000000 0.986667 1.26902 200.000000 52.000000 -76.6311
613 0.435681 -13.6743 4.632 12.000000 0.986667 1.26902 200.000000 52.000000 -55.4123
614 0.28915 -13.5443 4.265 13.000000 0.986667 1.26902 200.000000 52.000000 -35.7542
615 0.153778 -13.4143 3.898 14.000000 0.986667 1.26902 200.000000 52.000000 -31
616 1.42221 -16.2043 8.698 0.000000 0.986667 1.26902 200.000000 52.000000 -81.2695
617 2.4344 -16.0743 8.332 1.000000 0.986667 1.26902 200.000000 52.000000 -82.72
618 2.92064 -15.9443 7.965 2.000000 0.986667 1.26902 200.000000 52.000000 -84.9449
619 2.97655 -15.8043 7.598 3.000000 0.986667 1.26902 200.000000 52.000000 -88.2097
620 2.79761 -15.6743 7.231 4.000000 0.986667 1.26902 200.000000 52.000000 -92.5699
621 2.55317 -15.5443 6.864 5.000000 0.986667 1.26902 200.000000 52.000000 -97.3729
622 2.30956 -15.4043 6.497 6.000000 0.986667 1.26902 200.000000 52.000000 -101.308
623 2.0465 -15.2743 6.129 7.000000 0.986667 1.26902 200.000000 52.000000 -103.2
624 1.72651 -15.1443 5.762 8.000000 0.986667 1.26902 200.000000 52.000000 -102.428
625 1.34733 -15.0043 5.395 9.000000 0.986667 1.26902 200.000000 52.000000 -98.4316
626 0.954669 -14.8743 5.028 10.000000 0.986667 1.26902 200.000000 52.000000 -89.8635
627 0.624789 -14.7343 4.661 11.000000 0.986667 1.26902 200.000000 52.000000 -74.2325
628 0.415136 -14.6043 4.294 12.000000 0.986667 1.26902 200.000000 52.000000 -51.8052
629 0.287508 -14.4743 3.927 13.000000 0.986667 1.26902 200.000000 52.000000 -33.5862
630 0.154644 -14.3343 3.56 14.000000 0.986667 1.26902 200.000000 52.000000 -31
631 1.17517 -17.1343 8.361 0.000000 0.986667 1.26902 200.000000 52.000000 -82.3551
632 1.99158 -17.0043 7.995 1.000000 0.986667 1.26902 200.000000 52.000000 -83.6761
633 2.35209 -16.8743 7.628 2.000000 0.986667 1.26902 200.000000 52.000000 -85.9179
634 2.35584 -16.7343 7.261 3.000000 0.986667 1.26902 200.000000 52.000000 -89.5284
635 2.19245 -16.6043 6.894 4.000000 0.986667 1.26902 200.000000 52.000000 -94.6077
636 2.01455 -16.4643 6.527 5.000000 0.986667 1.26902 200.000000 52.000000 -100.16
637 1.86347 -16.3343 6.16 6.000000 0.986667 1.26902 200.000000 52.000000 -104.339
638 1.69682 -16.2043 5.792 7.000000 0.986667 1.26902 200.000000 52.000000 -105.825
639 1.46529 -16.0643 5.425 8.000000 0.986667 1.26902 200.000000 52.000000 -104.213
640 1.16268 -15.9343 5.058 9.000000 0.986667 1.26902 200.000000 52.000000 -99.1036
641 0.834591 -15.8043 4.691 10.000000 0.986667 1.26902 200.000000 52.000000 -89.0853
642 0.558186 -15.6643 4.324 11.000000 0.986667 1.26902 200.000000 52.000000 -71.6995
643 0.386626 -15.5343 3.957 12.000000 0.986667 1.26902 200.000000 52.000000 -48.6157
644 0.275388 -15.4043 3.59 13.000000 0.986667 1.26902 200.000000 52.000000 -31.9282
645 0.148678 -15.2643 3.223 14.000000 0.986667 1.26902 200.000000 52.000000 -31
646 0.927449 -18.0643 8.023 0.000000 0.986667 1.26902 200.000000 52.000000 -83.1314
647 1.54683 -17.9343 7.657 1.000000 0.986667 1.26902 200.000000 52.000000 -84.1042
648 1.77996 -17.7943 7.29 2.000000 0.986667 1.26902 200.000000 52.000000 -86.1085
649 1.72986 -17.6643 6.923 3.000000 0.986667 1.26902 200.000000 52.000000 -89.9524
650 1.58043 -17.5343 6.556 4.000000 0.986667 1.26902 200.000000 52.000000 -95.9413
651 1.46745 -17.3943 6.189 5.000000 0.986667 1.26902 200.000000 52.000000 -102.552
652 1.40747 -17.2643 5.822 6.000000 0.986667 1.26902 200.000000 52.000000 -107.05
653 1.33727 -17.1243 5.454 7.000000 0.986667 1.26902 200.000000 52.000000 -108.022
654 1.19633 -16.9943 5.087 8.000000 0.986667 1.26902 200.000000 52.000000 -105.511
655 0.97295 -16.8643 4.72 9.000000 0.986667 1.26902 200.000000 52.000000 -99.3739
656 0.710233 -16.7243 4.353 10.000000 0.986667 1.26902 200.000000 52.000000 -88.1492
657 0.48455 -16.5943 3.986 11.000000 0.986667 1.26902 200.000000 52.000000 -69.4119
658 0.346065 -16.4643 3.619 12.000000 0.986667 1.26902 200.000000 52.000000 -46.0706
659 0.250089 -16.3243 3.252 13.000000 0.986667 1.26902 200.000000 52.000000 -31
660 0.134692 -16.1943 2.885 14.000000 0.986667 1.26902 200.000000 52.000000 -31
661 0.691707 -18.9943 7.686 0.000000 0.986667 1.26902 200.000000 52.000000 -83.3434
662 1.125 -18.8543 7.32 1.000000 0.986667 1.26902 200.000000 52.000000 -83.6364
663 1.239 -18.7243 6.953 2.000000 0.986667 1.26902 200.000000 52.000000 -84.9545
664 1.13911 -18.5943 6.586 3.000000 0.986667 1.26902 200.000000 52.000000 -88.7917
665 1.00163 -18.4543 6.219 4.000000 0.986667 1.26902 200.000000 52.000000 -96.1247
666 0.945949 -18.3243 5.852 5.000000 0.986667 1.26902 200.000000 52.000000 -104.553
667 0.967151 -18.1843 5.485 6.000000 0.986667 1.26902 200.000000 52.000000 -109.586
668 0.985631 -18.0543 5.117 7.000000 0.986667 1.26902 200.000000 52.000000 -109.936
669 0.931342 -17.9243 4.75 8.000000 0.986667 1.26902 200.000000 52.000000 -106.537
670 0.784989 -17.7843 4.383 9.000000 0.986667 1.26902 200.000000 52.000000 -99.6145
671 0.58422 -17.6543 4.016 10.000000 0.986667 1.26902 200.000000 52.000000 -87.6223
672 0.403102 -17.5243 3.649 11.000000 0.986667 1.26902 200.000000 52.000000 -67.9712
673 0.291905 -17.3843 3.282 12.000000 0.986667 1.26902 200.000000 52.000000 -44.3846
674 0.211309 -17.2543 2.915 13.000000 0.986667 1.26902 200.000000 52.000000 -31
675 0.112861 -17.1243 2.548 14.000000 0.986667 1.26902 200.000000 52.000000 -31
676 0.480993 -19.9143 7.349 0.000000 0.986667 1.26902 200.000000 52.000000 -82.9319
677 0.752514 -19.7843 6.983 1.000000 0.986667 1.26902 200.000000 52.000000 -82.0702
678 0.76907 -19.6543 6.616 2.000000 0.986667 1.26902 200.000000 52.000000 -81.843
679 0.635092 -19.5143 6.249 3.000000 0.986667 1.26902 200.000000 52.000000 -84.9233
680 0.511708 -19.3843 5.882 4.000000 0.986667 1.26902 200.000000 52.000000 -94.4541
681 0.5004 -19.2543 5.515 5.000000 0.986667 1.26902 200.000000 52.000000 -106.593
682 0.582338 -19.1143 5.148 6.000000 0.986667 1.26902 200.000000 52.000000 -112.475
683 0.671146 -18.9843 4.78 7.000000 0.986667 1.26902 200.000000 52.000000 -111.98
684 0.690586 -18.8443 4.413 8.000000 0.986667 1.26902 200.000000 52.000000 -107.812
685 0.611738 -18.7143 4.046 9.000000 0.986667 1.26902 200.000000 52.000000 -100.583
686 0.463757 -18.5843 3.679 10.000000 0.986667 1.26902 200.000000 52.000000 -88.5471
687 0.316992 -18.4443 3.312 11.000000 0.986667 1.26902 200.000000 52.000000 -68.4457
688 0.226207 -18.3143 2.945 12.000000 0.986667 1.26902 200.000000 52.000000 -43.76
689 0.161882 -18.1843 2.578 13.000000 0.986667 1.26902 200.000000 52.000000 -31
690 0.085048 -18.0443 2.211 14.000000 0.986667 1.26902 200.000000 52.000000 -31
691 0.306621 -20.8443 7.011 0.000000 0.986667 1.26902 200.000000 52.000000 -82.2834
692 0.452281 -20.7143 6.645 1.000000 0.986667 1.26902 200.000000 52.000000 -79.721
693 0.406451 -20.5743 6.278 2.000000 0.986667 1.26902 200.000000 52.000000 -76.244
694 0.269528 -20.4443 5.911 3.000000 0.986667 1.26902 200.000000 52.000000 -75.6365
695 0.169691 -20.3143 5.544 4.000000 0.986667 1.26902 200.000000 52.000000 -88.1718
696 0.18406 -20.1743 5.177 5.000000 0.986667 1.26902 200.000000 52.000000 -110.104
697 0.294777 -20.0443 4.81 6.000000 0.986667 1.26902 200.000000 52.000000 -116.55
698 0.425343 -19.9143 4.442 7.000000 0.986667 1.26902 200.000000 52.000000 -114.75
699 0.497068 -19.7743 4.075 8.000000 0.986667 1.26902 200.000000 52.000000 -110.166
700 0.469491 -19.6443 3.708 9.000000 0.986667 1.26902 200.000000 52.000000 -103.433
701 0.360646 -19.5043 3.341 10.000000 0.986667 1.26902 200.000000 52.000000 -92.5467
702 0.235022 -19.3743 2.974 11.000000 0.986667 1.26902 200.000000 52.000000 -73.0028
703 0.155833 -19.2443 2.607 12.000000 0.986667 1.26902 200.000000 52.000000 -45.4318
704 0.107812 -19.1043 2.24 13.000000 0.986667 1.26902 200.000000 52.000000 -31
705 0.054871 -18.9743 1.873 14.000000 0.986667 1.26902 200.000000 52.000000 -31
706 0.175331 -21.7743 6.674 0.000000 0.986667 1.26902 200.000000 52.000000 -82.6493
707 0.236512 -21.6343 6.308 1.000000 0.986667 1.26902 200.000000 52.000000 -78.3257
708 0.168971 -21.5043 5.941 2.000000 0.986667 1.26902 200.000000 52.000000 -68.7371
709 0.0710434 -21.3743 5.574 3.000000 0.986667 1.26902 200.000000 52.000000 -52.4406
710 0.016605 -21.2343 5.207 4.000000 0.986667 1.26902 200.000000 52.000000 -31
711 0.026824 -21.1043 4.84 5.000000 0.986667 1.26902 200.000000 52.000000 -121
712 0.126898 -20.9743 4.473 6.000000 0.986667 1.26902 200.000000 52.000000 -121
713 0.267984 -20.8343 4.105 7.000000 0.986667 1.26902 200.000000 52.000000 -118.331
714 0.367739 -20.7043 3.738 8.000000 0.986667 1.26902 200.000000 52.000000 -114.204
715 0.373026 -20.5743 3.371 9.000000 0.986667 1.26902 200.000000 52.000000 -108.991
716 0.289584 -20.4343 3.004 10.000000 0.986667 1.26902 200.000000 52.000000 -100.957
717 0.172624 -20.3043 2.637 11.000000 0.986667 1.26902 200.000000 52.000000 -85.1015
718 0.0922093 -20.1643 2.27 12.000000 0.986667 1.26902 200.000000 52.000000 -53.799
719 0.057548 -20.0343 1.903 13.000000 0.986667 1.26902 200.000000 52.000000 -31
720 0.027356 -19.9043 1.536 14.000000 0.986667 1.26902 200.000000 52.000000 -31
721 0.0877595 -22.7043 6.336 0.000000 0.986667 1.26902 200.000000 52.000000 -86.5693
722 0.103555 -22.5643 5.97 1.000000 0.986667 1.26902 200.000000 52.000000 -82.8634
723 0.0454079 -22.4343 5.603 2.000000 0.986667 1.26902 200.000000 52.000000 -66.346
724 0.005147 -22.2943 5.236 3.000000 0.986667 1.26902 200.000000 52.000000 -31
725 0 -22.1643 4.869 4.000000 0.986667 1.26902 200.000000 52.000000 0
726 0 -22.0343 4.502 5.000000 0.986667 1.26902 200.000000 52.000000 0
727 0.063549 -21.8943 4.135 6.000000 0.986667 1.26902 200.000000 52.000000 -121
728 0.195172 -21.7643 3.767 7.000000 0.986667 1.26902 200.000000 52.000000 -121
729 0.304385 -21.6343 3.4 8.000000 0.986667 1.26902 200.000000 52.000000 -118.738
730 0.327462 -21.4943 3.033 9.000000 0.986667 1.26902 200.000000 52.000000 -115.773
731 0.259982 -21.3643 2.666 10.000000 0.986667 1.26902 200.000000 52.000000 -111.669
732 0.146998 -21.2343 2.299 11.000000 0.986667 1.26902 200.000000 52.000000 -103.925
733 0.0532253 -21.0943 1.932 12.000000 0.986667 1.26902 200.000000 52.000000 -81.3008
734 0.020086 -20.9643 1.565 13.000000 0.986667 1.26902 200.000000 52.000000 -31
735 0.007897 -20.8343 1.198 14.000000 0.986667 1.26902 200.000000 52.000000 -31
736 0.038638 -23.6243 5.999 0.000000 0.986667 1.26902 200.000000 52.000000 -97.3688
737 0.0400144 -23.4943 5.633 1.000000 0.986667 1.26902 200.000000 52.000000 -101.555
738 0.003152 -23.3643 5.266 2.000000 0.986667 1.26902 200.000000 52.000000 -121
739 0 -23.2243 4.899 3.000000 0.986667 1.26902 200.000000 52.000000 0
740 0 -23.0943 4.532 4.000000 0.986667 1.26902 200.000000 52.000000 0
741 0 -22.9543 4.165 5.000000 0.986667 1.26902 200.000000 52.000000 0
742 0.056966 -22.8243 3.798 6.000000 0.986667 1.26902 200.000000 52.000000 -121
743 0.181081 -22.6943 3.43 7.000000 0.986667 1.26902 200.000000 52.000000 -121
744 0.290012 -22.5543 3.063 8.000000 0.986667 1.26902 200.000000 52.000000 -121
745 0.320235 -22.4243 2.696 9.000000 0.986667 1.26902 200.000000 52.000000 -120.171
746 0.262482 -22.2943 2.329 10.000000 0.986667 1.26902 200.000000 52.000000 -119.019
747 0.154551 -22.1543 1.962 11.000000 0.986667 1.26902 200.000000 52.000000 -117.523
748 0.0536427 -22.0243 1.595 12.000000 0.986667 1.26902 200.000000 52.000000 -114.683
749 0.00274834 -21.8943 1.228 13.000000 0.986667 1.26902 200.000000 52.000000 -86.8705
750 0 -21.7543 0.861 14.000000 0.986667 1.26902 200.000000 52.000000 0
751 0.0172517 -24.5543 5.661 0.000000 0.986667 1.26902 200.000000 52.000000 -112.909
752 0.019315 -24.4243 5.295 1.000000 0.986667 1.26902 200.000000 52.000000 -121
753 0 -24.2843 4.928 2.000000 0.986667 1.26902 200.000000 52.000000 0
754 0 -24.1543 4.561 3.000000 0.986667 1.26902 200.000000 52.000000 0
755 0 -24.0243 4.194 4.000000 0.986667 1.26902 200.000000 52.000000 0
756 0.006499 -23.8843 3.827 5.000000 0.986667 1.26902 200.000000 52.000000 -121
757 0.075772 -23.7543 3.46 6.000000 0.986667 1.26902 200.000000 52.000000 -121
758 0.195252 -23.6143 3.092 7.000000 0.986667 1.26902 200.000000 52.000000 -121
759 0.296704 -23.4843 2.725 8.000000 0.986667 1.26902 200.000000 52.000000 -121
760 0.325751 -23.3543 2.358 9.000000 0.986667 1.26902 200.000000 52.000000 -121
761 0.272999 -23.2143 1.991 10.000000 0.986667 1.26902 200.000000 52.000000 -121
762 0.170372 -23.0843 1.624 11.000000 0.986667 1.26902 200.000000 52.000000 -121
763 0.068582 -22.9543 1.257 12.000000 0.986667 1.26902 200.000000 52.000000 -121
764 0.009129 -22.8143 0.89 13.000000 0.986667 1.26902 200.000000 52.000000 -121
765 0 -22.6843 0.523 14.000000 0.986667 1.26902 200.000000 52.000000 0
766 0.00913767 -25.4843 5.324 0.000000 0.986667 1.26902 200.000000 52.000000 -114.559
767 0.01027 -25.3443 4.958 1.000000 0.986667 1.26902 200.000000 52.000000 -121
768 6.9e-05 -25.2143 4.591 2.000000 0.986667 1.26902 200.000000 52.000000 -121
769 0 -25.0843 4.224 3.000000 0.986667 1.26902 200.000000 52.000000 0
770 0 -24.9443 3.857 4.000000 0.986667 1.26902 200.000000 52.000000 0
771 0.02251 -24.8143 3.49 5.000000 0.986667 1.26902 200.000000 52.000000 -121
772 0.098538 -24.6743 3.123 6.000000 0.986667 1.26902 200.000000 52.000000 -121
773 0.206679 -24.5443 2.755 7.000000 0.986667 1.26902 200.000000 52.000000 -121
774 0.293052 -24.4143 2.388 8.000000 0.986667 1.26902 200.000000 52.000000 -121
775 0.315536 -24.2743 2.021 9.000000 0.986667 1.26902 200.000000 52.000000 -121
776 0.267062 -24.1443 1.654 10.000000 0.986667 1.26902 200.000000 52.000000 -121
777 0.173739 -24.0143 1.287 11.000000 0.986667 1.26902 200.000000 52.000000 -121
778 0.077822 -23.8743 0.92 12.000000 0.986667 1.26902 200.000000 52.000000 -121
779 0.01603 -23.7443 0.553 13.000000 0.986667 1.26902 200.000000 52.000000 -121
780 0 -23.6143 0.186 14.000000 0.986667 1.26902 200.000000 52.000000 0
781 0.00299566 -26.4043 4.986 0.000000 0.986667 1.26902 200.000000 52.000000 -60.2775
782 0.003056 -26.2743 4.62 1.000000 0.986667 1.26902 200.000000 52.000000 -121
783 0 -26.1443 4.253 2.000000 0.986667 1.26902 200.000000 52.000000 0
784 0 -26.0043 3.886 3.000000 0.986667 1.26902 200.000000 52.000000 0
785 0.004335 -25.8743 3.519 4.000000 0.986667 1.26902 200.000000 52.000000 -121
786 0.034245 -25.7443 3.152 5.000000 0.986667 1.26902 200.000000 52.000000 -121
787 0.101596 -25.6043 2.785 6.000000 0.986667 1.26902 200.000000 52.000000 -121
788 0.186087 -25.4743 2.417 7.000000 0.986667 1.26902 200.000000 52.000000 -121
789 0.249681 -25.3343 2.05 8.000000 0.986667 1.26902 200.000000 52.000000 -121
790 0.26367 -25.2043 1.683 9.000000 0.986667 1.26902 200.000000 52.000000 -121
791 0.223859 -25.0743 1.316 10.000000 0.986667 1.26902 200.000000 52.000000 -121
792 0.149454 -24.9343 0.949 11.000000 0.986667 1.26902 200.000000 52.000000 -121
793 0.071501 -24.8043 0.582 12.000000 0.986667 1.26902 200.000000 52.000000 -121
794 0.017968 -24.6743 0.215 13.000000 0.986667 1.26902 200.000000 52.000000 -121
795 0 -24.5343 -0.152 14.000000 0.986667 1.26902 200.000000 52.000000 0
796 0.00370662 -27.3343 4.649 0.000000 0.986667 1.26902 200.000000 52.000000 -36.5891
797 0 -27.2043 4.283 1.000000 0.986667 1.26902 200.000000 52.000000 0
798 0 -27.0643 3.916 2.000000 0.986667 1.26902 200.000000 52.000000 0
799 0 -26.9343 3.549 3.000000 0.986667 1.26902 200.000000 52.000000 0
800 0.005657 -26.8043 3.182 4.000000 0.986667 1.26902 200.000000 52.000000 -121
801 0.027252 -26.6643 2.815 5.000000 0.986667 1.26902 200.000000 52.000000 -121
802 0.067883 -26.5343 2.448 6.000000 0.986667 1.26902 200.000000 52.000000 -121
803 0.11524 -26.4043 2.08 7.000000 0.986667 1.26902 200.000000 52.000000 -121
804 0.149316 -26.2643 1.713 8.000000 0.986667 1.26902 200.000000 52.000000 -121
805 0.155504 -26.1343 1.346 9.000000 0.986667 1.26902 200.000000 52.000000 -121
806 0.132043 -25.9943 0.979 10.000000 0.986667 1.26902 200.000000 52.000000 -121
807 0.089394 -25.8643 0.612 11.000000 0.986667 1.26902 200.000000 52.000000 -121
808 0.044303 -25.7343 0.245 12.000000 0.986667 1.26902 200.000000 52.000000 -121
809 0.012164 -25.5943 -0.122 13.000000 0.986667 1.26902 200.000000 52.000000 -121
810 0 -25.4643 -0.489 14.000000 0.986667 1.26902 200.000000 52.000000 0
