2004.75000000000	0	0	0.00880000000000000	0.0104000000000000
2004.75270000000	-0.00286310000000000	0.000827600000000000	0.00930000000000000	0.0109000000000000
2004.75550000000	-0.000124300000000000	0.00375250000000000	0.00950000000000000	0.0113000000000000
2004.75820000000	-0.00808630000000000	0.00248010000000000	0.00930000000000000	0.0109000000000000
2004.76090000000	-0.00604760000000000	0.00300780000000000	0.00940000000000000	0.0110000000000000
2004.76370000000	-0.00700670000000000	0.00453290000000000	0.00900000000000000	0.0106000000000000
2004.76640000000	-0.00906660000000000	0.00526080000000000	0.00890000000000000	0.0105000000000000
2004.76910000000	-0.00622560000000000	0.00488880000000000	0.00920000000000000	0.0109000000000000
2004.77190000000	-0.0107822000000000	0.00771420000000000	0.00910000000000000	0.0107000000000000
2004.77460000000	-0.00613950000000000	0.00764250000000000	0.00990000000000000	0.0116000000000000
2004.77730000000	-0.00879590000000000	0.00707090000000000	0.00940000000000000	0.0111000000000000
2004.78010000000	-0.0103496000000000	0.00759680000000000	0.00870000000000000	0.0103000000000000
2004.78280000000	-0.0138040000000000	0.00772560000000000	0.00880000000000000	0.0103000000000000
2004.78550000000	-0.0128573000000000	0.00725460000000000	0.00870000000000000	0.0102000000000000
2004.78830000000	-0.0142078000000000	0.00758110000000000	0.00870000000000000	0.0102000000000000
2004.79100000000	-0.0143589000000000	0.00871050000000000	0.00870000000000000	0.0102000000000000
2004.79370000000	-0.0143089000000000	0.00744020000000000	0.00900000000000000	0.0106000000000000
2004.79640000000	-0.0131576000000000	0.00717010000000000	0.00960000000000000	0.0112000000000000
2004.79920000000	-0.0138032000000000	0.00919760000000000	0.0103000000000000	0.0122000000000000
2004.80190000000	-0.0137495000000000	0.00892810000000000	0.0101000000000000	0.0119000000000000
2004.80460000000	-0.0121945000000000	0.0113588000000000	0.0100000000000000	0.0117000000000000
2004.80740000000	-0.0146361000000000	0.00978730000000000	0.00900000000000000	0.0106000000000000
2004.81010000000	-0.0162784000000000	0.0104186000000000	0.00890000000000000	0.0105000000000000
2004.81280000000	-0.0157194000000000	0.0113503000000000	0.00900000000000000	0.0106000000000000
2004.81560000000	-0.0149567000000000	0.0110798000000000	0.00920000000000000	0.0107000000000000
2004.81830000000	-0.0156949000000000	0.0123122000000000	0.00890000000000000	0.0104000000000000
2004.82100000000	-0.0159316000000000	0.0117449000000000	0.0102000000000000	0.0120000000000000
2004.82380000000	-0.0121645000000000	0.0108755000000000	0.00900000000000000	0.0106000000000000
2004.82650000000	-0.0154983000000000	0.0105090000000000	0.00890000000000000	0.0104000000000000
2004.82920000000	-0.0169306000000000	0.0100428000000000	0.00880000000000000	0.0103000000000000
2004.83200000000	-0.0136589000000000	0.0106746000000000	0.00900000000000000	0.0106000000000000
2004.83470000000	-0.0173881000000000	0.0132093000000000	0.00900000000000000	0.0106000000000000
2004.83740000000	-0.0184159000000000	0.0123443000000000	0.00870000000000000	0.0102000000000000
2004.84020000000	-0.0181394000000000	0.0142774000000000	0.00860000000000000	0.0101000000000000
2004.84290000000	-0.0195641000000000	0.0122133000000000	0.00910000000000000	0.0107000000000000
2004.84560000000	-0.0193872000000000	0.0116497000000000	0.00900000000000000	0.0106000000000000
2004.84840000000	-0.0195059000000000	0.0105841000000000	0.00890000000000000	0.0105000000000000
2004.85110000000	-0.0195259000000000	0.0122213000000000	0.00860000000000000	0.0102000000000000
2004.85380000000	-0.0197444000000000	0.0102590000000000	0.00900000000000000	0.0105000000000000
2004.85660000000	-0.0198582000000000	0.0103948000000000	0.00910000000000000	0.0107000000000000
2004.85930000000	-0.0193735000000000	0.0128333000000000	0.00870000000000000	0.0103000000000000
2004.86200000000	-0.0224873000000000	0.0113724000000000	0.0106000000000000	0.0125000000000000
2004.86480000000	-0.0222963000000000	0.0129096000000000	0.00900000000000000	0.0106000000000000
2004.86750000000	-0.0215070000000000	0.0116495000000000	0.00890000000000000	0.0104000000000000
2004.87020000000	-0.0235162000000000	0.0122900000000000	0.00930000000000000	0.0110000000000000
2004.87300000000	-0.0233204000000000	0.0129286000000000	0.00870000000000000	0.0103000000000000
2004.87570000000	-0.0223266000000000	0.0125700000000000	0.00880000000000000	0.0103000000000000
2004.87840000000	-0.0240312000000000	0.0123118000000000	0.00860000000000000	0.0102000000000000
2004.88110000000	-0.0241344000000000	0.0121541000000000	0.00870000000000000	0.0102000000000000
2004.88390000000	-0.0220325000000000	0.0132947000000000	0.00880000000000000	0.0103000000000000
2004.88660000000	-0.0221327000000000	0.0141379000000000	0.00880000000000000	0.0103000000000000
2004.88930000000	-0.0256316000000000	0.0142816000000000	0.00860000000000000	0.0102000000000000
2004.89210000000	-0.0223252000000000	0.0157236000000000	0.00890000000000000	0.0104000000000000
2004.89480000000	-0.0213212000000000	0.0141682000000000	0.00870000000000000	0.0103000000000000
2004.89750000000	-0.0220159000000000	0.0151133000000000	0.00870000000000000	0.0102000000000000
2004.90030000000	-0.0200052000000000	0.0132568000000000	0.00880000000000000	0.0103000000000000
2004.90300000000	-0.0213973000000000	0.0137027000000000	0.00940000000000000	0.0111000000000000
2004.90570000000	-0.0237880000000000	0.0145491000000000	0.00870000000000000	0.0103000000000000
2004.90850000000	-0.0261734000000000	0.0134940000000000	0.00940000000000000	0.0110000000000000
2004.91120000000	-0.0239616000000000	0.0157413000000000	0.00850000000000000	0.0100000000000000
2004.91390000000	-0.0249487000000000	0.0154890000000000	0.00840000000000000	0.00990000000000000
2004.91670000000	-0.0272303000000000	0.0148352000000000	0.00830000000000000	0.00970000000000000
2004.91940000000	-0.0239151000000000	0.0165838000000000	0.00860000000000000	0.0100000000000000
2004.92210000000	-0.0271987000000000	0.0154327000000000	0.00850000000000000	0.0100000000000000
2004.92490000000	-0.0246770000000000	0.0147802000000000	0.00850000000000000	0.00990000000000000
2004.92760000000	-0.0231585000000000	0.0162300000000000	0.00850000000000000	0.0100000000000000
2004.93030000000	-0.0256391000000000	0.0147801000000000	0.00870000000000000	0.0102000000000000
2004.93310000000	-0.0259143000000000	0.0148288000000000	0.00840000000000000	0.00990000000000000
2004.93580000000	-0.0238930000000000	0.0157797000000000	0.00920000000000000	0.0108000000000000
2004.93850000000	-0.0276708000000000	0.0166309000000000	0.00920000000000000	0.0108000000000000
2004.94130000000	-0.0242433000000000	0.0170808000000000	0.00860000000000000	0.0101000000000000
2004.94400000000	-0.0218195000000000	0.0169327000000000	0.00860000000000000	0.0101000000000000
2004.94670000000	-0.0255950000000000	0.0171850000000000	0.00860000000000000	0.0101000000000000
2004.94950000000	-0.0270651000000000	0.0150359000000000	0.00870000000000000	0.0102000000000000
2004.95220000000	-0.0250392000000000	0.0164888000000000	0.00870000000000000	0.0102000000000000
2004.95490000000	-0.0260127000000000	0.0176420000000000	0.00850000000000000	0.0100000000000000
2004.95770000000	-0.0264808000000000	0.0162938000000000	0.00850000000000000	0.0100000000000000
2004.96040000000	-0.0248532000000000	0.0156476000000000	0.00890000000000000	0.0105000000000000
2004.96310000000	-0.0261251000000000	0.0174016000000000	0.00850000000000000	0.0100000000000000
2004.96580000000	-0.0262965000000000	0.0169559000000000	0.00850000000000000	0.0100000000000000
2004.96860000000	-0.0257627000000000	0.0169088000000000	0.00840000000000000	0.00990000000000000
2004.97130000000	-0.0268334000000000	0.0159636000000000	0.00860000000000000	0.0102000000000000
2004.97400000000	-0.0266037000000000	0.0180185000000000	0.00870000000000000	0.0102000000000000
2004.97680000000	-0.0262690000000000	0.0169721000000000	0.00860000000000000	0.0101000000000000
2004.97950000000	-0.0298388000000000	0.0168275000000000	0.00850000000000000	0.0100000000000000
2004.98220000000	-0.0261085000000000	0.0173831000000000	0.00840000000000000	0.00990000000000000
2004.98500000000	-0.0276732000000000	0.0170372000000000	0.00830000000000000	0.00980000000000000
2004.98770000000	-0.0270427000000000	0.0171931000000000	0.00870000000000000	0.0102000000000000
2004.99040000000	-0.0291121000000000	0.0162491000000000	0.00920000000000000	0.0108000000000000
2004.99320000000	-0.0288766000000000	0.0162037000000000	0.00950000000000000	0.0111000000000000
2004.99590000000	-0.0284460000000000	0.0168600000000000	0.00940000000000000	0.0110000000000000
2004.99860000000	-0.0281156000000000	0.0167164000000000	0.00970000000000000	0.0115000000000000
2005.00140000000	-0.0264804000000000	0.0161712000000000	0.0100000000000000	0.0117000000000000
2005.00410000000	-0.0295502000000000	0.0181278000000000	0.00900000000000000	0.0106000000000000
2005.00680000000	-0.0269202000000000	0.0169844000000000	0.00890000000000000	0.0105000000000000
2005.00960000000	-0.0290857000000000	0.0163395000000000	0.00890000000000000	0.0105000000000000
2005.01230000000	-0.0292562000000000	0.0160962000000000	0.00890000000000000	0.0105000000000000
2005.01510000000	-0.0260223000000000	0.0162514000000000	0.00860000000000000	0.0101000000000000
2005.01780000000	-0.0267936000000000	0.0171081000000000	0.00870000000000000	0.0103000000000000
2005.02050000000	-0.0287653000000000	0.0180649000000000	0.0103000000000000	0.0121000000000000
2005.02330000000	-0.0279327000000000	0.0194200000000000	0.00930000000000000	0.0109000000000000
2005.02600000000	-0.0291053000000000	0.0184767000000000	0.00980000000000000	0.0116000000000000
2005.03150000000	-0.0282473000000000	0.0177885000000000	0.0100000000000000	0.0118000000000000
2005.03700000000	-0.0288918000000000	0.0184000000000000	0.00860000000000000	0.0102000000000000
2005.03970000000	-0.0277674000000000	0.0175564000000000	0.00870000000000000	0.0102000000000000
2005.04250000000	-0.0280390000000000	0.0173111000000000	0.00850000000000000	0.0101000000000000
2005.04520000000	-0.0258159000000000	0.0180673000000000	0.00870000000000000	0.0103000000000000
2005.04790000000	-0.0264935000000000	0.0187234000000000	0.00870000000000000	0.0102000000000000
2005.05070000000	-0.0268674000000000	0.0172778000000000	0.00890000000000000	0.0105000000000000
2005.05340000000	-0.0289466000000000	0.0186337000000000	0.00870000000000000	0.0102000000000000
2005.05620000000	-0.0288222000000000	0.0167877000000000	0.00880000000000000	0.0104000000000000
2005.05890000000	-0.0300031000000000	0.0176433000000000	0.00870000000000000	0.0102000000000000
2005.06160000000	-0.0305848000000000	0.0178987000000000	0.00860000000000000	0.0102000000000000
2005.06440000000	-0.0285630000000000	0.0185522000000000	0.00880000000000000	0.0103000000000000
2005.06710000000	-0.0325465000000000	0.0171073000000000	0.00870000000000000	0.0103000000000000
2005.06990000000	-0.0301266000000000	0.0178604000000000	0.00880000000000000	0.0104000000000000
2005.07260000000	-0.0298120000000000	0.0170151000000000	0.0100000000000000	0.0118000000000000
2005.07530000000	-0.0284983000000000	0.0187695000000000	0.00880000000000000	0.0104000000000000
2005.07810000000	-0.0275813000000000	0.0185220000000000	0.00990000000000000	0.0117000000000000
2005.08080000000	-0.0273695000000000	0.0176760000000000	0.00880000000000000	0.0104000000000000
2005.08360000000	-0.0292546000000000	0.0194281000000000	0.00870000000000000	0.0102000000000000
2005.08630000000	-0.0294448000000000	0.0204817000000000	0.00880000000000000	0.0103000000000000
2005.08900000000	-0.0310360000000000	0.0199350000000000	0.00860000000000000	0.0102000000000000
2005.09180000000	-0.0278241000000000	0.0197863000000000	0.00880000000000000	0.0103000000000000
2005.09450000000	-0.0276173000000000	0.0193391000000000	0.00860000000000000	0.0102000000000000
2005.09730000000	-0.0308076000000000	0.0202899000000000	0.00860000000000000	0.0102000000000000
2005.10000000000	-0.0282028000000000	0.0216422000000000	0.00880000000000000	0.0104000000000000
2005.10270000000	-0.0312990000000000	0.0182943000000000	0.00900000000000000	0.0107000000000000
2005.10550000000	-0.0302924000000000	0.0226443000000000	0.00880000000000000	0.0104000000000000
2005.10820000000	-0.0295907000000000	0.0202958000000000	0.00870000000000000	0.0103000000000000
2005.11100000000	-0.0304862000000000	0.0212453000000000	0.00870000000000000	0.0103000000000000
2005.11370000000	-0.0308864000000000	0.0201963000000000	0.00890000000000000	0.0104000000000000
2005.11640000000	-0.0283876000000000	0.0195470000000000	0.00890000000000000	0.0105000000000000
2005.11920000000	-0.0306862000000000	0.0199956000000000	0.00920000000000000	0.0109000000000000
2005.12190000000	-0.0286893000000000	0.0185458000000000	0.00900000000000000	0.0106000000000000
2005.12470000000	-0.0304899000000000	0.0195939000000000	0.00900000000000000	0.0106000000000000
2005.12740000000	-0.0308950000000000	0.0193435000000000	0.00940000000000000	0.0111000000000000
2005.13010000000	-0.0320009000000000	0.0199929000000000	0.0101000000000000	0.0118000000000000
2005.13290000000	-0.0309044000000000	0.0225401000000000	0.00900000000000000	0.0105000000000000
2005.13560000000	-0.0283122000000000	0.0214889000000000	0.0102000000000000	0.0120000000000000
2005.13840000000	-0.0292174000000000	0.0201356000000000	0.00990000000000000	0.0117000000000000
2005.14110000000	-0.0289270000000000	0.0205839000000000	0.00940000000000000	0.0109000000000000
2005.14660000000	-0.0316452000000000	0.0193778000000000	0.00930000000000000	0.0108000000000000
2005.14930000000	-0.0277571000000000	0.0199253000000000	0.00920000000000000	0.0109000000000000
2005.15210000000	-0.0263666000000000	0.0204707000000000	0.00920000000000000	0.0107000000000000
2005.15480000000	-0.0290800000000000	0.0205177000000000	0.00940000000000000	0.0109000000000000
2005.15750000000	-0.0277942000000000	0.0199645000000000	0.00910000000000000	0.0107000000000000
2005.16030000000	-0.0281058000000000	0.0179091000000000	0.00920000000000000	0.0108000000000000
2005.16300000000	-0.0288213000000000	0.0221555000000000	0.00950000000000000	0.0111000000000000
2005.16580000000	-0.0284343000000000	0.0208996000000000	0.00900000000000000	0.0106000000000000
2005.16850000000	-0.0291510000000000	0.0187455000000000	0.00960000000000000	0.0113000000000000
2005.17120000000	-0.0291683000000000	0.0199912000000000	0.00910000000000000	0.0107000000000000
2005.17400000000	-0.0309830000000000	0.0174347000000000	0.00990000000000000	0.0116000000000000
2005.17670000000	-0.0312013000000000	0.0186800000000000	0.00930000000000000	0.0109000000000000
2005.17950000000	-0.0269170000000000	0.0205231000000000	0.00940000000000000	0.0110000000000000
2005.18220000000	-0.0278361000000000	0.0222681000000000	0.0101000000000000	0.0118000000000000
2005.18490000000	-0.0297556000000000	0.0215128000000000	0.00900000000000000	0.0105000000000000
2005.18770000000	-0.0306725000000000	0.0214554000000000	0.00890000000000000	0.0104000000000000
2005.19040000000	-0.0307927000000000	0.0224999000000000	0.00930000000000000	0.0110000000000000
2005.19320000000	-0.0299103000000000	0.0214422000000000	0.00910000000000000	0.0106000000000000
2005.19590000000	-0.0322310000000000	0.0199864000000000	0.00910000000000000	0.0106000000000000
2005.19860000000	-0.0325518000000000	0.0208304000000000	0.00890000000000000	0.0105000000000000
2005.20140000000	-0.0311700000000000	0.0223723000000000	0.00910000000000000	0.0106000000000000
2005.20410000000	-0.0316912000000000	0.0213162000000000	0.00910000000000000	0.0106000000000000
2005.20680000000	-0.0311124000000000	0.0201600000000000	0.00930000000000000	0.0108000000000000
2005.20960000000	-0.0305308000000000	0.0221016000000000	0.00910000000000000	0.0107000000000000
2005.21230000000	-0.0319521000000000	0.0209452000000000	0.00990000000000000	0.0116000000000000
2005.21510000000	-0.0311704000000000	0.0193867000000000	0.00960000000000000	0.0113000000000000
2005.21780000000	-0.0331916000000000	0.0195302000000000	0.00970000000000000	0.0113000000000000
2005.22050000000	-0.0298127000000000	0.0219736000000000	0.00940000000000000	0.0110000000000000
2005.22330000000	-0.0309306000000000	0.0213150000000000	0.0100000000000000	0.0117000000000000
2005.22600000000	-0.0317513000000000	0.0192584000000000	0.00950000000000000	0.0111000000000000
2005.22880000000	-0.0317688000000000	0.0221997000000000	0.00900000000000000	0.0106000000000000
2005.23150000000	-0.0307890000000000	0.0215432000000000	0.00880000000000000	0.0103000000000000
2005.23420000000	-0.0305089000000000	0.0214866000000000	0.00910000000000000	0.0107000000000000
2005.23700000000	-0.0314254000000000	0.0208280000000000	0.00940000000000000	0.0110000000000000
2005.23970000000	-0.0336445000000000	0.0197715000000000	0.0107000000000000	0.0125000000000000
2005.24250000000	-0.0311602000000000	0.0220130000000000	0.00950000000000000	0.0111000000000000
2005.24520000000	-0.0321784000000000	0.0226567000000000	0.00920000000000000	0.0108000000000000
2005.24790000000	-0.0312961000000000	0.0241004000000000	0.00910000000000000	0.0106000000000000
2005.25070000000	-0.0293102000000000	0.0212421000000000	0.00900000000000000	0.0106000000000000
2005.25340000000	-0.0319268000000000	0.0215860000000000	0.00920000000000000	0.0108000000000000
2005.25620000000	-0.0343396000000000	0.0201280000000000	0.00980000000000000	0.0114000000000000
2005.25890000000	-0.0314549000000000	0.0197721000000000	0.0109000000000000	0.0128000000000000
2005.26160000000	-0.0333696000000000	0.0208164000000000	0.00910000000000000	0.0106000000000000
2005.26440000000	-0.0335803000000000	0.0207587000000000	0.00940000000000000	0.0110000000000000
2005.26710000000	-0.0347934000000000	0.0207033000000000	0.00990000000000000	0.0116000000000000
2005.26990000000	-0.0332026000000000	0.0218460000000000	0.00980000000000000	0.0114000000000000
2005.27260000000	-0.0300141000000000	0.0227909000000000	0.00960000000000000	0.0112000000000000
2005.27530000000	-0.0312249000000000	0.0231360000000000	0.00920000000000000	0.0108000000000000
2005.27810000000	-0.0361314000000000	0.0235793000000000	0.00940000000000000	0.0110000000000000
2005.28080000000	-0.0343403000000000	0.0223248000000000	0.00930000000000000	0.0108000000000000
2005.28360000000	-0.0348450000000000	0.0220685000000000	0.00960000000000000	0.0111000000000000
2005.28630000000	-0.0317520000000000	0.0214144000000000	0.00890000000000000	0.0104000000000000
2005.28900000000	-0.0308582000000000	0.0230606000000000	0.00910000000000000	0.0106000000000000
2005.29180000000	-0.0288598000000000	0.0231050000000000	0.00900000000000000	0.0105000000000000
2005.29450000000	-0.0339639000000000	0.0200517000000000	0.00990000000000000	0.0116000000000000
2005.29730000000	-0.0369634000000000	0.0207966000000000	0.00990000000000000	0.0116000000000000
2005.30000000000	-0.0358654000000000	0.0229438000000000	0.00950000000000000	0.0110000000000000
2005.30270000000	-0.0324663000000000	0.0228913000000000	0.00910000000000000	0.0106000000000000
2005.30550000000	-0.0333625000000000	0.0217371000000000	0.00900000000000000	0.0105000000000000
2005.30820000000	-0.0331612000000000	0.0208851000000000	0.00940000000000000	0.0111000000000000
2005.31100000000	-0.0354551000000000	0.0220315000000000	0.00940000000000000	0.0110000000000000
2005.31370000000	-0.0352516000000000	0.0201802000000000	0.00920000000000000	0.0108000000000000
2005.31640000000	-0.0339469000000000	0.0214291000000000	0.00910000000000000	0.0107000000000000
2005.31920000000	-0.0329372000000000	0.0208765000000000	0.00930000000000000	0.0109000000000000
2005.32190000000	-0.0338303000000000	0.0215260000000000	0.00950000000000000	0.0112000000000000
2005.32470000000	-0.0379182000000000	0.0193741000000000	0.00990000000000000	0.0115000000000000
2005.32740000000	-0.0357089000000000	0.0218243000000000	0.00900000000000000	0.0105000000000000
2005.33010000000	-0.0336985000000000	0.0225748000000000	0.00930000000000000	0.0109000000000000
2005.33290000000	-0.0335828000000000	0.0221239000000000	0.00910000000000000	0.0107000000000000
2005.33560000000	-0.0362700000000000	0.0208751000000000	0.00910000000000000	0.0107000000000000
2005.33840000000	-0.0346519000000000	0.0227249000000000	0.00940000000000000	0.0110000000000000
2005.34110000000	-0.0335368000000000	0.0240768000000000	0.00900000000000000	0.0106000000000000
2005.34380000000	-0.0348205000000000	0.0222291000000000	0.0100000000000000	0.0116000000000000
2005.34660000000	-0.0344988000000000	0.0209799000000000	0.00980000000000000	0.0115000000000000
2005.34930000000	-0.0327802000000000	0.0240329000000000	0.00910000000000000	0.0106000000000000
2005.35210000000	-0.0353561000000000	0.0228844000000000	0.00960000000000000	0.0112000000000000
2005.35480000000	-0.0344352000000000	0.0235381000000000	0.0104000000000000	0.0121000000000000
2005.35750000000	-0.0340133000000000	0.0221920000000000	0.00940000000000000	0.0110000000000000
2005.36030000000	-0.0337857000000000	0.0228447000000000	0.00920000000000000	0.0108000000000000
2005.36300000000	-0.0354616000000000	0.0229994000000000	0.00920000000000000	0.0108000000000000
2005.36580000000	-0.0324318000000000	0.0233527000000000	0.00920000000000000	0.0108000000000000
2005.36850000000	-0.0340055000000000	0.0203081000000000	0.00950000000000000	0.0110000000000000
2005.37120000000	-0.0333783000000000	0.0228638000000000	0.00980000000000000	0.0115000000000000
2005.37400000000	-0.0357452000000000	0.0242181000000000	0.0109000000000000	0.0128000000000000
2005.37670000000	-0.0359160000000000	0.0252745000000000	0.00960000000000000	0.0113000000000000
2005.37950000000	-0.0359809000000000	0.0242296000000000	0.00950000000000000	0.0111000000000000
2005.38220000000	-0.0342498000000000	0.0245866000000000	0.00950000000000000	0.0110000000000000
2005.38490000000	-0.0336177000000000	0.0244439000000000	0.00960000000000000	0.0112000000000000
2005.38770000000	-0.0346799000000000	0.0244000000000000	0.00920000000000000	0.0108000000000000
2005.39040000000	-0.0329461000000000	0.0236579000000000	0.00920000000000000	0.0108000000000000
2005.39320000000	-0.0362065000000000	0.0250146000000000	0.00920000000000000	0.0107000000000000
2005.39590000000	-0.0341711000000000	0.0236731000000000	0.00940000000000000	0.0110000000000000
2005.39860000000	-0.0334349000000000	0.0245319000000000	0.00940000000000000	0.0110000000000000
2005.40140000000	-0.0354930000000000	0.0246895000000000	0.00930000000000000	0.0110000000000000
2005.40410000000	-0.0357554000000000	0.0220488000000000	0.0102000000000000	0.0120000000000000
2005.40680000000	-0.0347172000000000	0.0222084000000000	0.00930000000000000	0.0109000000000000
2005.40960000000	-0.0349733000000000	0.0255668000000000	0.00950000000000000	0.0112000000000000
2005.41230000000	-0.0307339000000000	0.0250269000000000	0.00940000000000000	0.0110000000000000
2005.41510000000	-0.0348888000000000	0.0230858000000000	0.00900000000000000	0.0106000000000000
2005.41780000000	-0.0343484000000000	0.0251464000000000	0.00940000000000000	0.0110000000000000
2005.42050000000	-0.0341075000000000	0.0248071000000000	0.00930000000000000	0.0109000000000000
2005.42330000000	-0.0341610000000000	0.0236666000000000	0.00960000000000000	0.0111000000000000
2005.42600000000	-0.0348194000000000	0.0235278000000000	0.00950000000000000	0.0110000000000000
2005.42880000000	-0.0354722000000000	0.0239877000000000	0.00960000000000000	0.0111000000000000
2005.43150000000	-0.0339299000000000	0.0236492000000000	0.00970000000000000	0.0113000000000000
2005.43420000000	-0.0340875000000000	0.0249109000000000	0.00920000000000000	0.0108000000000000
2005.43700000000	-0.0323395000000000	0.0243713000000000	0.00920000000000000	0.0108000000000000
2005.43970000000	-0.0350967000000000	0.0243332000000000	0.00950000000000000	0.0110000000000000
2005.44250000000	-0.0347486000000000	0.0240939000000000	0.00980000000000000	0.0113000000000000
2005.44520000000	-0.0363056000000000	0.0233561000000000	0.00970000000000000	0.0114000000000000
2005.44790000000	-0.0310627000000000	0.0251183000000000	0.00960000000000000	0.0112000000000000
2005.45070000000	-0.0340145000000000	0.0247793000000000	0.00950000000000000	0.0110000000000000
2005.45340000000	-0.0369718000000000	0.0240417000000000	0.00960000000000000	0.0113000000000000
2005.45620000000	-0.0366238000000000	0.0242027000000000	0.00940000000000000	0.0109000000000000
2005.45890000000	-0.0331814000000000	0.0247652000000000	0.0101000000000000	0.0118000000000000
2005.46160000000	-0.0346392000000000	0.0272277000000000	0.00980000000000000	0.0115000000000000
2005.46440000000	-0.0332920000000000	0.0242889000000000	0.00900000000000000	0.0106000000000000
2005.46710000000	-0.0317505000000000	0.0251514000000000	0.00910000000000000	0.0107000000000000
2005.46990000000	-0.0321041000000000	0.0250125000000000	0.00940000000000000	0.0111000000000000
2005.47260000000	-0.0338633000000000	0.0234750000000000	0.00990000000000000	0.0115000000000000
2005.47530000000	-0.0335230000000000	0.0229374000000000	0.0101000000000000	0.0119000000000000
2005.47810000000	-0.0332781000000000	0.0232983000000000	0.00960000000000000	0.0113000000000000
2005.48080000000	-0.0338390000000000	0.0231606000000000	0.0100000000000000	0.0117000000000000
2005.48360000000	-0.0334954000000000	0.0215214000000000	0.0100000000000000	0.0117000000000000
2005.48630000000	-0.0340575000000000	0.0233835000000000	0.00960000000000000	0.0113000000000000
2005.48900000000	-0.0353204000000000	0.0226454000000000	0.00960000000000000	0.0113000000000000
2005.49180000000	-0.0356790000000000	0.0255058000000000	0.00970000000000000	0.0113000000000000
2005.49450000000	-0.0312434000000000	0.0255675000000000	0.00940000000000000	0.0110000000000000
2005.49730000000	-0.0363038000000000	0.0239275000000000	0.00920000000000000	0.0107000000000000
2005.50000000000	-0.0341700000000000	0.0220889000000000	0.00940000000000000	0.0109000000000000
2005.50270000000	-0.0347372000000000	0.0247500000000000	0.00910000000000000	0.0107000000000000
2005.50550000000	-0.0341004000000000	0.0254094000000000	0.00940000000000000	0.0110000000000000
2005.50820000000	-0.0336696000000000	0.0247701000000000	0.00890000000000000	0.0104000000000000
2005.51100000000	-0.0335351000000000	0.0242291000000000	0.0101000000000000	0.0119000000000000
2005.51370000000	-0.0341064000000000	0.0223893000000000	0.00990000000000000	0.0115000000000000
2005.51640000000	-0.0336790000000000	0.0232492000000000	0.00920000000000000	0.0108000000000000
2005.51920000000	-0.0328480000000000	0.0248074000000000	0.00890000000000000	0.0105000000000000
2005.52190000000	-0.0322229000000000	0.0231667000000000	0.00960000000000000	0.0112000000000000
2005.52470000000	-0.0341945000000000	0.0259243000000000	0.00950000000000000	0.0111000000000000
2005.52740000000	-0.0333720000000000	0.0252830000000000	0.00960000000000000	0.0113000000000000
2005.53010000000	-0.0316509000000000	0.0232414000000000	0.00950000000000000	0.0112000000000000
2005.53290000000	-0.0358266000000000	0.0218979000000000	0.0111000000000000	0.0131000000000000
2005.53560000000	-0.0369082000000000	0.0224556000000000	0.0105000000000000	0.0123000000000000
2005.53840000000	-0.0369869000000000	0.0235113000000000	0.00940000000000000	0.0111000000000000
2005.54110000000	-0.0343714000000000	0.0244683000000000	0.00950000000000000	0.0111000000000000
