-10.218 15.276
-9.99198 14.4266
>
-9.9921 14.426
-9.76608 13.5766
>
-9.7664 13.577
-9.54038 12.7276
>
-9.5407 12.728
-9.31468 11.8786
>
-9.315 11.878
-9.08898 11.0286
>
-9.0894 11.029
-8.86338 10.1796
>
-8.8637 10.179
-8.63768 9.32956
>
-8.638 9.3299
-8.41198 8.48046
>
-8.4123 8.4805
-8.18628 7.63106
>
-8.5033 7.6881
-7.93776 6.95107
>
-7.9375 6.9508
-7.37196 6.21377
>
-7.3717 6.2134
-6.80616 5.47637
>
-6.806 5.4761
-6.24046 4.73907
>
-6.2402 4.7388
-5.67466 4.00177
>
-5.6744 4.0015
-5.10886 3.26447
>
-5.1087 3.2641
-4.54316 2.52707
>
-4.5429 2.5268
-3.97736 1.78977
>
-3.9771 1.7895
-3.41156 1.05247
>
-3.4113 1.0522
-2.84576 0.315175
>
-2.8456 0.31483
-2.28006 -0.422195
>
-2.2798 -0.4225
-1.71426 -1.15953
>
-1.714 -1.1598
-1.14846 -1.89683
>
-1.1483 -1.8971
-0.582761 -2.63413
>
-0.58248 -2.6345
-0.0169406 -3.37153
>
-4.3957 15.417
-4.19392 14.543
>
-4.194 14.544
-3.99222 13.67
>
-3.9923 13.67
-3.79052 12.796
>
-3.7906 12.797
-3.58882 11.923
>
-3.589 11.923
-3.38722 11.049
>
-3.3873 11.049
-3.18552 10.175
>
-3.1856 10.176
-2.98382 9.30199
>
-2.9839 9.3023
-2.78212 8.42829
>
-2.7822 8.4287
-2.58042 7.55469
>
-2.5806 7.5552
-2.37882 6.68119
>
-2.3789 6.6816
-2.17712 5.80759
>
-2.1772 5.808
-1.97542 4.93399
>
-1.9755 4.9344
-1.77372 4.06039
>
-1.7738 4.0609
-1.57202 3.18689
>
-1.5722 3.1873
-1.37042 2.31329
>
-1.3705 2.3137
-1.16872 1.43969
>
-1.1688 1.4402
-0.967019 0.56619
>
-0.96712 0.56658
-0.765339 -0.30743
>
-0.76544 -0.307
-0.563659 -1.18101
>
-0.56376 -1.1806
-0.361979 -2.05461
>
-0.36208 -2.0541
-0.160299 -2.92811
>
-0.1604 -2.9277
0.0413811 -3.80171
>
0.041278 -3.8013
0.243059 -4.67531
>
0.24296 -4.6749
0.444741 -5.54891
>
0.44464 -5.5484
0.646421 -6.42241
>
0.64632 -6.422
0.848101 -7.29601
>
0.848 -7.2956
1.04978 -8.16961
>
1.0497 -8.1692
1.25148 -9.04321
>
1.2514 -9.0427
1.45318 -9.91671
>
1.136 -9.5706
1.4904 -10.4434
>
1.4905 -10.443
1.8449 -11.3158
>
1.8449 -11.316
2.1993 -12.1888
>
2.1993 -12.189
2.5537 -13.0618
>
2.5537 -13.062
2.9081 -13.9348
>
2.9081 -13.935
3.2625 -14.8078
>
3.2625 -14.807
3.6169 -15.6798
>
3.6169 -15.68
3.9713 -16.5528
>
3.9713 -16.553
4.3257 -17.4258
>
4.3257 -17.426
4.6801 -18.2988
>
4.3421 -17.437
4.95135 -18.0926
>
4.9511 -18.092
5.56035 -18.7476
>
5.5602 -18.748
6.16945 -19.4036
>
6.1693 -19.403
6.77855 -20.0586
>
6.7783 -20.059
7.38755 -20.7146
>
7.3874 -20.714
7.99665 -21.3696
>
7.9965 -21.369
8.60575 -22.0246
>
8.6055 -22.025
9.21475 -22.6806
>
9.2146 -22.68
9.82385 -23.3356
>
9.8237 -23.336
10.4329 -23.9916
>
10.433 -23.991
11.0422 -24.6466
>
11.042 -24.647
11.6512 -25.3026
>
11.651 -25.302
12.2602 -25.9576
>
12.26 -25.957
12.8692 -26.6126
>
12.869 -26.613
13.4782 -27.2686
>
13.478 -27.268
14.0872 -27.9236
>
14.087 -27.924
14.6962 -28.5796
>
14.696 -28.579
15.3052 -29.2346
>
