-45.558000 14.117000
-44.808387 13.425277
>
-44.809000 13.426000
-44.059387 12.734277
>
-44.060000 12.735000
-43.310387 12.043277
>
-43.311000 12.044000
-42.561387 11.352277
>
-42.561000 11.354000
-41.811387 10.662277
>
-41.812000 10.663000
-41.062387 9.971277
>
-41.063000 9.971900
-40.313387 9.280177
>
-40.314000 9.281100
-39.564387 8.589377
>
-39.565000 8.590300
-38.815387 7.898577
>
-38.815000 7.899400
-38.065387 7.207677
>
-38.066000 7.208600
-37.316387 6.516877
>
-34.974000 1.829100
-34.127320 1.225169
>
-34.130000 1.227200
-33.283320 0.623269
>
-33.286000 0.625430
-32.439320 0.021499
>
-32.443000 0.023615
-31.596320 -0.580316
>
-31.599000 -0.578200
-30.752320 -1.182131
>
-30.755000 -1.180000
-29.908320 -1.783931
>
-29.911000 -1.781800
-29.064320 -2.385731
>
-29.067000 -2.383600
-28.220320 -2.987531
>
-28.223000 -2.985400
-27.376320 -3.589331
>
-28.995000 -2.374700
-28.375964 -3.172757
>
-28.379000 -3.170300
-27.759964 -3.968357
>
-27.762000 -3.965900
-27.142964 -4.763957
>
-27.146000 -4.761600
-26.526964 -5.559657
>
-26.529000 -5.557200
-25.909964 -6.355257
>
-25.912000 -6.352900
-25.292964 -7.150957
>
-25.296000 -7.148500
-24.676964 -7.946557
>
-24.679000 -7.944100
-24.059964 -8.742157
>
-24.063000 -8.739800
-23.443964 -9.537857
>
-23.446000 -9.535400
-22.826964 -10.333457
>
-22.829000 -10.331000
-22.209964 -11.129057
>
-22.213000 -11.127000
-21.593964 -11.925057
>
-21.596000 -11.922000
-20.976964 -12.720057
>
-20.980000 -12.718000
-20.360964 -13.516057
>
-20.363000 -13.514000
-19.743964 -14.312057
>
-19.746000 -14.309000
-19.126964 -15.107057
>
-19.130000 -15.105000
-18.510964 -15.903057
>
-18.513000 -15.901000
-17.893964 -16.699057
>
-17.897000 -16.696000
-17.277964 -17.494057
>
-24.940000 -7.965900
-24.523175 -8.863874
>
-24.524000 -8.864100
-24.107175 -9.762074
>
-24.107000 -9.762400
-23.690175 -10.660374
>
-23.691000 -10.661000
-23.274175 -11.558974
>
-23.275000 -11.559000
-22.858175 -12.456974
>
-22.859000 -12.457000
-22.442175 -13.354974
>
-22.443000 -13.355000
-22.026175 -14.252974
>
-22.027000 -14.254000
-21.610175 -15.151974
>
-21.611000 -15.152000
-21.194175 -16.049974
>
-21.195000 -16.050000
-20.778175 -16.947974
>
-20.779000 -16.948000
-20.362175 -17.845974
>
-20.362000 -17.847000
-19.945175 -18.744974
>
-19.946000 -18.745000
-19.529175 -19.642974
>
-19.530000 -19.643000
-19.113175 -20.540974
>
-19.114000 -20.541000
-18.697175 -21.438974
>
-18.698000 -21.440000
-18.281175 -22.337974
>
-18.282000 -22.338000
-17.865175 -23.235974
>
-17.866000 -23.236000
-17.449175 -24.133974
>
-17.450000 -24.134000
-17.033175 -25.031974
>
-17.033000 -25.033000
-16.616175 -25.930974
>
-16.617000 -25.931000
-16.200175 -26.828974
>
-16.201000 -26.829000
-15.784175 -27.726974
>
-15.785000 -27.727000
-15.368175 -28.624974
>
-15.369000 -28.626000
-14.952175 -29.523974
>
-16.999000 -24.363000
-16.888534 -25.347824
>
-16.889000 -25.348000
-16.778534 -26.332824
>
-16.779000 -26.333000
-16.668534 -27.317824
>
-16.669000 -27.318000
-16.558534 -28.302824
>
-16.559000 -28.302000
-16.448534 -29.286824
>
-16.448000 -29.287000
-16.337534 -30.271824
>
-16.338000 -30.272000
-16.227534 -31.256824
>
-16.228000 -31.257000
-16.117534 -32.241824
>
-16.118000 -32.242000
-16.007534 -33.226824
>
-16.008000 -33.226000
-15.897534 -34.210824
>
-15.897000 -34.211000
-15.786534 -35.195824
>
-15.787000 -35.196000
-15.676534 -36.180824
>
-15.677000 -36.181000
-15.566534 -37.165824
>
-15.567000 -37.165000
-15.456534 -38.149824
>
-15.457000 -38.150000
-15.346534 -39.134824
>
-15.347000 -39.135000
-15.236534 -40.119824
>
-15.236000 -40.120000
-15.125534 -41.104824
>
-15.126000 -41.105000
-15.015534 -42.089824
>
-15.016000 -42.089000
-14.905534 -43.073824
>
-14.906000 -43.074000
-14.795534 -44.058824
>
-14.796000 -44.059000
-14.685534 -45.043824
>
-14.686000 -45.044000
-14.575534 -46.028824
>
-35.229000 3.130600
-34.243297 3.299089
>
-34.243000 3.298300
-33.257297 3.466789
>
-33.257000 3.465900
-32.271297 3.634389
>
-32.271000 3.633500
-31.285297 3.801989
>
-31.286000 3.801200
-30.300297 3.969689
>
-30.300000 3.968800
-29.314297 4.137289
>
-29.314000 4.136400
-28.328297 4.304889
>
-28.328000 4.304000
-27.342297 4.472489
>
-27.342000 4.471700
-26.356297 4.640189
>
-26.356000 4.639300
-25.370297 4.807789
>
-25.370000 4.806900
-24.384297 4.975389
>
-24.385000 4.974600
-23.399297 5.143089
>
-23.399000 5.142200
-22.413297 5.310689
>
-22.413000 5.309800
-21.427297 5.478289
>
-21.427000 5.477400
-20.441297 5.645889
>
-20.441000 5.645100
-19.455297 5.813589
>
-27.541000 -3.506400
-26.571072 -3.494550
>
-26.571000 -3.494900
-25.601072 -3.483050
>
-25.602000 -3.483300
-24.632072 -3.471450
>
-24.632000 -3.471800
-23.662072 -3.459950
>
-23.663000 -3.460200
-22.693072 -3.448350
>
-22.693000 -3.448700
-21.723072 -3.436850
>
-21.724000 -3.437100
-20.754072 -3.425250
>
-20.754000 -3.425600
-19.784072 -3.413750
>
-19.785000 -3.414000
-18.815072 -3.402150
>
-18.815000 -3.402500
-17.845072 -3.390650
>
-17.846000 -3.390900
-16.876072 -3.379050
>
-16.876000 -3.379400
-15.906072 -3.367550
>
-15.907000 -3.367800
-14.937072 -3.355950
>
-14.937000 -3.356300
-13.967072 -3.344450
