#         t         u1         u2         u3        s11        s12        s13        s22        s23        s33
 0.0000e+00  0.000e+00  0.000e+00  0.000e+00  0.000e+00  0.000e+00  0.000e+00  0.000e+00  0.000e+00  0.000e+00
 2.3940e-04  1.200e-05 -4.000e-05 -1.000e-05 -4.000e-05  4.000e-05  0.000e+00  0.000e+00  0.000e+00 -1.000e-06
 5.4130e-04  2.500e-05 -8.000e-05 -2.000e-05 -8.000e-05  9.000e-05  1.000e-07  0.000e+00  0.000e+00 -2.000e-06
 9.1820e-04  4.000e-05 -1.300e-04 -4.000e-05 -1.300e-04  1.400e-04  2.000e-07 -1.000e-04  0.000e+00 -3.000e-06
 1.3830e-03  5.600e-05 -1.800e-04 -6.000e-05 -1.900e-04  1.900e-04  3.000e-07 -1.000e-04  1.000e-06 -5.000e-06
 1.9490e-03  7.400e-05 -2.300e-04 -7.000e-05 -2.500e-04  2.400e-04  3.000e-07 -2.000e-04  1.000e-06 -6.000e-06
 2.6330e-03  9.300e-05 -2.800e-04 -9.000e-05 -3.100e-04  3.000e-04  4.000e-07 -2.000e-04  2.000e-06 -8.000e-06
 3.4530e-03  1.120e-04 -3.400e-04 -1.100e-04 -3.800e-04  3.600e-04  5.000e-07 -3.000e-04  2.000e-06 -1.000e-05
 4.4280e-03  1.330e-04 -4.000e-04 -1.300e-04 -4.500e-04  4.200e-04  7.000e-07 -3.000e-04  3.000e-06 -1.200e-05
 5.5800e-03  1.540e-04 -4.600e-04 -1.400e-04 -5.300e-04  4.800e-04  8.000e-07 -4.000e-04  4.000e-06 -1.400e-05
 6.9340e-03  1.750e-04 -5.200e-04 -1.600e-04 -6.100e-04  5.300e-04  1.000e-06 -5.000e-04  4.000e-06 -1.600e-05
 8.5190e-03  1.970e-04 -5.900e-04 -1.800e-04 -6.900e-04  5.900e-04  1.100e-06 -5.000e-04  5.000e-06 -1.800e-05
 1.0370e-02  2.190e-04 -6.500e-04 -2.000e-04 -7.800e-04  6.500e-04  1.300e-06 -6.000e-04  6.000e-06 -2.000e-05
 1.2510e-02  2.400e-04 -7.100e-04 -2.200e-04 -8.700e-04  7.000e-04  1.600e-06 -7.000e-04  7.000e-06 -2.200e-05
 1.5000e-02  2.620e-04 -7.700e-04 -2.400e-04 -9.600e-04  7.500e-04  1.800e-06 -8.000e-04  8.000e-06 -2.400e-05
 1.7860e-02  2.830e-04 -8.400e-04 -2.600e-04 -1.050e-03  8.000e-04  2.100e-06 -9.000e-04  9.000e-06 -2.700e-05
 2.1170e-02  3.030e-04 -9.000e-04 -2.800e-04 -1.140e-03  8.500e-04  2.300e-06 -9.000e-04  1.100e-05 -2.900e-05
 2.4960e-02  3.220e-04 -9.700e-04 -3.000e-04 -1.230e-03  9.000e-04  2.700e-06 -1.000e-03  1.200e-05 -3.200e-05
 2.9310e-02  3.410e-04 -1.030e-03 -3.200e-04 -1.330e-03  9.400e-04  3.000e-06 -1.200e-03  1.300e-05 -3.400e-05
 3.4270e-02  3.580e-04 -1.100e-03 -3.400e-04 -1.420e-03  9.800e-04  3.400e-06 -1.300e-03  1.400e-05 -3.700e-05
 3.9940e-02  3.740e-04 -1.160e-03 -3.600e-04 -1.510e-03  1.020e-03  3.700e-06 -1.400e-03  1.500e-05 -3.900e-05
 4.6390e-02  3.890e-04 -1.230e-03 -3.900e-04 -1.610e-03  1.060e-03  4.100e-06 -1.500e-03  1.700e-05 -4.200e-05
 5.3720e-02  4.030e-04 -1.300e-03 -4.100e-04 -1.700e-03  1.090e-03  4.500e-06 -1.600e-03  1.800e-05 -4.500e-05
 6.1880e-02  4.140e-04 -1.370e-03 -4.400e-04 -1.790e-03  1.130e-03  4.900e-06 -1.700e-03  1.900e-05 -4.800e-05
 7.0870e-02  4.240e-04 -1.430e-03 -4.700e-04 -1.880e-03  1.150e-03  5.300e-06 -1.900e-03  2.000e-05 -5.100e-05
 8.0760e-02  4.330e-04 -1.500e-03 -5.000e-04 -1.960e-03  1.180e-03  5.700e-06 -2.000e-03  2.100e-05 -5.300e-05
 9.1570e-02  4.400e-04 -1.560e-03 -5.300e-04 -2.040e-03  1.200e-03  6.200e-06 -2.100e-03  2.200e-05 -5.600e-05
 1.0340e-01  4.460e-04 -1.630e-03 -5.600e-04 -2.120e-03  1.220e-03  6.600e-06 -2.200e-03  2.300e-05 -5.900e-05
 1.1620e-01  4.500e-04 -1.690e-03 -5.900e-04 -2.190e-03  1.240e-03  7.000e-06 -2.300e-03  2.400e-05 -6.200e-05
 1.3000e-01  4.530e-04 -1.760e-03 -6.200e-04 -2.260e-03  1.260e-03  7.400e-06 -2.500e-03  2.400e-05 -6.500e-05
 1.4500e-01  4.560e-04 -1.820e-03 -6.500e-04 -2.330e-03  1.270e-03  7.800e-06 -2.600e-03  2.500e-05 -6.800e-05
 1.6100e-01  4.570e-04 -1.880e-03 -6.800e-04 -2.400e-03  1.280e-03  8.100e-06 -2.700e-03  2.600e-05 -7.000e-05
 1.7810e-01  4.570e-04 -1.940e-03 -7.100e-04 -2.460e-03  1.290e-03  8.500e-06 -2.800e-03  2.600e-05 -7.300e-05
 1.9630e-01  4.570e-04 -2.010e-03 -7.400e-04 -2.520e-03  1.300e-03  8.800e-06 -2.900e-03  2.700e-05 -7.600e-05
 2.1570e-01  4.560e-04 -2.070e-03 -7.800e-04 -2.570e-03  1.310e-03  9.200e-06 -3.000e-03  2.800e-05 -7.800e-05
 2.3630e-01  4.540e-04 -2.130e-03 -8.100e-04 -2.630e-03  1.320e-03  9.500e-06 -3.100e-03  2.800e-05 -8.100e-05
 2.5810e-01  4.520e-04 -2.190e-03 -8.400e-04 -2.680e-03  1.330e-03  9.800e-06 -3.200e-03  2.900e-05 -8.300e-05
 2.8110e-01  4.490e-04 -2.240e-03 -8.800e-04 -2.730e-03  1.330e-03  1.020e-05 -3.300e-03  3.000e-05 -8.600e-05
 3.0540e-01  4.460e-04 -2.300e-03 -9.100e-04 -2.770e-03  1.340e-03  1.050e-05 -3.500e-03  3.000e-05 -8.800e-05
 3.3100e-01  4.430e-04 -2.360e-03 -9.500e-04 -2.820e-03  1.340e-03  1.080e-05 -3.600e-03  3.100e-05 -9.100e-05
 3.5800e-01  4.390e-04 -2.420e-03 -9.800e-04 -2.860e-03  1.350e-03  1.110e-05 -3.700e-03  3.100e-05 -9.300e-05
 3.8630e-01  4.360e-04 -2.470e-03 -1.010e-03 -2.900e-03  1.350e-03  1.130e-05 -3.800e-03  3.200e-05 -9.500e-05
 4.1610e-01  4.320e-04 -2.530e-03 -1.050e-03 -2.930e-03  1.350e-03  1.160e-05 -3.800e-03  3.200e-05 -9.700e-05
 4.4720e-01  4.280e-04 -2.580e-03 -1.080e-03 -2.970e-03  1.360e-03  1.180e-05 -3.900e-03  3.300e-05 -1.000e-04
 4.7990e-01  4.230e-04 -2.640e-03 -1.120e-03 -3.010e-03  1.360e-03  1.210e-05 -4.000e-03  3.300e-05 -1.020e-04
 5.1400e-01  4.190e-04 -2.690e-03 -1.150e-03 -3.040e-03  1.360e-03  1.240e-05 -4.100e-03  3.300e-05 -1.040e-04
 5.4970e-01  4.140e-04 -2.740e-03 -1.190e-03 -3.070e-03  1.360e-03  1.260e-05 -4.200e-03  3.400e-05 -1.060e-04
 5.8690e-01  4.100e-04 -2.800e-03 -1.220e-03 -3.100e-03  1.360e-03  1.280e-05 -4.300e-03  3.400e-05 -1.090e-04
 6.2580e-01  4.050e-04 -2.850e-03 -1.260e-03 -3.130e-03  1.360e-03  1.300e-05 -4.400e-03  3.500e-05 -1.110e-04
 6.6630e-01  4.010e-04 -2.900e-03 -1.290e-03 -3.160e-03  1.360e-03  1.320e-05 -4.500e-03  3.500e-05 -1.130e-04
 7.0850e-01  3.960e-04 -2.950e-03 -1.320e-03 -3.180e-03  1.360e-03  1.350e-05 -4.600e-03  3.500e-05 -1.150e-04
 7.5240e-01  3.910e-04 -3.000e-03 -1.360e-03 -3.210e-03  1.370e-03  1.370e-05 -4.600e-03  3.600e-05 -1.170e-04
 7.9820e-01  3.870e-04 -3.050e-03 -1.390e-03 -3.230e-03  1.370e-03  1.390e-05 -4.700e-03  3.600e-05 -1.190e-04
 8.4570e-01  3.820e-04 -3.100e-03 -1.430e-03 -3.250e-03  1.370e-03  1.400e-05 -4.800e-03  3.600e-05 -1.210e-04
 8.9510e-01  3.780e-04 -3.150e-03 -1.460e-03 -3.270e-03  1.370e-03  1.420e-05 -4.900e-03  3.700e-05 -1.230e-04
 9.4640e-01  3.730e-04 -3.200e-03 -1.490e-03 -3.290e-03  1.360e-03  1.440e-05 -5.000e-03  3.700e-05 -1.250e-04
 9.9960e-01  3.680e-04 -3.250e-03 -1.530e-03 -3.310e-03  1.360e-03  1.460e-05 -5.000e-03  3.700e-05 -1.270e-04
 1.0550e+00  3.640e-04 -3.290e-03 -1.560e-03 -3.330e-03  1.360e-03  1.480e-05 -5.100e-03  3.700e-05 -1.290e-04
 1.1120e+00  3.590e-04 -3.340e-03 -1.590e-03 -3.350e-03  1.360e-03  1.500e-05 -5.200e-03  3.700e-05 -1.310e-04
 1.1710e+00  3.550e-04 -3.390e-03 -1.630e-03 -3.370e-03  1.360e-03  1.510e-05 -5.300e-03  3.800e-05 -1.320e-04
 1.2330e+00  3.510e-04 -3.430e-03 -1.660e-03 -3.380e-03  1.360e-03  1.530e-05 -5.300e-03  3.800e-05 -1.340e-04
 1.2960e+00  3.460e-04 -3.480e-03 -1.690e-03 -3.400e-03  1.360e-03  1.550e-05 -5.400e-03  3.800e-05 -1.360e-04
 1.3620e+00  3.420e-04 -3.530e-03 -1.730e-03 -3.410e-03  1.360e-03  1.560e-05 -5.500e-03  3.800e-05 -1.380e-04
 1.4300e+00  3.380e-04 -3.570e-03 -1.760e-03 -3.430e-03  1.360e-03  1.580e-05 -5.500e-03  3.800e-05 -1.400e-04
 1.5000e+00  3.340e-04 -3.620e-03 -1.790e-03 -3.440e-03  1.360e-03  1.590e-05 -5.600e-03  3.800e-05 -1.410e-04
 1.5730e+00  3.290e-04 -3.660e-03 -1.830e-03 -3.460e-03  1.360e-03  1.610e-05 -5.700e-03  3.900e-05 -1.430e-04
 1.6480e+00  3.250e-04 -3.700e-03 -1.860e-03 -3.470e-03  1.350e-03  1.620e-05 -5.800e-03  3.900e-05 -1.450e-04
 1.7250e+00  3.210e-04 -3.750e-03 -1.890e-03 -3.480e-03  1.350e-03  1.640e-05 -5.800e-03  3.900e-05 -1.470e-04
 1.8050e+00  3.170e-04 -3.790e-03 -1.920e-03 -3.490e-03  1.350e-03  1.650e-05 -5.900e-03  3.900e-05 -1.480e-04
 1.8870e+00  3.130e-04 -3.830e-03 -1.950e-03 -3.500e-03  1.350e-03  1.660e-05 -5.900e-03  4.000e-05 -1.500e-04
 1.9720e+00  3.100e-04 -3.880e-03 -1.990e-03 -3.510e-03  1.350e-03  1.680e-05 -6.000e-03  4.000e-05 -1.520e-04
 2.0600e+00  3.060e-04 -3.920e-03 -2.020e-03 -3.520e-03  1.350e-03  1.690e-05 -6.100e-03  4.000e-05 -1.530e-04
 2.1510e+00  3.020e-04 -3.960e-03 -2.050e-03 -3.530e-03  1.350e-03  1.700e-05 -6.100e-03  4.000e-05 -1.550e-04
 2.2440e+00  2.980e-04 -4.000e-03 -2.080e-03 -3.540e-03  1.350e-03  1.710e-05 -6.200e-03  4.000e-05 -1.560e-04
 2.3400e+00  2.950e-04 -4.040e-03 -2.110e-03 -3.550e-03  1.340e-03  1.720e-05 -6.300e-03  4.000e-05 -1.580e-04
 2.4390e+00  2.910e-04 -4.080e-03 -2.144e-03 -3.560e-03  1.340e-03  1.730e-05 -6.300e-03  4.000e-05 -1.590e-04
 2.5400e+00  2.870e-04 -4.120e-03 -2.175e-03 -3.560e-03  1.340e-03  1.740e-05 -6.400e-03  4.000e-05 -1.610e-04
 2.6450e+00  2.840e-04 -4.160e-03 -2.206e-03 -3.570e-03  1.340e-03  1.760e-05 -6.400e-03  4.000e-05 -1.630e-04
 2.7530e+00  2.800e-04 -4.200e-03 -2.237e-03 -3.580e-03  1.340e-03  1.770e-05 -6.500e-03  4.000e-05 -1.640e-04
 2.8640e+00  2.770e-04 -4.240e-03 -2.267e-03 -3.580e-03  1.340e-03  1.780e-05 -6.500e-03  4.000e-05 -1.660e-04
 2.9780e+00  2.740e-04 -4.280e-03 -2.297e-03 -3.590e-03  1.330e-03  1.790e-05 -6.600e-03  4.100e-05 -1.670e-04
 3.0960e+00  2.700e-04 -4.320e-03 -2.328e-03 -3.600e-03  1.330e-03  1.800e-05 -6.700e-03  4.100e-05 -1.680e-04
