#         t         u1         u2         u3        s11        s12        s13        s22        s23        s33
 0.0000e+00  0.000e+00  0.000e+00  0.000e+00  0.000e+00  0.000e+00  0.000e+00  0.000e+00  0.000e+00  0.000e+00
 2.3940e-04 -1.000e-04  2.000e-05 -1.000e-05 -1.000e-04 -2.000e-05 -1.000e-06  1.000e-04  8.000e-07  0.000e+00
 5.4130e-04 -1.000e-04  5.000e-05 -3.000e-05 -2.000e-04 -4.000e-05 -1.000e-06  2.000e-04  1.600e-06 -1.000e-06
 9.1820e-04 -2.000e-04  7.000e-05 -6.000e-05 -2.000e-04 -6.000e-05 -2.000e-06  3.000e-04  2.500e-06 -2.000e-06
 1.3830e-03 -2.000e-04  1.100e-04 -9.000e-05 -3.000e-04 -8.000e-05 -3.000e-06  4.000e-04  3.400e-06 -3.000e-06
 1.9490e-03 -3.000e-04  1.400e-04 -1.300e-04 -4.000e-04 -1.000e-04 -4.000e-06  5.000e-04  4.400e-06 -3.000e-06
 2.6330e-03 -3.000e-04  1.800e-04 -1.800e-04 -4.000e-04 -1.300e-04 -4.000e-06  7.000e-04  5.500e-06 -4.000e-06
 3.4530e-03 -4.000e-04  2.300e-04 -2.500e-04 -5.000e-04 -1.500e-04 -5.000e-06  9.000e-04  6.600e-06 -5.000e-06
 4.4280e-03 -4.000e-04  2.800e-04 -3.200e-04 -6.000e-04 -1.800e-04 -5.000e-06  1.100e-03  7.700e-06 -5.000e-06
 5.5800e-03 -5.000e-04  3.300e-04 -4.100e-04 -6.000e-04 -2.100e-04 -6.000e-06  1.300e-03  8.900e-06 -6.000e-06
 6.9340e-03 -6.000e-04  3.900e-04 -5.000e-04 -6.000e-04 -2.300e-04 -6.000e-06  1.500e-03  1.010e-05 -7.000e-06
 8.5190e-03 -6.000e-04  4.500e-04 -6.200e-04 -6.000e-04 -2.600e-04 -6.000e-06  1.800e-03  1.130e-05 -7.000e-06
 1.0370e-02 -7.000e-04  5.100e-04 -7.400e-04 -6.000e-04 -2.900e-04 -6.000e-06  2.100e-03  1.260e-05 -7.000e-06
 1.2510e-02 -8.000e-04  5.800e-04 -8.700e-04 -6.000e-04 -3.200e-04 -6.000e-06  2.400e-03  1.380e-05 -8.000e-06
 1.5000e-02 -9.000e-04  6.500e-04 -1.020e-03 -6.000e-04 -3.500e-04 -7.000e-06  2.800e-03  1.510e-05 -8.000e-06
 1.7860e-02 -9.000e-04  7.200e-04 -1.180e-03 -5.000e-04 -3.800e-04 -6.000e-06  3.100e-03  1.640e-05 -9.000e-06
 2.1170e-02 -1.000e-03  7.900e-04 -1.360e-03 -5.000e-04 -4.100e-04 -6.000e-06  3.500e-03  1.760e-05 -9.000e-06
 2.4960e-02 -1.100e-03  8.700e-04 -1.540e-03 -4.000e-04 -4.300e-04 -6.000e-06  3.900e-03  1.880e-05 -1.000e-05
 2.9310e-02 -1.200e-03  9.500e-04 -1.740e-03 -3.000e-04 -4.600e-04 -6.000e-06  4.400e-03  2.000e-05 -1.000e-05
 3.4270e-02 -1.300e-03  1.020e-03 -1.950e-03 -2.000e-04 -4.900e-04 -6.000e-06  4.800e-03  2.110e-05 -1.100e-05
 3.9940e-02 -1.400e-03  1.100e-03 -2.170e-03 -1.000e-04 -5.200e-04 -6.000e-06  5.200e-03  2.230e-05 -1.200e-05
 4.6390e-02 -1.500e-03  1.180e-03 -2.400e-03  0.000e+00 -5.400e-04 -6.000e-06  5.700e-03  2.330e-05 -1.200e-05
 5.3720e-02 -1.600e-03  1.260e-03 -2.640e-03  1.000e-04 -5.700e-04 -6.000e-06  6.200e-03  2.440e-05 -1.300e-05
 6.1880e-02 -1.700e-03  1.330e-03 -2.880e-03  3.000e-04 -6.000e-04 -6.000e-06  6.700e-03  2.530e-05 -1.400e-05
 7.0870e-02 -1.800e-03  1.410e-03 -3.130e-03  4.000e-04 -6.200e-04 -6.000e-06  7.200e-03  2.610e-05 -1.500e-05
 8.0760e-02 -1.900e-03  1.480e-03 -3.380e-03  6.000e-04 -6.400e-04 -6.000e-06  7.600e-03  2.690e-05 -1.600e-05
 9.1570e-02 -2.000e-03  1.540e-03 -3.630e-03  7.000e-04 -6.600e-04 -6.000e-06  8.100e-03  2.750e-05 -1.700e-05
 1.0340e-01 -2.100e-03  1.610e-03 -3.890e-03  9.000e-04 -6.800e-04 -6.000e-06  8.600e-03  2.820e-05 -1.800e-05
 1.1620e-01 -2.200e-03  1.670e-03 -4.140e-03  1.000e-03 -7.000e-04 -6.000e-06  9.000e-03  2.870e-05 -1.900e-05
 1.3000e-01 -2.300e-03  1.730e-03 -4.390e-03  1.200e-03 -7.200e-04 -6.000e-06  9.500e-03  2.920e-05 -2.000e-05
 1.4500e-01 -2.400e-03  1.780e-03 -4.640e-03  1.300e-03 -7.300e-04 -7.000e-06  9.900e-03  2.950e-05 -2.200e-05
 1.6100e-01 -2.500e-03  1.830e-03 -4.890e-03  1.500e-03 -7.500e-04 -6.000e-06  1.040e-02  2.990e-05 -2.300e-05
 1.7810e-01 -2.600e-03  1.880e-03 -5.140e-03  1.600e-03 -7.600e-04 -6.000e-06  1.080e-02  3.020e-05 -2.400e-05
 1.9630e-01 -2.600e-03  1.920e-03 -5.380e-03  1.800e-03 -7.700e-04 -6.000e-06  1.120e-02  3.040e-05 -2.600e-05
 2.1570e-01 -2.700e-03  1.960e-03 -5.620e-03  1.900e-03 -7.800e-04 -7.000e-06  1.160e-02  3.060e-05 -2.700e-05
 2.3630e-01 -2.800e-03  2.000e-03 -5.860e-03  2.100e-03 -7.900e-04 -7.000e-06  1.200e-02  3.070e-05 -2.900e-05
 2.5810e-01 -2.900e-03  2.040e-03 -6.090e-03  2.200e-03 -8.000e-04 -7.000e-06  1.240e-02  3.070e-05 -3.100e-05
 2.8110e-01 -2.900e-03  2.070e-03 -6.320e-03  2.400e-03 -8.100e-04 -6.000e-06  1.280e-02  3.070e-05 -3.200e-05
 3.0540e-01 -3.000e-03  2.100e-03 -6.550e-03  2.500e-03 -8.200e-04 -6.000e-06  1.310e-02  3.080e-05 -3.400e-05
 3.3100e-01 -3.100e-03  2.130e-03 -6.770e-03  2.700e-03 -8.200e-04 -6.000e-06  1.350e-02  3.080e-05 -3.500e-05
 3.5800e-01 -3.200e-03  2.160e-03 -6.990e-03  2.800e-03 -8.300e-04 -6.000e-06  1.380e-02  3.080e-05 -3.600e-05
 3.8630e-01 -3.200e-03  2.190e-03 -7.210e-03  2.900e-03 -8.300e-04 -6.000e-06  1.420e-02  3.070e-05 -3.800e-05
 4.1610e-01 -3.300e-03  2.210e-03 -7.420e-03  3.100e-03 -8.300e-04 -6.000e-06  1.450e-02  3.060e-05 -4.000e-05
 4.4720e-01 -3.300e-03  2.230e-03 -7.630e-03  3.200e-03 -8.400e-04 -6.000e-06  1.490e-02  3.040e-05 -4.200e-05
 4.7990e-01 -3.400e-03  2.250e-03 -7.840e-03  3.300e-03 -8.400e-04 -6.000e-06  1.520e-02  3.020e-05 -4.300e-05
 5.1400e-01 -3.400e-03  2.270e-03 -8.050e-03  3.400e-03 -8.400e-04 -6.000e-06  1.550e-02  3.010e-05 -4.500e-05
 5.4970e-01 -3.500e-03  2.290e-03 -8.250e-03  3.600e-03 -8.400e-04 -5.000e-06  1.580e-02  2.990e-05 -4.700e-05
 5.8690e-01 -3.500e-03  2.300e-03 -8.450e-03  3.700e-03 -8.400e-04 -5.000e-06  1.610e-02  2.960e-05 -4.900e-05
 6.2580e-01 -3.600e-03  2.320e-03 -8.640e-03  3.800e-03 -8.400e-04 -5.000e-06  1.640e-02  2.940e-05 -5.000e-05
 6.6630e-01 -3.600e-03  2.330e-03 -8.840e-03  3.900e-03 -8.400e-04 -5.000e-06  1.670e-02  2.920e-05 -5.200e-05
 7.0850e-01 -3.700e-03  2.340e-03 -9.030e-03  4.000e-03 -8.400e-04 -5.000e-06  1.700e-02  2.900e-05 -5.400e-05
 7.5240e-01 -3.700e-03  2.350e-03 -9.220e-03  4.200e-03 -8.400e-04 -5.000e-06  1.720e-02  2.870e-05 -5.600e-05
 7.9820e-01 -3.800e-03  2.360e-03 -9.400e-03  4.300e-03 -8.300e-04 -5.000e-06  1.750e-02  2.860e-05 -5.800e-05
 8.4570e-01 -3.800e-03  2.370e-03 -9.590e-03  4.400e-03 -8.300e-04 -4.000e-06  1.780e-02  2.840e-05 -5.900e-05
 8.9510e-01 -3.800e-03  2.380e-03 -9.770e-03  4.500e-03 -8.300e-04 -4.000e-06  1.800e-02  2.810e-05 -6.100e-05
 9.4640e-01 -3.900e-03  2.390e-03 -9.950e-03  4.600e-03 -8.200e-04 -4.000e-06  1.830e-02  2.780e-05 -6.300e-05
 9.9960e-01 -3.900e-03  2.390e-03 -1.012e-02  4.700e-03 -8.200e-04 -4.000e-06  1.860e-02  2.760e-05 -6.400e-05
 1.0550e+00 -4.000e-03  2.400e-03 -1.030e-02  4.800e-03 -8.200e-04 -4.000e-06  1.880e-02  2.730e-05 -6.600e-05
 1.1120e+00 -4.000e-03  2.410e-03 -1.047e-02  4.900e-03 -8.100e-04 -4.000e-06  1.900e-02  2.700e-05 -6.800e-05
 1.1710e+00 -4.000e-03  2.410e-03 -1.064e-02  5.000e-03 -8.100e-04 -3.000e-06  1.930e-02  2.670e-05 -7.000e-05
 1.2330e+00 -4.000e-03  2.410e-03 -1.081e-02  5.100e-03 -8.000e-04 -3.000e-06  1.950e-02  2.650e-05 -7.100e-05
 1.2960e+00 -4.100e-03  2.420e-03 -1.097e-02  5.200e-03 -8.000e-04 -3.000e-06  1.970e-02  2.620e-05 -7.300e-05
 1.3620e+00 -4.100e-03  2.420e-03 -1.114e-02  5.300e-03 -7.900e-04 -2.000e-06  2.000e-02  2.590e-05 -7.500e-05
 1.4300e+00 -4.100e-03  2.420e-03 -1.130e-02  5.400e-03 -7.900e-04 -2.000e-06  2.020e-02  2.550e-05 -7.700e-05
 1.5000e+00 -4.200e-03  2.420e-03 -1.146e-02  5.500e-03 -7.800e-04 -2.000e-06  2.040e-02  2.530e-05 -7.800e-05
 1.5730e+00 -4.200e-03  2.420e-03 -1.162e-02  5.600e-03 -7.700e-04 -2.000e-06  2.060e-02  2.500e-05 -8.000e-05
 1.6480e+00 -4.200e-03  2.420e-03 -1.177e-02  5.700e-03 -7.700e-04 -1.000e-06  2.090e-02  2.470e-05 -8.200e-05
 1.7250e+00 -4.200e-03  2.420e-03 -1.193e-02  5.800e-03 -7.600e-04 -1.000e-06  2.110e-02  2.450e-05 -8.300e-05
 1.8050e+00 -4.300e-03  2.420e-03 -1.208e-02  5.900e-03 -7.500e-04  0.000e+00  2.130e-02  2.420e-05 -8.500e-05
 1.8870e+00 -4.300e-03  2.420e-03 -1.223e-02  6.000e-03 -7.500e-04  0.000e+00  2.150e-02  2.390e-05 -8.700e-05
 1.9720e+00 -4.300e-03  2.420e-03 -1.238e-02  6.100e-03 -7.400e-04  0.000e+00  2.170e-02  2.350e-05 -8.800e-05
 2.0600e+00 -4.300e-03  2.420e-03 -1.253e-02  6.200e-03 -7.300e-04  0.000e+00  2.190e-02  2.320e-05 -9.000e-05
 2.1510e+00 -4.300e-03  2.420e-03 -1.268e-02  6.300e-03 -7.300e-04  1.000e-06  2.210e-02  2.290e-05 -9.100e-05
 2.2440e+00 -4.400e-03  2.410e-03 -1.283e-02  6.400e-03 -7.200e-04  1.000e-06  2.230e-02  2.260e-05 -9.200e-05
 2.3400e+00 -4.400e-03  2.410e-03 -1.297e-02  6.500e-03 -7.100e-04  1.000e-06  2.240e-02  2.230e-05 -9.400e-05
 2.4390e+00 -4.400e-03  2.410e-03 -1.311e-02  6.600e-03 -7.000e-04  2.000e-06  2.260e-02  2.200e-05 -9.500e-05
 2.5400e+00 -4.400e-03  2.400e-03 -1.325e-02  6.600e-03 -7.000e-04  2.000e-06  2.280e-02  2.170e-05 -9.700e-05
 2.6450e+00 -4.400e-03  2.400e-03 -1.339e-02  6.700e-03 -6.900e-04  3.000e-06  2.300e-02  2.130e-05 -9.900e-05
 2.7530e+00 -4.400e-03  2.400e-03 -1.353e-02  6.800e-03 -6.800e-04  3.000e-06  2.320e-02  2.110e-05 -1.000e-04
 2.8640e+00 -4.400e-03  2.390e-03 -1.367e-02  6.900e-03 -6.700e-04  3.000e-06  2.340e-02  2.080e-05 -1.020e-04
 2.9780e+00 -4.500e-03  2.390e-03 -1.381e-02  7.000e-03 -6.600e-04  3.000e-06  2.350e-02  2.050e-05 -1.030e-04
 3.0960e+00 -4.500e-03  2.380e-03 -1.394e-02  7.100e-03 -6.600e-04  4.000e-06  2.370e-02  2.030e-05 -1.050e-04
