#         t         u1         u2         u3        s11        s12        s13        s22        s23        s33
 0.0000e+00  0.000e+00  0.000e+00  0.000e+00  0.000e+00  0.000e+00  0.000e+00  0.000e+00  0.000e+00  0.000e+00
 1.2500e-01 -6.300e-05  9.000e-05  4.000e-05 -5.000e-05 -2.000e-05  7.000e-07  3.000e-04 -2.000e-06  9.000e-06
 2.5000e-01 -1.220e-04  1.900e-04  8.000e-05 -1.000e-04 -4.000e-05  1.500e-06  7.000e-04 -5.000e-06  1.700e-05
 3.7500e-01 -1.790e-04  2.700e-04  1.200e-04 -1.400e-04 -7.000e-05  2.300e-06  1.000e-03 -7.000e-06  2.500e-05
 5.0000e-01 -2.330e-04  3.600e-04  1.600e-04 -1.900e-04 -9.000e-05  3.000e-06  1.300e-03 -9.000e-06  3.200e-05
 6.2500e-01 -2.850e-04  4.400e-04  2.000e-04 -2.300e-04 -1.100e-04  3.700e-06  1.600e-03 -1.200e-05  4.000e-05
 7.5000e-01 -3.350e-04  5.100e-04  2.400e-04 -2.700e-04 -1.400e-04  4.400e-06  1.800e-03 -1.400e-05  4.700e-05
 8.7500e-01 -3.830e-04  5.800e-04  2.800e-04 -3.100e-04 -1.700e-04  5.100e-06  2.100e-03 -1.600e-05  5.400e-05
 1.0000e+00 -4.290e-04  6.500e-04  3.200e-04 -3.500e-04 -1.900e-04  5.800e-06  2.300e-03 -1.800e-05  6.100e-05
 1.1250e+00 -4.740e-04  7.200e-04  3.500e-04 -3.900e-04 -2.200e-04  6.400e-06  2.600e-03 -2.000e-05  6.800e-05
 1.2500e+00 -5.170e-04  7.800e-04  3.900e-04 -4.200e-04 -2.500e-04  7.100e-06  2.800e-03 -2.200e-05  7.400e-05
 1.3750e+00 -5.580e-04  8.400e-04  4.200e-04 -4.600e-04 -2.700e-04  7.700e-06  3.000e-03 -2.400e-05  8.100e-05
 1.5000e+00 -5.980e-04  8.900e-04  4.600e-04 -4.900e-04 -3.000e-04  8.300e-06  3.200e-03 -2.600e-05  8.700e-05
 1.6250e+00 -6.370e-04  9.500e-04  4.900e-04 -5.200e-04 -3.300e-04  8.900e-06  3.400e-03 -2.700e-05  9.300e-05
 1.7500e+00 -6.740e-04  1.000e-03  5.200e-04 -5.500e-04 -3.600e-04  9.500e-06  3.600e-03 -2.900e-05  9.900e-05
 1.8750e+00 -7.110e-04  1.050e-03  5.500e-04 -5.800e-04 -3.800e-04  1.010e-05  3.800e-03 -3.100e-05  1.050e-04
 2.0000e+00 -7.460e-04  1.100e-03  5.800e-04 -6.100e-04 -4.100e-04  1.070e-05  4.000e-03 -3.300e-05  1.100e-04
 2.1250e+00 -7.800e-04  1.150e-03  6.100e-04 -6.400e-04 -4.400e-04  1.120e-05  4.200e-03 -3.400e-05  1.160e-04
 2.2500e+00 -8.130e-04  1.190e-03  6.400e-04 -6.600e-04 -4.700e-04  1.180e-05  4.300e-03 -3.600e-05  1.210e-04
 2.3750e+00 -8.450e-04  1.240e-03  6.700e-04 -6.900e-04 -5.000e-04  1.230e-05  4.500e-03 -3.700e-05  1.260e-04
 2.5000e+00 -8.760e-04  1.280e-03  7.000e-04 -7.200e-04 -5.200e-04  1.280e-05  4.600e-03 -3.800e-05  1.310e-04
 2.6250e+00 -9.060e-04  1.320e-03  7.300e-04 -7.400e-04 -5.500e-04  1.330e-05  4.800e-03 -4.000e-05  1.360e-04
 2.7500e+00 -9.360e-04  1.360e-03  7.600e-04 -7.600e-04 -5.800e-04  1.380e-05  4.900e-03 -4.100e-05  1.400e-04
 2.8750e+00 -9.640e-04  1.400e-03  7.800e-04 -7.800e-04 -6.100e-04  1.430e-05  5.100e-03 -4.200e-05  1.450e-04
 3.0000e+00 -9.920e-04  1.440e-03  8.100e-04 -8.100e-04 -6.400e-04  1.480e-05  5.200e-03 -4.300e-05  1.490e-04
