#         t         u1         u2         u3        s11        s12        s13        s22        s23        s33
 0.0000e+00  0.000e+00  0.000e+00  0.000e+00  0.000e+00  0.000e+00  0.000e+00  0.000e+00  0.000e+00  0.000e+00
 1.2500e-01 -2.000e-04  2.780e-04  5.800e-05  3.173e-04 -2.200e-04  4.600e-06  6.000e-04 -4.300e-06  1.500e-05
 2.5000e-01 -4.000e-04  5.410e-04  1.140e-04  6.183e-04 -4.400e-04  9.100e-06  1.180e-03 -8.400e-06  2.930e-05
 3.7500e-01 -5.800e-04  7.890e-04  1.680e-04  9.043e-04 -6.500e-04  1.340e-05  1.720e-03 -1.230e-05  4.310e-05
 5.0000e-01 -7.700e-04  1.023e-03  2.200e-04  1.176e-03 -8.600e-04  1.760e-05  2.230e-03 -1.610e-05  5.630e-05
 6.2500e-01 -9.400e-04  1.244e-03  2.700e-04  1.435e-03 -1.060e-03  2.150e-05  2.710e-03 -1.980e-05  6.900e-05
 7.5000e-01 -1.110e-03  1.454e-03  3.180e-04  1.681e-03 -1.260e-03  2.530e-05  3.170e-03 -2.340e-05  8.120e-05
 8.7500e-01 -1.270e-03  1.652e-03  3.640e-04  1.915e-03 -1.440e-03  2.900e-05  3.610e-03 -2.680e-05  9.300e-05
 1.0000e+00 -1.420e-03  1.840e-03  4.090e-04  2.139e-03 -1.630e-03  3.250e-05  4.020e-03 -3.020e-05  1.044e-04
 1.1250e+00 -1.570e-03  2.018e-03  4.520e-04  2.352e-03 -1.810e-03  3.590e-05  4.410e-03 -3.340e-05  1.153e-04
 1.2500e+00 -1.720e-03  2.186e-03  4.940e-04  2.555e-03 -1.980e-03  3.910e-05  4.780e-03 -3.650e-05  1.257e-04
 1.3750e+00 -1.850e-03  2.346e-03  5.340e-04  2.750e-03 -2.150e-03  4.220e-05  5.140e-03 -3.950e-05  1.358e-04
 1.5000e+00 -1.990e-03  2.498e-03  5.730e-04  2.936e-03 -2.320e-03  4.520e-05  5.470e-03 -4.240e-05  1.457e-04
 1.6250e+00 -2.120e-03  2.643e-03  6.100e-04  3.113e-03 -2.480e-03  4.820e-05  5.800e-03 -4.520e-05  1.551e-04
 1.7500e+00 -2.240e-03  2.780e-03  6.460e-04  3.283e-03 -2.640e-03  5.110e-05  6.100e-03 -4.800e-05  1.642e-04
 1.8750e+00 -2.370e-03  2.911e-03  6.810e-04  3.446e-03 -2.790e-03  5.380e-05  6.390e-03 -5.060e-05  1.730e-04
 2.0000e+00 -2.480e-03  3.036e-03  7.150e-04  3.602e-03 -2.940e-03  5.650e-05  6.670e-03 -5.320e-05  1.815e-04
 2.1250e+00 -2.600e-03  3.155e-03  7.480e-04  3.751e-03 -3.090e-03  5.900e-05  6.930e-03 -5.570e-05  1.897e-04
 2.2500e+00 -2.710e-03  3.268e-03  7.800e-04  3.895e-03 -3.230e-03  6.150e-05  7.180e-03 -5.810e-05  1.977e-04
 2.3750e+00 -2.810e-03  3.376e-03  8.110e-04  4.033e-03 -3.370e-03  6.380e-05  7.430e-03 -6.050e-05  2.053e-04
 2.5000e+00 -2.920e-03  3.480e-03  8.410e-04  4.165e-03 -3.510e-03  6.610e-05  7.660e-03 -6.280e-05  2.128e-04
 2.6250e+00 -3.020e-03  3.579e-03  8.700e-04  4.292e-03 -3.640e-03  6.840e-05  7.880e-03 -6.500e-05  2.201e-04
 2.7500e+00 -3.110e-03  3.673e-03  8.980e-04  4.414e-03 -3.770e-03  7.050e-05  8.090e-03 -6.710e-05  2.270e-04
 2.8750e+00 -3.210e-03  3.764e-03  9.260e-04  4.532e-03 -3.900e-03  7.270e-05  8.290e-03 -6.920e-05  2.339e-04
 3.0000e+00 -3.300e-03  3.851e-03  9.520e-04  4.645e-03 -4.020e-03  7.470e-05  8.480e-03 -7.130e-05  2.404e-04
