#         t         u1         u2         u3        s11        s12        s13        s22        s23        s33
 0.0000e+00  0.000e+00  0.000e+00  0.000e+00  0.000e+00  0.000e+00  0.000e+00  0.000e+00  0.000e+00  0.000e+00
 1.2500e-01 -3.400e-04 -1.070e-04  2.170e-04  1.100e-03  3.610e-04  2.800e-06 -1.400e-04 -1.870e-05  2.240e-05
 2.5000e-01 -6.700e-04 -2.090e-04  4.290e-04  2.180e-03  7.150e-04  5.500e-06 -2.700e-04 -3.670e-05  4.420e-05
 3.7500e-01 -1.000e-03 -3.080e-04  6.350e-04  3.240e-03  1.063e-03  8.400e-06 -3.800e-04 -5.401e-05  6.540e-05
 5.0000e-01 -1.330e-03 -4.040e-04  8.360e-04  4.280e-03  1.404e-03  1.120e-05 -4.940e-04 -7.071e-05  8.600e-05
 6.2500e-01 -1.640e-03 -4.960e-04  1.032e-03  5.290e-03  1.739e-03  1.390e-05 -5.950e-04 -8.681e-05  1.063e-04
 7.5000e-01 -1.950e-03 -5.850e-04  1.223e-03  6.280e-03  2.067e-03  1.670e-05 -6.880e-04 -1.023e-04  1.261e-04
 8.7500e-01 -2.260e-03 -6.710e-04  1.410e-03  7.250e-03  2.390e-03  1.950e-05 -7.740e-04 -1.173e-04  1.455e-04
 1.0000e+00 -2.560e-03 -7.540e-04  1.592e-03  8.200e-03  2.707e-03  2.220e-05 -8.530e-04 -1.318e-04  1.645e-04
 1.1250e+00 -2.850e-03 -8.340e-04  1.769e-03  9.120e-03  3.017e-03  2.490e-05 -9.260e-04 -1.457e-04  1.830e-04
 1.2500e+00 -3.140e-03 -9.110e-04  1.943e-03  1.003e-02  3.322e-03  2.770e-05 -9.940e-04 -1.593e-04  2.011e-04
 1.3750e+00 -3.430e-03 -9.860e-04  2.112e-03  1.092e-02  3.621e-03  3.040e-05 -1.056e-03 -1.723e-04  2.190e-04
 1.5000e+00 -3.700e-03 -1.058e-03  2.278e-03  1.179e-02  3.915e-03  3.300e-05 -1.113e-03 -1.850e-04  2.364e-04
 1.6250e+00 -3.980e-03 -1.128e-03  2.439e-03  1.264e-02  4.203e-03  3.550e-05 -1.165e-03 -1.972e-04  2.535e-04
 1.7500e+00 -4.240e-03 -1.196e-03  2.597e-03  1.347e-02  4.485e-03  3.820e-05 -1.213e-03 -2.091e-04  2.704e-04
 1.8750e+00 -4.510e-03 -1.262e-03  2.751e-03  1.429e-02  4.763e-03  4.070e-05 -1.257e-03 -2.206e-04  2.867e-04
 2.0000e+00 -4.760e-03 -1.326e-03  2.902e-03  1.509e-02  5.035e-03  4.340e-05 -1.297e-03 -2.317e-04  3.027e-04
 2.1250e+00 -5.020e-03 -1.388e-03  3.049e-03  1.587e-02  5.302e-03  4.600e-05 -1.334e-03 -2.426e-04  3.184e-04
 2.2500e+00 -5.260e-03 -1.448e-03  3.193e-03  1.664e-02  5.567e-03  4.860e-05 -1.367e-03 -2.531e-04  3.337e-04
 2.3750e+00 -5.510e-03 -1.506e-03  3.334e-03  1.739e-02  5.817e-03  5.110e-05 -1.398e-03 -2.632e-04  3.488e-04
 2.5000e+00 -5.740e-03 -1.562e-03  3.471e-03  1.812e-02  6.077e-03  5.360e-05 -1.425e-03 -2.732e-04  3.636e-04
 2.6250e+00 -5.980e-03 -1.617e-03  3.605e-03  1.884e-02  6.317e-03  5.600e-05 -1.450e-03 -2.828e-04  3.781e-04
 2.7500e+00 -6.210e-03 -1.670e-03  3.737e-03  1.954e-02  6.567e-03  5.830e-05 -1.473e-03 -2.921e-04  3.922e-04
 2.8750e+00 -6.430e-03 -1.722e-03  3.865e-03  2.023e-02  6.807e-03  6.070e-05 -1.493e-03 -3.012e-04  4.060e-04
 3.0000e+00 -6.650e-03 -1.772e-03  3.991e-03  2.091e-02  7.037e-03  6.300e-05 -1.511e-03 -3.100e-04  4.197e-04
